0.000282356		0.998926		0.000404529		0.000387334		
0.000374939		0.0012307		0.997316		0.00107795		
0.996809		0.00116257		0.00138742		0.000641419		
0.149701		0.0459082		0.415669		0.388723		
0.425383		0.179431		0.187309		0.207877		
0.00150593		0.996113		0.00107542		0.00130537		
0.252693		0.471596		0.00342801		0.272282		
0.227783		0.270684		0.136874		0.364658		
0.999145		0.00015653		0.000639049		5.98896e-05		
0.017149		0.493569		0.35477		0.134512		
0.999719		0.000135368		7.47246e-05		7.11574e-05		
0.000240718		0.998949		9.61231e-05		0.00071394		
0.121688		0.417076		0.119725		0.341511		
0.000818124		0.997621		0.00142014		0.000140642		
0.377833		0.0837438		0.464039		0.0743842		
0.343885		0.271583		0.247842		0.136691		
0.173729		0.330085		0.368644		0.127542		
0.00012348		0.000332273		0.999129		0.000415341		
0.000453521		0.000120939		0.999133		0.000292727		
0.0601552		0.529754		0.0834411		0.326649		
0.000111708		0.000117914		0.000938347		0.998832		
0.363805		0.063109		0.319258		0.253828		
0.300809		0.457143		0.17035		0.0716981		
0.00172006		0.996746		0.00116386		0.000369985		
0.998184		0.000321358		0.000749257		0.000745792		
0.000384675		0.00194141		0.996117		0.00155673		
0.000195932		0.00144397		0.997105		0.00125463		
0.173557		0.277528		0.293492		0.255424		
0.000415039		0.00180855		0.00109672		0.99668		
0.403554		0.08886		0.204595		0.302991		
0.000882736		0.997309		0.00128466		0.000524007		
0.000807433		0.997336		0.00120108		0.000655555		
0.000485728		0.0013709		0.997453		0.000690245		
0.0350761		0.371939		0.0476506		0.545334		
0.277174		0.403533		0.13587		0.183424		
0.000604697		0.00118232		0.000451266		0.997762		
0.000222091		0.000363223		0.000578749		0.998836		
0.999582		4.24207e-05		6.98694e-05		0.000305679		
0.000465174		0.0009956		0.997887		0.000652507		
0.000161672		0.000970032		0.996988		0.00188001		
0.218391		0.257402		0.259143		0.265064		
1.65273e-06		0.000383432		0.999234		0.00038054		
0.193398		0.147694		0.33686		0.322048		
0.274902		0.182864		0.299728		0.242507		
0.996938		0.000480425		0.00110345		0.00147862		
0.0387305		0.156536		0.277031		0.527703		
2.51579e-05		0.000755522		0.999004		0.000215414		
0.00257048		0.00115691		0.99623		4.21391e-05		
0.000623596		0.998238		0.000561948		0.000576175		
0.287556		0.21917		0.149664		0.34361		
0.998949		0.000467429		0.000425049		0.000158303		
0.199383		0.245679		0.307407		0.247531		
0.00103055		0.00049429		0.000268129		0.998207		
0.0699734		0.213463		0.247121		0.469442		
3.35118e-05		0.999734		0.000194721		3.73921e-05		
0.458054		0.402125		0.0900447		0.0497763		
0.193027		0.281093		0.245507		0.280374		
0.0565642		0.194134		0.599162		0.15014		
0.450661		0.0503561		0.260936		0.238047		
0.000885373		0.996313		0.00256603		0.000236099		
0.305677		0.124454		0.187045		0.382824		
0.000156394		0.000791063		0.998324		0.000728324		
0.267323		0.198442		0.344813		0.189422		
0.416446		0.282935		0.116711		0.183908		
9.35402e-05		0.997723		0.00211904		6.47586e-05		
0.996586		0.000327048		0.00185859		0.00122842		
0.0945		0.2475		0.173		0.485		
0.337459		0.125081		0.160261		0.377199		
0.0548217		0.509908		0.435271		0		
0.131925		0.193304		0.320048		0.354723		
0.996578		5.5913e-05		0.00137546		0.0019905		
0.99827		0.000369401		0.000903714		0.000457354		
0.00114435		0.00168118		0.996461		0.000713534		
0.442308		0.00221893		0.0517751		0.503698		
0.611577		0.0276846		0.310403		0.0503356		
0.000280406		0.000119747		0.999324		0.000275628		
0.339801		0.146303		0.281594		0.232302		
0.00158224		0.000924456		0.997242		0.000251114		
0.99825		9.45946e-05		0.00151577		0.00013964		
0.262174		0.262174		0.184898		0.290755		
0.406919		0.107874		0.294492		0.190715		
0.333689		0.291711		0.289577		0.0850231		
0.000270162		0.998258		0.000614285		0.00085774		
0.00164945		0.000792191		0.000144292		0.997414		
0.144524		0.325404		0.207361		0.322711		
0.00043867		0.000146957		0.000215155		0.999199		
0.996164		0.000426215		0.00313694		0.000272778		
0.000956578		0.998		0.000374595		0.000668827		
0.000125579		0.000260845		0.999516		9.79514e-05		
0.00181961		0.996961		0.000961414		0.000258034		
0.254231		0.260248		0.232418		0.253103		
0.187653		0.370809		0.147588		0.293949		
0.00191468		0.000410693		0.000147283		0.997527		
0.000106545		0.998305		0.000950545		0.000638223		
0.000193219		0.997512		0.000980232		0.00131483		
0.000329485		0.998941		0.000410016		0.000319093		
0.450626		0.354196		0.0880853		0.107093		
0.387633		0.262687		0.0473348		0.302345		
7.52551e-05		0.999		0.000881378		4.33673e-05		
0.190431		0.316223		0.306084		0.187262		
0.201309		0.0035229		0.399094		0.396074		
0.996727		0.0012231		0.00121915		0.000831182		
0.00034997		0.00044138		0.997297		0.00191178		
0.000321109		0.998906		0.000382662		0.000389979		
0.279249		0.141069		0.323062		0.25662		
0.487673		0.061144		0.259369		0.191815		
0.175082		0.289791		0.255763		0.279363		
0.394723		0.230079		0.03219		0.343008		
0.996551		4.42491e-06		0.00213944		0.00130535		
0.000762601		0.997031		0.000972572		0.00123358		
0.112514		0.186441		0.356653		0.344392		
0.000642609		0.998184		0.00077994		0.000393857		
0.000170229		0.999535		0.00026497		2.96449e-05		
0.00201315		1.41439e-05		0.996605		0.00136724		
0.355397		0.127609		0.347048		0.169946		
0.997652		0.00157765		0.000767113		2.89477e-06		
0.999141		0.000589669		8.87853e-05		0.000180921		
0.0986051		0.425204		0.0596441		0.416546		
0.000635231		0.000326866		0.000377747		0.99866		
0.000725157		0.997773		0.000855356		0.000646049		
0.00159966		0.00140888		0.996859		0.000132082		
0.000199336		0.00018232		0.998867		0.000751157		
0.103159		0.389844		0.309476		0.197521		
0.416632		0.120958		0.333473		0.128937		
0.165818		0.256137		0.147754		0.430292		
0.999566		0.000107323		0.000189513		0.000136758		
0.000261884		0.999359		0.000175097		0.000203645		
0.00127679		0.997563		0.000753082		0.000407632		
0.128993		0.319046		0.283866		0.268095		
0.000209244		0.00032904		0.00139922		0.998062		
0.000513208		0.000553725		0.998098		0.000835411		
0.116523		0.353868		0.296084		0.233524		
0.0892857		0.0267857		0.820312		0.0636161		
0.260784		0.238227		0.280174		0.220815		
0.996684		0.00234703		0.00069885		0.000270523		
0.000931727		0.00175081		0.000294029		0.997023		
0.0990796		0.429886		0.125609		0.345425		
0.00108447		0.000132012		0.99873		5.30514e-05		
0.398674		0.0473485		0.316288		0.237689		
0.998531		0.000517487		0.000439103		0.00051216		
0.000828022		0.996652		0.00138146		0.00113817		
0.283163		0.304528		0.277423		0.134885		
0.0711297		0.288703		0.0969317		0.543236		
0.00034156		0.000509487		0.998555		0.000594266		
0.199184		0.157036		0.629504		0.014276		
0.303934		0.189721		0.211929		0.294416		
0.263296		0.283322		0.255745		0.197636		
1.2048e-05		0.999926		6.13984e-05		7.72307e-07		
0.000172131		0.999184		0.000258861		0.000385415		
0.99998		5.07471e-06		1.24522e-05		2.0043e-06		
0.000240708		4.66552e-05		0.999398		0.0003142		
0.998465		0.000363849		0.000544877		0.00062643		
0.000795017		0.000147225		0.00254994		0.996508		
2.53125e-05		2.09375e-05		6.25e-07		0.999953		
0.046875		0.0265625		0.321875		0.604688		
0.000716658		0.0015444		0.000469411		0.99727		
0.291306		0.258739		0.182552		0.267404		
0.000484791		0.000356892		1.37855e-05		0.999145		
0.204762		0.350794		0.0948413		0.349603		
0.410532		0.160249		0.182899		0.246319		
0.298065		0.275699		0.0223656		0.403871		
0.000644108		0.00115451		0.00105685		0.997145		
0.366738		0.371855		0.0550107		0.206397		
0.04		0.246842		0.478421		0.234737		
0.00048798		0.00101765		0.996961		0.00153343		
0.106948		0.242997		0.3012		0.348854		
0.349362		0.154468		0.277447		0.218723		
0.997281		0.000702904		0.0015323		0.000483547		
0.104988		0.25		0.0788863		0.566125		
0.330601		0.130055		0.166667		0.372678		
9.44625e-05		0.00116154		0.996145		0.00259947		
0		0.298227		0.32951		0.372263		
0.143804		0.297555		0.375881		0.18276		
0.998719		0.000414101		0.000360835		0.000506314		
0.998387		0.00033265		0.00038833		0.000892302		
0.344712		0.244527		0.311317		0.0994434		
0.0885459		0.243704		0.305849		0.361901		
0.00134447		0.000141311		0.00115875		0.997355		
0.219124		0.00996016		0.333997		0.436919		
0.228222		0.252266		0.190382		0.329129		
0.241711		0.201826		0.325324		0.231139		
0.295034		0.0681597		0.211295		0.425511		
0.00067805		0.00099976		0.997453		0.000869065		
0.000173788		0.999523		0.000171326		0.000131449		
4.82727e-05		0.999754		8.04141e-05		0.000117407		
0.99943		0.000247452		1.11716e-06		0.000321743		
0.998113		0.000112597		0.00140746		0.000366661		
0.000225958		0.000757827		0.000879497		0.998137		
0.329369		0.28774		0.0265325		0.356359		
0.322968		0.0911075		0.404255		0.181669		
0.00121899		0.00115014		0.997047		0.000583994		
0.000479912		0.000406714		0.999		0.000113374		
0.0281158		0.341167		0.254721		0.375997		
0.00114868		0.997117		0.0012339		0.000500231		
0.0685921		0.22142		0.708785		0.00120337		
0.000258963		0.000420096		0.998711		0.000610003		
0.00020752		0.000596776		0.998672		0.00052383		
0.0383142		0.374521		0.484674		0.10249		
0.999559		0.000237331		7.6717e-05		0.000127358		
0.0997531		0.36642		0.405926		0.127901		
0.363506		0.123869		0.468318		0.0443068		
0.268412		0.235581		0.414818		0.081189		
0.000674762		0.000728743		0.998508		8.8683e-05		
0.311747		0.30166		0.219004		0.167589		
0.00115215		0.000707528		0.000784854		0.997355		
9.13398e-05		0.998203		0.0011638		0.00054174		
0.000167425		5.35621e-06		0.999711		0.000116282		
0.181588		0.210304		0.539696		0.0684122		
0.000212913		0.000102699		0.999195		0.000489075		
0.0401035		0.223803		0.0543338		0.681759		
0.347826		0.130435		0.259954		0.261785		
0.99618		0.00165322		0		0.0021671		
0.413646		0.328358		0.161194		0.0968017		
0.235559		0.324831		0.288822		0.150788		
0.000430269		0.000296358		0.998938		0.000335873		
0.000771677		0.997742		0.000538164		0.000947972		
2.16446e-06		0.000431448		0.998953		0.000613262		
0.996289		0.00241579		0.00105473		0.000240416		
0.263742		0.210888		0.332452		0.192918		
0.265928		0.302632		0.100416		0.331025		
0.00120893		0.000445576		0.997852		0.000493933		
0.349494		0.0459528		0.415261		0.189292		
0.227577		0.0314592		0.568273		0.172691		
0.316106		0.0933494		0.249199		0.341346		
0.0847933		0.422565		0.151367		0.341275		
0.417361		0.121		0.118369		0.34327		
2.4575e-05		0.996793		0.00185541		0.00132705		
0.0829639		0.428752		0.120963		0.367321		
0.000928017		0.000761725		0.00175948		0.996551		
0.133642		0.33856		0.184961		0.342837		
0.000846349		0.000556491		0.000448723		0.998148		
0.206128		0.246982		0.18013		0.36676		
0.24304		0.307998		0.114892		0.33407		
0.00126212		0.00101966		0.00137837		0.99634		
0.396673		0.163306		0.21119		0.228831		
0.000551025		0.998555		0.000219808		0.000674479		
0.164323		0.160305		0.294496		0.380876		
0.388274		0.15708		0.40708		0.0475664		
0.0612053		0.285311		0.422787		0.230697		
0.000320163		0.997078		0.0014454		0.00115632		
0.999004		8.92199e-05		0.000386815		0.000520058		
0.999902		5.50729e-05		1.63553e-05		2.6228e-05		
0.00568586		0.276475		0.462687		0.255153		
0.000946117		0.000445052		0.998551		5.80502e-05		
0.000737788		0.00106192		0.997336		0.000864354		
0.000122828		0.00245655		0.996938		0.000483122		
2.62918e-05		0.999273		0.000288198		0.000412073		
0.220401		0.512447		0.2034		0.0637523		
0.407516		0.200235		0.128597		0.263652		
0		0.00196023		0.997437		0.000602273		
0.000865653		0.997148		0.00187316		0.000112753		
9.29548e-05		0.000234379		0.999348		0.00032501		
5.94753e-06		0.000536359		0.998922		0.000535818		
0.00067215		0.00071275		0.998246		0.000369006		
0.000509551		0.998391		0.000963607		0.000136217		
0.197605		0.278776		0.24684		0.27678		
0.053056		0.335314		0.370543		0.241087		
0.323103		0.501674		0.0597098		0.115513		
0.000116062		0.00024376		0.000105022		0.999535		
0.261031		0.229447		0.459359		0.0501626		
4.8325e-05		0.998414		0.00112905		0.000408566		
0.997246		0.00112087		0.0010663		0.000566734		
0.341286		0.336445		0.00484094		0.317427		
0.0833333		0.326503		0.185109		0.405055		
0.240262		0.277394		0.267201		0.215144		
0.159218		0.405028		0.0956704		0.340084		
0.00159236		0.405255		0.163217		0.429936		
0.996445		0.00279728		7.5439e-05		0.000681969		
1.85198e-05		1.94824e-05		8.87277e-06		0.999953		
0.14371		0.244202		0.334505		0.277583		
0.271277		0.199088		0.24734		0.282295		
0.0879665		0.335491		0.225438		0.351104		
0.19799		0.0559441		0.339161		0.406906		
0.000733059		0.00145199		0.997672		0.000143079		
0.000475172		0.000533316		0.998539		0.00045245		
0.00129571		0.996695		0.0019098		9.91828e-05		
0.266923		0.379741		0.286126		0.0672108		
0.000783457		0.000857743		0.997891		0.000468174		
0.170462		0.574154		0.172308		0.0830769		
0.998227		0.00038799		0.000669283		0.000716165		
0.564591		0.324683		0.00865052		0.102076		
0.00107757		0.000220247		0.997539		0.00116312		
0.331944		0.360648		0.025463		0.281944		
0.118491		0.36		0.144906		0.376604		
0.280268		0.26393		0.301215		0.154587		
0.000584219		0.000164755		0.998879		0.00037212		
0.001539		0.997121		0.00126226		7.76468e-05		
0.103055		0.0729594		0.385773		0.438212		
0.271976		0.00696258		0.364665		0.356397		
0.000298828		0.000165234		9.84375e-05		0.999437		
0.000106181		0.998254		0.000787244		0.000852669		
0.000196573		0.998984		0.000220514		0.000598538		
0.309531		0.311104		0.202579		0.176785		
0.221971		0.236438		0.330018		0.211573		
0.498915		0.15564		0.310738		0.0347072		
0.999008		0.000335522		0.000399141		0.000257524		
0.000656683		6.31573e-05		0.998566		0.000713753		
0.997082		0.000888951		0.000462054		0.00156696		
0.146559		0.150607		0.683401		0.0194332		
0.287935		0.152985		0.29602		0.26306		
0.000774368		0.000313548		0.000966772		0.997945		
0.171527		0.428388		0.0707547		0.329331		
0.0218921		0.158718		0.480844		0.338546		
0.145289		0.446652		0.27639		0.131669		
0.271766		0.31367		0.133035		0.28153		
0.000201431		0.997633		0.00118212		0.000983633		
0.0482709		0.25		0.105908		0.595821		
0.0014421		4.49917e-05		0.996488		0.00202463		
0.000688976		0.000856741		0.997754		0.000700377		
0.000851048		4.17541e-05		0.000532979		0.998574		
0.0604651		0.206202		0.256589		0.476744		
0.0774083		0.364679		0.441514		0.116399		
0.000558676		0.000220599		0.998949		0.000271506		
0.00109503		0.000331391		0.000682953		0.997891		
0.362806		0.244063		0.261966		0.131166		
0.291696		0.528744		0.0830376		0.0965224		
0.295894		0.188003		0.318438		0.197665		
0.000238281		0.998332		0.000623781		0.000805907		
0.150352		0.0407204		0.0775255		0.731402		
2.96399e-05		0.0001976		0.999367		0.000405573		
0.169834		0.21755		0.308937		0.30368		
0.178534		0.304455		0.276745		0.240267		
0.437725		0.342693		0.0676746		0.151908		
0.179617		0.363269		0.336529		0.120585		
0.000400399		0.000161721		0.000262099		0.999176		
0.00119251		0.00187449		0.000100964		0.996832		
0.00142892		0.996586		0.00168785		0.000297292		
0.108154		0.244285		0.331627		0.315933		
0.00115219		0.998363		0.000183139		0.000301387		
0.000189319		0.99857		5.87543e-05		0.00118161		
0.00121705		0.000431003		0.000680067		0.997672		
0.30186		0.200465		0.418605		0.0790698		
0.000174882		0.999703		7.2422e-05		4.95713e-05		
0.287243		0.0706336		0.296233		0.34589		
0.370086		0.167194		0.220063		0.242657		
0.398258		0.250229		0.170486		0.181027		
0.111489		0.371915		0.0774468		0.439149		
0.00122387		0.000885782		0.000780976		0.997109		
0.996812		0.00119727		0.000189865		0.00180037		
0.346353		0.286043		0.211373		0.156232		
0.000761575		0.00126566		0.00085558		0.997117		
0.997445		0.000954378		0.000786135		0.000814175		
0.000116682		0.000515631		0.000547375		0.99882		
0.999277		8.16087e-05		0.000273427		0.00036762		
0.997957		0.000662083		0.000407939		0.000972946		
0.133288		0.21205		0.333221		0.321441		
0.388819		0.259422		0.133794		0.217965		
0.998629		0.000672312		4.4115e-06		0.00069437		
0.00153938		0.997633		0.000339186		0.000488618		
0.326879		0.198178		0.329157		0.145786		
0.000808174		0.000607423		0.998148		0.000435966		
0.00127691		0.000837971		0.997281		0.000603871		
0.00915033		0.618301		0.258824		0.113725		
0.000729924		0.998434		0.000274007		0.000562475		
0.00119077		0.998035		0.000526659		0.000247414		
0.319676		0.0930431		0.220657		0.366624		
5.70359e-05		0.000680727		0.999129		0.000133331		
0.26697		0.185421		0.27426		0.273349		
0.44698		0.346309		0.0277405		0.178971		
0.0108247		0.391753		0.0917526		0.50567		
0.99677		0.00127965		0.00130446		0.000646355		
0.218846		0.140385		0.361923		0.278846		
0.000431514		0.000714084		0.998801		5.36201e-05		
0.157996		0.427746		0.0289017		0.385356		
0.109335		0.00895141		0.491688		0.390026		
0.466914		0.0746427		0.194812		0.263632		
0.000238407		1.49472e-05		0.999328		0.000418521		
0.00191663		0.997121		0.000644827		0.000317453		
0.000273227		0.000320634		0.000124889		0.999281		
0.000923993		0.997367		0.00136738		0.00034144		
0.000685615		0.000711893		0.998223		0.000379836		
0.00196976		0.000843672		0.0007686		0.996418		
0.168195		0.335684		0.339915		0.156206		
0.177678		0.341545		0.303471		0.177305		
0.344505		0.0561185		0.508963		0.0904131		
0.00153376		0.99775		0.000495295		0.000220949		
0.00141038		0.996707		0.000832562		0.00105002		
0.0762372		0.255907		0.385198		0.282657		
0.301664		0.221072		0.312754		0.16451		
0.00230007		0.000543746		0.997023		0.000132745		
0.0882709		0.209593		0.381701		0.320435		
0.118327		0.370107		0.272242		0.239324		
0.00149644		0.000110533		0.00123287		0.99716		
0.492545		0.292744		0.0183897		0.196322		
0.00220369		0.996145		0.00163986		1.19118e-05		
0.000631286		0.997398		0.00109755		0.000872725		
0.15109		0.485462		0.143302		0.220145		
0.000660691		0.996352		0.00138202		0.00160573		
0.000590171		0.997164		0.00139849		0.000847275		
0.000201828		0.999559		0.000209854		2.97243e-05		
8.72782e-05		0.000119205		0.999758		3.57047e-05		
0.34966		0.286621		0.0435374		0.320181		
0.000472666		0.00136952		0.997969		0.000189066		
0.00179606		0.000343845		0.99732		0.000539779		
0.376168		0.378894		0.0459502		0.198988		
0.996781		0.000890123		0.000472878		0.00185575		
0.0016613		0.00148496		0.000248267		0.996605		
0.99727		0.000907507		0.000610745		0.00121222		
0.00207996		0.000493324		0.000911093		0.996516		
0.000675599		0.00129049		0.00137766		0.996656		
0.00129218		0.00133427		0.996742		0.000631359		
6.39471e-05		0.00163332		0.997871		0.000431643		
0.446898		0.223975		0.21346		0.115668		
0.195833		0.297083		0.112917		0.394167		
0.295741		0.213557		0.281344		0.209358		
5.51471e-06		0.000555147		0.000439338		0.999		
0.258065		0.174194		0.359305		0.208437		
0.999039		0.000315763		0.000471474		0.000173701		
0.380617		0.188746		0.292692		0.137945		
0.998195		0.000295889		0.000958116		0.000550682		
0.000238991		0.000489493		0.000384797		0.998887		
0.00117413		0.000906603		0.00104036		0.996879		
0.109785		0.022673		0.227924		0.639618		
0.996281		0.00138314		0.00230248		3.31292e-05		
0.276876		0.136025		0.320755		0.266345		
0.997863		0.000478117		0.000391379		0.00126722		
0.24239		0.368095		0.259865		0.129651		
0.000958712		0.997336		0.00110068		0.000604672		
0.00129527		0.00125144		0.996801		0.000652504		
0.00013427		1.82836e-05		0.999809		3.88526e-05		
0.00109929		0.000342898		0.997504		0.00105391		
0.0108634		0.128073		0.476272		0.384791		
0.461111		0.107778		0.407778		0.0233333		
0.00110487		0.00160226		0.996113		0.00117958		
0.405709		0.153547		0.293685		0.147059		
0.151481		0.412301		0.103645		0.332574		
0.000243103		0.000224808		0.999359		0.000172714		
0.270679		0.211922		0.236167		0.281232		
0.00038289		0.000197574		0.998914		0.000505473		
0.99673		0.00178262		0.00115346		0.000333454		
0.223634		0.192071		0.258276		0.32602		
0.371516		0.341028		0.126742		0.160714		
0.000129251		6.03171e-05		0.000103401		0.999707		
0.000184474		0.00125844		0.000162556		0.998395		
0.00221396		0.00144759		0.996234		0.000104075		
0.0249207		0.23652		0.450385		0.288174		
0.200422		0.251658		0.285714		0.262206		
0.999062		0.000546374		0.000189546		0.000201581		
0.00108173		0.000969182		0.0014569		0.996492		
0.332446		0.30183		0.0452579		0.320466		
0.998555		0.000545127		0.000209867		0.000690318		
0.134615		0.446678		0.269231		0.149476		
0.000462336		0.000342778		0.999		0.000194886		
0.087234		0.515426		0.364362		0.0329787		
0.9985		0.000881579		0.000541498		7.69231e-05		
0.000329008		0.000720161		0.00157193		0.997379		
0.294933		0.204267		0.469333		0.0314667		
0.214883		0.091922		0.376045		0.317151		
0.226568		0.238007		0.334686		0.200738		
0.335761		0.222691		0.0858567		0.355692		
0.178571		0.089881		0.507738		0.22381		
0.996578		0.000923427		0.00124323		0.00125522		
0.000239521		0.000219686		0.000228293		0.999313		
0.327331		0.363345		0.132053		0.177271		
0.0020384		0.000668089		0.996191		0.0011021		
0.000474545		0.00046887		0.000466742		0.99859		
0.998477		0.000687561		0.000144653		0.000691223		
0.0573328		0.213959		0.374325		0.354383		
0.212609		0.201739		0.29913		0.286522		
1.75415e-05		2.91575e-05		2.36135e-05		0.99993		
0.0758102		0.0185185		0.417245		0.488426		
0.189229		0.415818		0.266376		0.128578		
0.380651		0.166365		0.183092		0.269892		
0.288431		0.149533		0.320657		0.241379		
0.322667		0.376667		0.205333		0.0953333		
0.239153		0.210935		0.312875		0.237037		
0.000285094		0.000353473		0.000361433		0.999		
0.288693		0.343625		0.232558		0.135124		
0.00109366		0.996977		0.000917308		0.00101246		
0.0936405		0.397096		0.429644		0.0796194		
0.203463		0.393939		0.371813		0.030784		
0.546073		0.229607		0.128399		0.0959215		
0.000522852		0.000190929		0.00055575		0.99873		
0.000133692		0.000285269		0.000291976		0.999289		
0.000179036		0.998047		0.00070917		0.00106492		
0.000988592		0.000418053		0.00042148		0.998172		
0.998797		0.000262567		0.000377209		0.000563348		
0.25535		0.287451		0.084144		0.373054		
0.000783203		0.99816		0.000685547		0.000371094		
0.325667		0.338546		0.134775		0.201012		
0.000395395		0.996473		0.00150666		0.00162528		
0.000711284		0.00256716		0.000502804		0.996219		
0.000860752		0.997684		0.000471508		0.000984147		
0.234653		0.246535		0.20396		0.314851		
0.000923278		0.0011555		0.996449		0.001472		
0.999789		5.13885e-06		9.28663e-05		0.000112932		
0.00164634		0.00102238		0.000815652		0.996516		
0.000557465		0.000664052		0.998457		0.000321452		
0.389624		0.0584944		0.365209		0.186673		
0.263051		0.284068		0.155932		0.296949		
0.999223		0.000159425		0.000239335		0.000378584		
0.229734		0.281961		0.293175		0.19513		
0.276146		0.0912652		0.330591		0.301998		
0.181818		0.388972		0.058619		0.370591		
0.000275493		0.999078		0.000495888		0.000150493		
0.0118496		0.394127		0.264812		0.329212		
0.304198		0.0289057		0.392292		0.274604		
0.176615		0.388308		0.281846		0.153231		
0.000117742		0.000328076		0.999363		0.000190901		
0.0556881		0.22673		0.171838		0.545744		
0.226864		0.19725		0.0661026		0.509783		
0.214408		0.313036		0.41295		0.0596055		
0.196126		0.258596		0.469249		0.0760291		
0.178596		0.0972898		0.127867		0.596247		
0.313312		0.0197221		0.225011		0.441954		
0.996207		0.00217143		0.00137856		0.000242975		
0.301119		0.145432		0.263518		0.289932		
0.391937		0.00839866		0.129899		0.469765		
0.000126587		0.997508		0.00058151		0.00178409		
0.116714		0.258235		0.346076		0.278975		
0.999035		0.000394976		0.000269382		0.000300487		
0.544014		0.0897887		0.309859		0.056338		
0.99748		0.000662081		0.000919669		0.000937781		
0.128609		0.674541		0.0769904		0.11986		
0.217612		0.130936		0.437068		0.214385		
0.329922		0.235709		0.215243		0.219125		
0.126582		0.248101		0.613502		0.0118143		
0.000474816		0.000361273		0.998484		0.000679537		
0.00181488		0.362976		0.210526		0.424682		
0.00108527		0.000407996		0.00226846		0.996238		
0.997125		0.00152582		1.8505e-05		0.00133068		
0.264031		0.325255		0.357993		0.0527211		
0.23215		0.0563035		0.321093		0.390453		
0.0011294		0.997297		0.000389392		0.00118433		
0.0321127		0.376901		0.381408		0.209577		
0.386951		0.338121		0.261387		0.0135412		
0.996695		0.000778534		0.0013461		0.00118005		
0.456693		0.430042		0.0127196		0.100545		
0.142602		0.271836		0.524955		0.0606061		
0.184028		0.443866		0.342014		0.0300926		
0.624277		0.0703276		0.285164		0.0202312		
8.84086e-05		0.999062		0.000383718		0.000465373		
0.000700263		0.00166074		0.996414		0.00122493		
0.00154558		0.998066		0.000205323		0.000182689		
0.378036		0.281415		0.136748		0.203801		
0.307748		0.286025		0.0984794		0.307748		
0.000863236		0.000373291		0.000982223		0.997781		
0.000135253		3.64144e-05		0.000367395		0.999461		
0.999246		0.000627029		3.76953e-05		8.91816e-05		
0.000943718		0.000617248		0.997969		0.000470284		
0.0016114		0.996195		0.000523704		0.00166959		
0.226994		0.199727		0.535787		0.0374915		
0.000408626		3.89579e-05		0.999191		0.00036101		
0.00157519		0.000266923		0.997441		0.000716476		
0.000845304		0.000952351		0.997652		0.000550001		
0.996234		0.00146463		0.00025523		0.00204577		
0.996914		0.00112508		0.00053361		0.00142725		
0.000375074		0.000399633		0.999059		0.0001667		
0.143709		0.524747		0.248658		0.0828861		
0.000279658		0.999305		0.000163536		0.000252118		
0.109284		0.308511		0.395068		0.187137		
0.170678		0.189643		0.622174		0.0175055		
0.998516		0.000253338		0.000573295		0.000657741		
0.00070873		0.000178028		0.000937461		0.998176		
0.356649		0.373174		0.229439		0.0407379		
0.284597		0.0166259		0.313447		0.38533		
0.182711		0.396202		0		0.421087		
0.998984		0.000626338		0.000223278		0.000166009		
0.996367		0.00127621		0.00231946		3.71384e-05		
0.270548		0.145548		0.130993		0.452911		
0.00141224		0.000357725		0.998137		9.33196e-05		
0.999129		0.000259505		0.000234723		0.000376866		
0.24751		0.321713		0.258466		0.172311		
0.00256995		0.000317278		0.000343237		0.99677		
0.341474		0.0556984		0.403599		0.199229		
2.52681e-05		0.000228899		0.999629		0.000116927		
0.999398		0.000239213		0.000295683		6.6666e-05		
6.25719e-05		0.000380124		0.000463554		0.999094		
0.207786		0.0501217		0.39854		0.343552		
0.0017537		0.996371		0.00131663		0.000558572		
0.258448		0.148501		0.169919		0.423132		
0.151482		0.194609		0.418868		0.23504		
0.0438034		0.434295		0.364316		0.157585		
0.405524		0.181938		0.0556773		0.356861		
0.000722585		0.00196864		0.996461		0.000847833		
0.996914		0.000609309		0.00118185		0.00129478		
0.310794		0.346232		0.270468		0.0725051		
0.000827638		0.000294171		0.000350847		0.998527		
0.00614754		0.0252732		0.329918		0.638661		
0.000345335		0.997617		0.00142739		0.000610092		
0.998121		0.000370737		0.000786871		0.000721298		
0.0453988		0.0398773		0.401227		0.513497		
0.00107885		0.000573857		0.000968384		0.997379		
0.000934679		0.99716		0.000909985		0.00099518		
3.79509e-05		2.34845e-05		0.999906		3.23146e-05		
0.15541		0.300188		0.282677		0.261726		
0.260612		0.201876		0.0661402		0.471372		
0.999453		3.62782e-05		0.000312996		0.000197601		
0.000340325		0.000113833		0.000373967		0.999172		
2.41591e-05		5.71034e-06		0.999891		7.95055e-05		
0.264603		0.123814		0.422366		0.189216		
0.0481814		0.102031		0.385451		0.464336		
0.141585		0.439756		0.211439		0.20722		
0.00108475		0.000853125		0.997867		0.000194934		
0.249594		0.187094		0.321834		0.241477		
0.000363545		0.000932507		0.000871917		0.997832		
0.996563		0.000358314		0.00101946		0.00205973		
0.222101		0.318745		0.126915		0.332239		
0.00116288		0.996875		0.00135734		0.000604776		
0.328371		0.3445		0.157982		0.169148		
0.234043		0.473404		0.182181		0.110372		
0.000443217		0.000486968		0.00056591		0.998504		
0.41897		0.0226131		0.312814		0.245603		
0.277288		0.283033		0.347759		0.0919188		
0.361559		0.313975		0.220682		0.103784		
0.262834		0.316222		0.321697		0.0992471		
0.353585		0.467433		0.134647		0.044335		
0.996164		0.000524664		0.00132237		0.00198891		
0.107548		0.0875084		0.436206		0.368737		
0.998527		0.000371033		0.000926626		0.000174997		
0.000224306		0.999375		0.000204226		0.000196468		
0.436929		0.00365631		0.338208		0.221207		
0.00093899		0.996871		0.00124615		0.000943765		
0.233049		0.124861		0.349018		0.293072		
0.00136974		0.000469089		0.000489296		0.997672		
0.176859		0.52458		0.0257794		0.272782		
1.95772e-05		4.33824e-05		0.999898		3.86029e-05		
0.0348837		0.174419		0.55814		0.232558		
0.998539		0.000387325		0.000377752		0.00069586		
0.722662		0.139461		0.0554675		0.0824089		
0.00123767		0.998687		3.89111e-05		3.59179e-05		
2.12788e-05		3.78289e-05		0.000210424		0.99973		
0.389171		0.129442		0.354907		0.126481		
0.196097		0.261568		0.228517		0.313818		
0.105927		0.362757		0.187053		0.344262		
0.359407		0.138908		0.487525		0.0141605		
0.0426076		0.361738		0.392416		0.203238		
0.29623		0.286056		0.286655		0.131059		
0.000360625		0.00187135		0.997746		2.19299e-05		
0.000583342		0.998473		0.000647091		0.000296911		
0.000207043		0.997641		0.000625678		0.00152665		
0.427959		0.296741		0.0823328		0.192967		
0.0582174		0.477589		0.229263		0.23493		
0.000226639		0.000964671		0.997051		0.00175791		
0.0415296		0.397204		0.214227		0.347039		
0.0905606		0.280307		0.408241		0.220891		
0.293559		0.268329		0.242208		0.195904		
0.321739		0.278656		0.155731		0.243874		
0.996645		0.000889537		0.000709378		0.00175655		
0.000274414		0.000761609		0.00115929		0.997805		
0.000939141		0.00193455		0.000395836		0.99673		
0.000364564		0.999215		7.19285e-05		0.000348664		
0.000361692		9.94078e-05		0.999207		0.000331869		
0.154867		0.0589971		0.339233		0.446903		
0.390501		0.30343		0.203826		0.102243		
0.39846		0.142926		0.138114		0.3205		
8.57856e-05		0.000285603		0.000112986		0.999516		
0.253234		0.377114		0.0507463		0.318905		
0.227613		0.370809		0.0871795		0.314398		
0.182587		0.370668		0.28191		0.164835		
0.0924938		0.302383		0.332266		0.272857		
4.75235e-05		0.999551		0.000270919		0.000130776		
0.0576998		0.348538		0.31462		0.279142		
0.28651		0.202998		0.226981		0.283512		
0.000830888		0.000589217		0.998207		0.000372864		
0.247833		0.422743		0.27282		0.0566038		
0.467089		0.028481		0.132278		0.372152		
0.00112831		0.997555		1.15527e-05		0.00130545		
0.402423		0.223419		0.228354		0.145805		
0.279767		0.172356		0.444629		0.103247		
0.000414863		0.998094		3.0282e-06		0.00148836		
0.000110083		0.000308529		0.999281		0.000300137		
0.140166		0.147702		0.588546		0.123587		
0.998332		0.00100474		0.000229059		0.000434172		
0.0425091		0.0487299		0.50959		0.399171		
0.348297		0.0985972		0.268938		0.284168		
0.200538		0.479139		0.0444145		0.275908		
0.00134426		0.00138122		0.99634		0.000934672		
0.999633		0.000144566		0.000180707		4.19141e-05		
0.997324		0.00195053		0.000333346		0.000391907		
0.998113		0.0007682		0.000880802		0.000237717		
0.197143		0.13		0.445238		0.227619		
0.000693453		0.000234686		0.998648		0.000423424		
0.0009177		0.00192321		0.000827063		0.996332		
0.996691		0.00106067		0.00136621		0.00088171		
2.8492e-05		2.49853e-05		0.000387929		0.999559		
0.000284367		0.00134765		0.99766		0.000707826		
0.996422		0.00078303		0.00181025		0.000984842		
0.0748538		0.249708		0.411111		0.264327		
0.000732663		0.996113		0.0017656		0.00138846		
0.998664		0.000398771		0.000684724		0.000252443		
0.998055		0.000774307		4.24278e-05		0.00112858		
0.000922692		0.00179797		0.996758		0.000521522		
0.000651385		0.996773		0.000698307		0.00187687		
0.000533193		4.89961e-05		0.00219906		0.997219		
0.00168273		0.997602		0.000588227		0.00012748		
0.998273		0.000538402		0.000872471		0.00031569		
0.0013596		0.000890774		0.000675406		0.997074		
0.998578		0.00045905		0.000506306		0.000456519		
0.000627859		0.9975		0.000858628		0.00101351		
0.489351		0.305974		0.0914286		0.113247		
0.000470147		0.999039		0.000344952		0.000145839		
0.000800781		0.00121484		0.996836		0.00114844		
0.34424		0.206912		0.432719		0.016129		
0.305137		0.317808		0.194863		0.182192		
0.00024482		0.000429037		0.999324		1.92393e-06		
0.000105435		2.87549e-05		0.998359		0.00150644		
0.263132		0.0800196		0.4865		0.170349		
0.306756		0.20237		0.319885		0.170989		
0.282486		0.291314		0.146186		0.280014		
0.181674		0.378708		0.318326		0.121292		
0.000614518		0.00084512		0.99741		0.00113021		
0.300744		0.324087		0.312585		0.0625846		
0.26361		0.199427		0.445845		0.0911175		
0.248315		0.266846		0.274933		0.209906		
0.255698		0.185661		0.242851		0.315789		
0.13445		0.396651		0.0564593		0.41244		
0.996949		0.00125833		0.000621533		0.00117092		
9.67423e-05		0.000574957		0.99868		0.000648613		
0.131875		0.425784		0.418687		0.0236546		
0.731959		0.178694		0.0687285		0.0206186		
0.289229		0.52597		0.15965		0.0251504		
0.12955		0.17666		0.11242		0.58137		
0.000606736		0.000491399		0.998402		0.000499521		
0.306667		0.0222222		0.387879		0.283232		
3.0236e-05		0.00164875		0.99791		0.000410854		
0.179771		0.245109		0.329642		0.245478		
0.299685		0.335436		0.20715		0.157729		
0.000305507		1.72514e-05		9.91171e-05		0.999578		
0.00170276		0.996867		0.000547727		0.000882321		
0.252521		0.200733		0.346013		0.200733		
0.00103794		0.996984		0.0015008		0.00047689		
1.35557e-05		0.996535		0.00201438		0.00143691		
0.000152256		0.997871		0.00121003		0.00076662		
0.000191668		0.000231676		4.93126e-05		0.999527		
0.0744921		0.540632		0.0632054		0.32167		
0.256769		0.365546		0.0887021		0.288982		
0.344799		0.341069		0.284708		0.029424		
0.0247608		0.0934159		0.521666		0.360158		
0.0021024		0.996531		0.000711643		0.000654711		
0.000687448		0.000699574		0.000921572		0.997691		
0.0419874		0.069979		0.554234		0.3338		
0.00113686		0.000926326		0.00155791		0.996379		
0.101632		0.486045		0.28752		0.124803		
0.388661		0.188168		0.125719		0.297453		
0.283418		0.376058		0.335025		0.00549915		
0.00115548		0.000524134		0.996391		0.00192976		
0.997199		0.00145513		0.00126971		7.59354e-05		
0.24937		0.197553		0.25009		0.302987		
0.996211		0.00198005		0.00119151		0.000617498		
0.00061552		0.000665397		0.000926114		0.997793		
0.000927198		0.997656		0.000531775		0.000884777		
0.000731326		0.000975512		0.997363		0.000929881		
0.383801		0.113208		0.326737		0.176254		
0.348485		0.301136		0.166035		0.184343		
0.000770934		0.997367		0.00107458		0.000787298		
5.38897e-06		0.000524751		0.999301		0.000169079		
0.000658122		0.000208317		0.00101637		0.998117		
0.998828		0.000756527		0.00022086		0.000194488		
0.511477		0.241907		0.0429665		0.203649		
8.304e-05		0.000347828		0.998574		0.000994913		
9.3962e-06		6.95296e-06		1.09946e-05		0.999973		
0.107305		0.471033		0.220151		0.201511		
0.597476		0.104732		0.141956		0.155836		
0.0242588		0.494609		0.342992		0.13814		
0.236979		0.241319		0.262153		0.259549		
0.323846		0.222644		0.360531		0.0929791		
0.331228		0.26062		0.0987371		0.309414		
0.167952		0.263675		0.246844		0.321529		
0.998094		0.00082469		7.9888e-05		0.00100167		
0.000164503		0.999602		8.84456e-05		0.000145489		
0.00116731		0.0023103		0.000186446		0.996336		
0.00033586		0.00133832		0.00166566		0.99666		
0.000370646		0.00143833		0.000831649		0.997359		
0.000380897		0.000530257		0.000198222		0.998891		
2.03642e-05		2.53811e-05		2.06609e-05		0.999934		
0.996934		0.00169598		0.000618121		0.000752303		
0.237673		0.27071		0.156805		0.334813		
0.000874708		0.997473		0.000482682		0.00116995		
0.000347868		0.999227		0.000218367		0.000207203		
0.00180688		0.00120855		0.996695		0.000289259		
0.231947		0.0207877		0.292123		0.455142		
0.0730435		0.228696		0.415652		0.282609		
0.000338719		0.997555		0.000814114		0.00129248		
0.0153492		0.299309		0.518035		0.167306		
0.395486		0.347399		0.136899		0.120216		
0.000721738		0.997668		7.83018e-05		0.00153199		
0.999762		0.000126385		3.42163e-05		7.76803e-05		
0.26968		0.0782123		0.393601		0.258507		
0.000300496		0.000467931		0.000172979		0.999059		
0.172282		0.277948		0.316998		0.232772		
0.000151113		0.999578		2.52593e-05		0.000245503		
0.0439078		0.19539		0.490121		0.270582		
0.349853		0.351325		0.0966634		0.202159		
0.421557		0.223952		0.129341		0.22515		
0.121393		0.403483		0.100995		0.374129		
5.84414e-06		5.50353e-06		0.99998		8.18358e-06		
0.000726137		0.000331999		0.998176		0.000766083		
0.997148		0.00106718		0.000606746		0.00117763		
0.0006607		0.00156414		0.997574		0.000200943		
0.232127		0.409955		0.0520362		0.305882		
0.996613		0.00163896		0.00121431		0.000533452		
0.260443		0.112958		0.384058		0.24254		
0.263158		0.413397		0.31866		0.00478469		
0.000881145		0.998324		0.000297834		0.000496802		
0.00167785		0.30495		0.325923		0.36745		
0.00114586		0.000619961		0.00090215		0.997332		
0.000968993		0.997605		7.14322e-05		0.00135411		
0.288192		0.241327		0.2958		0.17468		
0.366778		0.3233		0.0652174		0.244705		
0.0841035		0.314695		0.215804		0.385397		
0.128989		0.40625		0.373005		0.0917553		
0.00130956		0.000773832		0.996465		0.00145176		
0.230581		0.307034		0.0948012		0.367584		
1.59437e-05		0.000158734		0.999598		0.000227667		
0.997621		0.000842868		0.000523945		0.00101209		
0.313095		0.320635		0.233333		0.132937		
0.278889		0.458333		0.0366667		0.226111		
0.0947226		0.102391		0.366712		0.436175		
0.000448008		0.000900387		0.997391		0.00126098		
0.186916		0.236371		0.359034		0.217679		
0.000503368		0.998586		0.000555908		0.000354787		
0.996902		0.0016472		0.00129031		0.000160145		
0.353933		0.46573		0.0724719		0.107865		
8.57043e-06		0.000687063		0.000452804		0.998852		
0.232587		0.131219		0.104478		0.531716		
6.68902e-05		0.000138966		0.999648		0.000145707		
0.000872298		0.0012307		0.000979029		0.996918		
0.000387954		0.00066645		0.998055		0.000890909		
0.697409		0.053886		0.0569948		0.19171		
2.53285e-05		2.9723e-05		1.5261e-05		0.99993		
0.00138092		0.996285		0.00165849		0.000675426		
0.37028		0.37434		0.220057		0.0353228		
0.000544583		0.00079131		0.000523482		0.998141		
0.405419		0.321124		0.0321124		0.241345		
3.53087e-05		0.000158403		0.999535		0.000271132		
0.146985		0.359296		0.156407		0.337312		
0.399433		0.120397		0.196884		0.283286		
0.334301		0.0686986		0.293662		0.303338		
0.206897		0.307038		0.446859		0.0392064		
0.526169		0.0523378		0.0118632		0.40963		
6.12142e-05		0.00026143		0.999465		0.000212512		
0.0013416		0.000147939		0.000713586		0.997797		
0.000663831		0.99723		0.000406864		0.00169884		
0.996738		0.00118055		0.000664514		0.00141666		
0.276023		0.208967		0.209357		0.305653		
0.316733		0.600266		0.0278884		0.0551129		
0.012766		0.533739		0.0978723		0.355623		
2.88496e-05		6.73157e-05		0.000239772		0.999664		
0.00105481		0.996352		0.00128797		0.00130566		
0.000562127		4.49702e-05		0.998883		0.00051009		
0.320414		0.310725		0.223187		0.145673		
0.00123827		0.000155015		0.00138406		0.997223		
0.997387		0.000499435		0.00130664		0.000807205		
0.253748		0.0788451		0.42643		0.240977		
0.312981		0.329483		0.243674		0.113861		
0.143826		0.284487		0.375848		0.195839		
0.12766		0.114222		0.422172		0.335946		
0.0798845		0.311838		0.287777		0.3205		
0.00099235		0.0022752		0.000318388		0.996414		
0.38963		0.312099		0.014321		0.283951		
0.511027		0.0935987		0.31092		0.084454		
0.169966		0.0948805		0.269625		0.465529		
0.998012		0.000112061		0.000863403		0.00101282		
0.000329379		0.000135489		0.99948		5.46629e-05		
0.99973		0.000164929		6.08797e-05		4.37227e-05		
3.56421e-05		0.997223		0.00181226		0.000929437		
0.0768885		0.406025		0.377698		0.139388		
0.00140658		0.00114862		0.996582		0.000862771		
0.000207747		0.00164364		0.997621		0.000527514		
0.998922		0.000605328		5.73312e-05		0.000415465		
0.998773		0.000138063		0.000554254		0.000534245		
0.250839		0.18801		0.356835		0.204317		
0.233602		0.0437284		0.264672		0.457998		
0.269297		0.367639		0.116066		0.246998		
0.2902		0.228354		0.434824		0.0466223		
0.000334577		1.09755e-05		0.000127104		0.999527		
0.000912004		0.00127639		0.996801		0.00101082		
0.000627447		0.000253846		0.000540582		0.998578		
1.70367e-05		0.999559		0.000181209		0.000243161		
0.00673534		0.389065		0.362916		0.241284		
0.380765		0.188412		0.35948		0.0713441		
0.403682		0.231164		0.316353		0.0488014		
0.000172155		0.000285595		0.999285		0.000257093		
0.298552		0.0519221		0.265102		0.384423		
0.000290418		0.000856263		0.997375		0.00147832		
0.000165931		0.998281		0.00108846		0.00046436		
0.996906		0.0024797		0.000291927		0.000322126		
0.261939		0.428842		0.00661939		0.3026		
0.389663		0.199101		0.0440449		0.367191		
0.996168		0.000508067		0.0028159		0.000508067		
0.0408389		0.333701		0.29323		0.33223		
0.0008167		0.000593309		0.00222671		0.996363		
0.000318366		0.000156876		0.998676		0.000848976		
0.000207332		0.999281		0.000506392		5.02622e-06		
0.221492		0.34944		0.366834		0.0622342		
0.00121822		0.000124269		0.00101298		0.997645		
