0.37943		0.307011		0.156009		0.15755		
0.99827		0.000464521		0.00107963		0.000186319		
0.997949		0.000297256		0.000980373		0.000773152		
0.403766		0.447001		0.00627615		0.142957		
1.1483e-05		0.998789		0.00082469		0.000374764		
0.118105		0.257625		0.286827		0.337443		
0.000676758		0.996691		0.00136761		0.00126422		
0.309298		0.262492		0.196711		0.231499		
0.00111063		0.996598		0.000816862		0.00147485		
0.000411287		0.996461		0.000716436		0.00241134		
0.149291		0.182652		0.29608		0.371977		
0.152542		0.410768		0.0857428		0.350947		
0.255487		0.282265		0.267779		0.194469		
0.000893074		0.000237174		0.000346315		0.998523		
0.00103029		6.14925e-05		0.000154311		0.998754		
0.50333		0.332065		0.14843		0.0161751		
0.342878		0.263501		0.345053		0.0485683		
0.997203		0.000910502		0.00063813		0.00124824		
3.34087e-06		3.85485e-05		0.999922		3.62356e-05		
0.000457287		0.00172014		0.00163507		0.996188		
0.997266		0.00151191		0.000413482		0.000808987		
0.00019902		0.999035		0.000219191		0.000546633		
4.02135e-06		0.000289537		0.997816		0.00189004		
0.563863		0.242991		0.0833333		0.109813		
0.108251		0.269967		0.258086		0.363696		
0.030256		0.128782		0.770365		0.0705974		
0.405734		0.327017		0.177357		0.0898931		
0.000585609		0.999117		3.91058e-05		0.000258098		
0.000886288		0.00116817		0.997773		0.000172108		
0.000318821		8.66519e-05		0.99932		0.000274215		
0.524599		0.161497		0.114973		0.19893		
0.000307452		0.0013959		0.000484148		0.997812		
0.000140198		0.996359		0.00187232		0.00162811		
0.0137049		0.397442		0.292828		0.296026		
0.99666		0.00203135		9.70496e-05		0.00121145		
0.288175		0.21648		0.216015		0.27933		
0.311182		0.148488		0.430339		0.109991		
0.0127298		0.465347		0.130127		0.391796		
5.04849e-05		2.92901e-05		0.999852		6.86625e-05		
0.000537749		0.000734235		0.997574		0.0011538		
4.37078e-05		0.000197424		0.000165118		0.999594		
0.000965576		0.000526123		0.998437		7.08008e-05		
7.54466e-06		0.99991		2.51258e-05		5.71733e-05		
0.124615		0.380449		0.0682519		0.426684		
0.000237155		0.998277		0.000725595		0.000759906		
0.654141		0.18865		0.144939		0.0122699		
0.0630994		0.0757193		0.418476		0.442706		
0.997578		0.00113044		0.00122844		6.29967e-05		
0.157541		0.383285		0.0201729		0.439001		
0.996543		0.000624871		0.00149969		0.00133247		
0.000248901		0.998285		0.000295248		0.00117069		
0.201223		0.0277932		0.304614		0.46637		
0.998527		0.000742287		0.00059417		0.000136199		
0.998422		0.000255339		0.000848058		0.000474728		
0.254984		0.315145		0.187478		0.242392		
0		0.000640779		0.00224985		0.997109		
0.00120848		0.000568216		0.99725		0.000973307		
0.998996		0.000416156		0.000542847		4.49032e-05		
0.244595		0.158116		0.315263		0.282026		
0.295552		0.244481		0.253707		0.20626		
0.33266		0.338718		0.127208		0.201413		
0.000302174		0.000494827		0.000187374		0.999016		
0.00116614		0.000813871		0.996125		0.00189498		
0.000883951		0.997449		0.000387157		0.00127967		
0.00029292		6.12804e-05		0.999207		0.000438768		
0.000140138		0.00011588		4.86697e-05		0.999695		
0.27157		0.433758		0.112211		0.182461		
4.78447e-05		0.00317484		0.000191379		0.996586		
0.997684		0.000875888		0.000635619		0.000804899		
0.00071862		0.000807217		0.00113823		0.997336		
0.000243621		0.00166722		0.997172		0.000917287		
0.265306		0.0536443		0.462391		0.218659		
0.238138		0.177708		0.249329		0.334825		
0.996727		0.00180603		0.00139		7.74015e-05		
1.47594e-05		0.999945		7.45739e-06		3.24707e-05		
0.0403168		0.349892		0.514759		0.0950324		
0.00118623		0.000125006		0.00193095		0.996758		
0.000209051		0.999246		7.28366e-05		0.000472019		
0.27156		0.0865701		0.31896		0.32291		
0.165977		0.148179		0.368377		0.317467		
0.820833		0.139167		0.0266667		0.0133333		
0.208601		0.29381		0.284164		0.213424		
0.00144882		0.99618		0.00106287		0.00130862		
0.000309388		0.999383		4.76797e-06		0.000303031		
0.135661		0.270324		0.370574		0.223441		
0.254924		0.190208		0.0348903		0.519977		
0.112641		0.151992		0.339892		0.395475		
0.000763046		0.000360596		0.000524796		0.998352		
0.248756		0.208955		0.347876		0.194413		
0.143974		0.182641		0.293706		0.379679		
0.000332158		0.998676		0.000868467		0.000123594		
3.52672e-05		0.000940457		0.998137		0.000887557		
0.267721		0.304798		0.282988		0.144493		
0.000330002		0.000226039		0.999098		0.000346303		
0.997918		0.000514979		0.000742454		0.000824598		
0.197981		0.317935		0.357143		0.126941		
0.0014794		0.000470951		0.000811367		0.997238		
0.998687		0.000471748		0.000129514		0.000711239		
0.387081		0.196697		0.366197		0.0500243		
0.457074		0.0713422		0.153567		0.318017		
0.346652		0.269438		0.263499		0.12041		
0.406038		0.0887246		0.424522		0.0807147		
0.176018		0.259993		0.27136		0.292629		
0.000108747		9.80978e-05		0.999703		9.00306e-05		
0.262483		0.109223		0.330097		0.298197		
0.000793222		0.00162071		0.000250131		0.997336		
0.273039		0.338129		0.11271		0.276122		
0.00126762		4.56211e-05		0.000534419		0.998152		
0.333333		0.207465		0.373698		0.0855035		
0.000564823		0.99791		0.000678713		0.000846308		
0.00145458		0.00114928		0.997324		7.19296e-05		
0.00118412		0.00065832		0.000755215		0.997402		
0.000735151		0.997574		0.00102092		0.000669708		
0.000542521		0.00110933		0.996891		0.00145752		
0.163582		0.123562		0.244122		0.468734		
2.60951e-05		0.000810484		0.000733734		0.99843		
0.347694		0.123786		0.457524		0.0709951		
0.246748		0.280572		0.390286		0.0823938		
0.000344333		0.000248662		0.999074		0.000332786		
1.318e-05		0.999648		0.000120626		0.000217757		
0.274633		0.0524109		0.656184		0.0167715		
0.578825		0.317045		0.0552647		0.0488656		
0.000163182		0.000477048		0.000527739		0.998832		
0.321116		0.165208		0.417396		0.0962801		
0.99766		0.000444795		0.00106526		0.000829785		
0.142734		0.429064		0.00733075		0.420871		
0.0411548		0.369779		0.168305		0.420762		
0.996801		0.000144071		0.0012246		0.00183055		
0.60692		0.0823529		0.233218		0.0775087		
0.000428215		0.00174214		0.000325737		0.997504		
0.000568174		0.000316941		0.000767229		0.998348		
0.000487629		0.000443563		0.00042037		0.998648		
0.225677		0.338516		0.14343		0.292377		
0.000848593		0.0023802		0.000396207		0.996375		
0.171011		0.12206		0.391608		0.315321		
0.000252328		0.00172627		0.000240147		0.997781		
0.520124		0.220588		0.245356		0.0139319		
0.999379		0.000206855		0.000259032		0.000155207		
0.333514		0.0913514		0.280541		0.294595		
0.00029039		5.85115e-05		0.999383		0.000268286		
0.00161424		0.00109242		0.000230838		0.997062		
2.19683e-05		0.999938		1.73779e-05		2.31538e-05		
0.219293		0.302109		0.217122		0.261476		
0.292367		0.185425		0.394998		0.12721		
0.254535		0.112346		0.0795787		0.55354		
9.27798e-05		0.999383		0.00021495		0.000309458		
0.376508		0.110121		0.0644992		0.448873		
0.000505115		0.00127508		0.00117293		0.997047		
0		0.707368		0.178947		0.113684		
0.393185		0.0157274		0.229358		0.36173		
0.997879		0.00059369		0.000458761		0.00106864		
0.274393		0.422813		0.0371049		0.265689		
0.107301		0.259218		0.313053		0.320428		
0.000288201		0.998902		0.000534299		0.000275155		
0.295281		0.202168		0.301977		0.200574		
0.141667		0.429386		0.215351		0.213596		
0.00168464		0.997926		0.000142142		0.000247432		
0.00494071		0.219368		0.137352		0.63834		
0.171076		0.747795		0.0758377		0.00529101		
0.19613		0.743184		0.0263852		0.0343008		
0.000180173		0.000503946		0.998797		0.000519006		
0.998949		0.00012023		0.000651386		0.000279165		
0.0724842		0.295567		0.16608		0.465869		
0.572843		0.108204		0.299859		0.0190948		
4.10833e-05		0.000533375		0.998938		0.000488042		
0.0844278		0.45591		0.181989		0.277674		
0.364802		0.222028		0.041958		0.371212		
0.00144335		0.000398103		0.00159605		0.996563		
0.355579		0.167564		0.327234		0.149623		
0.40407		0.187016		0.295543		0.113372		
0.331043		0.226707		0.24474		0.19751		
0.048552		0.460818		0.0638842		0.426746		
1.49212e-05		0.000142995		4.91155e-05		0.999793		
0.00108479		0.000355253		0.00178261		0.996777		
0.24303		0.253253		0.433086		0.070632		
0.000616338		0.998137		0.000419452		0.000827491		
6.15639e-05		0.999156		0.000176915		0.000605271		
0.000187395		0.000302843		5.85608e-06		0.999504		
0.99766		0.000178496		0.00190719		0.000254162		
4.96802e-05		0.000347761		0.997594		0.00200881		
0.223424		0.191439		0.158514		0.426623		
0.443638		0.105951		0.300435		0.149976		
0.120195		0.290511		0.407299		0.181995		
0.999762		8.26471e-05		5.02936e-05		0.000105341		
0.286244		0.00815721		0.364479		0.34112		
0.00140385		0.00160239		0.000825793		0.996168		
0.321206		0.386309		0.255625		0.0368597		
0.395178		0.365828		0.20283		0.0361635		
0.157525		0.120956		0.31458		0.406939		
0.997035		0		0.00223905		0.000725798		
0.000193832		0.00202642		0.996793		0.000986779		
0.218683		0.17466		0.289549		0.317108		
0.478755		0.381917		0.116601		0.0227273		
0.110215		0.301459		0.364055		0.22427		
0.999195		0.00030794		0.000273102		0.000223645		
8.50793e-06		0.000301181		0.999102		0.000588749		
0.998445		0.00124737		0.000134077		0.000173245		
0.000531649		0.000141259		0.99902		0.00030756		
0.00013871		0.000128622		0.998961		0.000771731		
0.999324		0.000334821		0.000287946		5.30134e-05		
0.350937		0.184554		0.107893		0.356616		
0.000436651		0.999086		5.02539e-05		0.000427158		
0.000267621		0.00057223		0.997824		0.00133593		
0.501013		0.0202566		0.411209		0.0675219		
2.95097e-06		2.03541e-05		0.999953		2.35699e-05		
8.36353e-05		8.01753e-05		0.999789		4.71269e-05		
0.304145		0.198882		0.22217		0.274802		
0.000565437		0.000621459		0.00102795		0.997785		
0.394036		0.21459		0.134185		0.257188		
0.000163058		0.000420019		0.000248954		0.999168		
0.000247795		0.999551		0.000188744		1.26796e-05		
0.0899814		0.362709		0.455009		0.0923006		
0.000607343		0.996836		0.00185142		0.000705302		
0.000269751		0.00031191		0.999191		0.000226933		
0.164688		0.316737		0.378399		0.140176		
0.212486		0.266266		0.265137		0.256111		
0.404035		0.110142		0.224646		0.261178		
0.999242		0.000334691		0.000120892		0.00030223		
0.997719		0.00130496		0.000687996		0.00028829		
0.381707		0.189024		0.321951		0.107317		
0.149837		0.123779		0.493485		0.232899		
1.44658e-05		0.999957		8.31515e-06		2.01878e-05		
0.421496		0.221812		0.173867		0.182824		
0.379373		0.274427		0.303981		0.0422195		
0.000800143		0.000643005		0.000525602		0.998031		
0.000504144		0.000122885		0.999145		0.00022844		
0.21576		0.368668		0.0295497		0.386023		
0.476129		0.136774		0.18129		0.205806		
0.00101374		0.997254		0.00133455		0.000397799		
0.293225		0.259534		0.337282		0.109959		
0.000194313		0.999418		0.000212171		0.000175548		
0.998664		9.75517e-05		0.000568183		0.000670203		
0.303453		0.265981		0.0940485		0.336517		
0.000912605		0.00132132		0.00123873		0.996527		
0.99909		0.000644465		2.74474e-05		0.000238244		
0.000962877		0.998742		3.37344e-05		0.000261201		
0.514088		0.0590112		0.397129		0.0297714		
0.998008		0.00139664		0.000543765		5.17872e-05		
0.118644		0.150659		0.335687		0.395009		
0.325893		0.0376984		0.19494		0.441468		
0.996172		0.000660587		0.000746751		0.00242079		
0.000235487		0.000133424		0.999293		0.000338121		
0.33322		0.220448		0.279552		0.16678		
0.00116371		0.000599489		0.000920392		0.997316		
0.107886		0.301403		0.16449		0.426222		
0.331225		0.0555807		0.291008		0.322187		
0.117691		0.185157		0.472264		0.224888		
8.30565e-06		0.999		0.0004701		0.000521595		
0.000353405		0.00148909		0.996676		0.00148173		
0.132572		0.276558		0.445127		0.145742		
0.138151		0.537726		0.131775		0.192349		
0.24335		0.174384		0.299507		0.282759		
0.257597		0.12576		0.461431		0.155213		
0.0353261		0.235734		0.0529891		0.675951		
0.460129		0.376919		0.118375		0.0445765		
0.000500545		0.000253495		0.997613		0.00163268		
0.00113499		0.000251589		0.000957173		0.997656		
0.000813188		0.000584426		0.00119223		0.99741		
0.000711278		0.000535083		0.998684		7.00447e-05		
0.0616678		0.101612		0.695865		0.140855		
0.000808819		6.75958e-05		0.000822804		0.998301		
0.377449		0.396082		0.199236		0.0272336		
0.00175119		0.00100934		0.000766814		0.996473		
0.310825		0.168646		0.315236		0.205294		
0.31152		0.2379		0.338446		0.112134		
0.0594315		0.290267		0.425495		0.224806		
3.57783e-05		0.000209264		0.999578		0.000176832		
0.340761		0.156668		0.236544		0.266027		
0.00115796		0.000485192		0.997633		0.000724037		
0.996543		0.00117339		0.00114696		0.00113668		
0.0850202		0.0701754		0.42915		0.415655		
0.000439563		0.0013425		0.997559		0.000659345		
0.996492		4.0935e-05		0.00280877		0.000658108		
2.37346e-05		0.999918		2.79293e-05		3.03673e-05		
0.00153007		0.997223		0.00093341		0.000313861		
0.484722		0.0284722		0.379861		0.106944		
0.999363		0.000227524		0.000226829		0.000182366		
0.000544887		0.99857		0.000654206		0.000230595		
0.001234		0.00122443		0.996191		0.00135016		
0.0935039		0.0383858		0.734252		0.133858		
0.27151		0.275974		0.303571		0.148945		
0.214234		0.378359		0.0748003		0.332607		
0.00100613		0.00125214		0.00070267		0.997039		
0.000680857		0.000538577		0.000686816		0.998094		
0.23306		0.304542		0.216307		0.246091		
0.467532		0.195767		0.192881		0.143819		
0.242849		0.0263601		0.446439		0.284352		
0.00023387		0.00127397		0.997383		0.00110934		
0.00148235		0.000516324		0.00137242		0.996629		
0.0467163		0.0914015		0.651997		0.209885		
0.0609091		0.405455		0.352273		0.181364		
0.000521232		0.997914		0.000972764		0.000591942		
0.0701315		0.0582342		0.381966		0.489668		
5.54491e-05		3.52467e-05		0.999555		0.000354617		
0.997938		0.000667364		0.00132466		7.04759e-05		
0.170644		0.514823		0.0469993		0.267534		
0.000687424		0.00149475		0.996719		0.00109908		
0.000736847		0.99868		0.000346842		0.000236623		
5.13361e-05		0.000875923		0.00135399		0.997719		
0.141982		0.342901		0.380788		0.134328		
0.429644		0.35272		0.146341		0.0712946		
0.000940287		0.000693035		0.00121433		0.997152		
0.161308		0.148229		0.344959		0.345504		
0.310766		0.143989		0.261559		0.283686		
0.99802		0.00111675		0.000426993		0.000436725		
0.130047		0.185632		0.180388		0.503933		
9.36391e-05		0.999625		0.000202589		7.87722e-05		
0.306214		0.12338		0.28878		0.281627		
0.996414		0.00131728		0.000953732		0.00131492		
0.000383079		0.999234		2.9878e-05		0.000352668		
0.99841		0.000669281		1.69132e-05		0.00090365		
0.137221		0.427101		0.0300172		0.40566		
0.00117804		0.99616		5.60971e-05		0.00260571		
0.0015053		0.000945972		0.997457		9.16936e-05		
0.0713996		0.165112		0.380122		0.383367		
0.189769		0.333333		0.0627063		0.414191		
0.997098		0.00110208		0.00112243		0.00067784		
0.00258964		0.000383884		0.000100691		0.996926		
0.112609		0.248216		0.524187		0.114988		
0.365702		0.279956		0.0835471		0.270795		
0.464861		0.0212299		0.431918		0.0819912		
0.000156619		0.000215814		0.99923		0.000397098		
1.99615e-05		0.000744163		0.000142126		0.999094		
0.997051		0.00120289		0.000534279		0.00121205		
0.0205832		0.500858		0.461407		0.0171527		
0.00103414		0.000714013		0.998059		0.000193255		
0.000978487		0.997672		0.000203609		0.00114603		
0.000557342		0.998059		0.000824865		0.000559199		
0.037037		0.200898		0.359147		0.402918		
0.99866		0.000702421		0.000522199		0.000115224		
0.000167464		0.997199		0.00198773		0.000645587		
0.10508		0.316632		0.297147		0.281141		
0.434932		0.165525		0.136986		0.262557		
0.000104637		0.000148132		0.999719		2.8481e-05		
0.0013536		0.00168053		0.996289		0.000676802		
0		0.60307		0.245614		0.151316		
0.000202845		0.997918		0.000840084		0.0010391		
0.564799		0.307356		0.105079		0.0227671		
0.999062		0.000425119		0.000233443		0.000278938		
0.000492188		0.000322266		0.998945		0.000240234		
0.000305685		0.000592264		0.996621		0.00248096		
0.000396389		0.998879		0.000276477		0.000448228		
4.07672e-05		0.999723		0.000163703		7.2874e-05		
0.212338		0.3197		0.281868		0.186094		
0.399278		0.103971		0.162455		0.334296		
0.178901		0.3927		0.162455		0.265945		
0.00134721		0.99798		0.000239562		0.000432757		
0.136885		0.0323668		0.324343		0.506406		
0.0577689		0.295817		0.24502		0.401394		
0.000542772		0.999133		9.35814e-05		0.000230834		
0.278481		0.550633		0.0685654		0.102321		
0.000885602		9.00917e-06		0.000652264		0.998453		
0.00145087		0.00193072		0.996539		7.93446e-05		
0.998656		0.000240391		0.00037749		0.000725869		
0.00018892		0.00124041		0.996855		0.0017152		
0.00169902		0.000662472		0.000743975		0.996895		
0.0003413		0.997512		0.00181152		0.000335466		
3.57326e-05		0.99673		0.00170921		0.00152459		
0.175404		0.101911		0.421852		0.300833		
0.000980947		0.99752		0.000353805		0.00114572		
0.463789		0.213909		0.198561		0.123741		
0.0366332		0.268208		0.380724		0.314435		
0.000495908		0.000318926		0.99866		0.00052501		
0.384058		0.195226		0.298806		0.12191		
0.00106616		0.00215705		0.000331474		0.996445		
0.000760204		0.00132143		0.000418367		0.9975		
0.340576		0.172309		0.104093		0.383022		
4.57406e-05		0.000207466		0.00143429		0.998313		
0.38008		0.0652547		0.0297653		0.5249		
0.00167265		0.000290895		0.000981771		0.997055		
0.425899		0.0906475		0.0609113		0.422542		
0.997543		0.000667278		0.000386228		0.00140353		
0.996941		0.000154866		0.00243913		0.000464597		
0.00052488		0.00133572		0.997289		0.000850343		
0.997551		0.000598637		0.000729845		0.00112074		
0.997703		0.000968427		0.00018001		0.00114844		
0.179117		0.186546		0.295501		0.338836		
0.418803		0.427825		0.0778727		0.0754986		
0.294758		0.107661		0.284274		0.313306		
0.33931		0.167931		0.262414		0.230345		
0		0.000483406		0.99809		0.00142675		
1.74164e-06		4.50338e-06		1.32862e-05		0.99998		
0.00221502		4.58054e-05		0.996152		0.00158683		
0.99793		0.00129041		0.000388463		0.000391439		
0.999852		4.87279e-05		4.70642e-05		5.26454e-05		
0.222294		0.532728		0.0226831		0.222294		
0.41652		0.12478		0.214851		0.243849		
6.91451e-05		0.999914		2.30484e-06		1.44875e-05		
0.14253		0.201601		0.311357		0.344512		
0.0217654		0.31318		0.476421		0.188634		
0.998594		0.000678939		0.000598606		0.000128705		
0.204122		0.0733254		0.326992		0.395561		
0.305906		0.556735		0.0265428		0.110816		
0.360919		0.163345		0.0957539		0.379983		
0.00151323		0.00164046		0.996301		0.000545534		
0.319168		0.187251		0.214697		0.278884		
0.0306452		0.223656		0.445161		0.300538		
0.137036		0.297243		0.288454		0.277267		
0.108477		0.315945		0.368109		0.207469		
0.317698		0.0311391		0.381553		0.26961		
0.551537		0.266426		0.11091		0.0711272		
0.99723		0.00106367		0.000680848		0.00102501		
0.277829		0.271389		0.375805		0.074977		
0.192354		0.309438		0.250896		0.247312		
0.99709		0.00135352		0.000745852		0.000810782		
0.268972		0.24694		0.200428		0.28366		
0.000768867		0.000744884		0.000244062		0.998242		
0.182734		0.0340528		0.43693		0.346283		
0.225777		0.243353		0.0856242		0.445246		
0.421579		0.104211		0.136842		0.337368		
0		0		1		0		
0.275085		0.0344388		0.383503		0.306973		
0.313948		0.116747		0.179711		0.389593		
7.12008e-05		0.000231203		0.999434		0.000264003		
0.99841		0.000631925		0.000678735		0.000279184		
0.0504555		0.229152		0.422565		0.297828		
0.000576043		0.998645		0.000203383		0.000576043		
0.210969		0.360512		0.320658		0.107861		
0.218878		0.183995		0.328659		0.268468		
0.000976283		0.997734		0.000403499		0.000885843		
0.245831		0.310382		0.0328133		0.410974		
0.161197		0.298712		0.176984		0.363108		
0.00109268		0.00141163		0.997301		0.000194911		
0.135671		0.16659		0.282418		0.415321		
0.415219		0.176179		0.114971		0.293631		
0.000405789		0.998062		0.000742994		0.000788717		
0.105942		0.386211		0.400785		0.107063		
0.000283641		0.998305		0.00079494		0.000616732		
0.304544		0.312278		0.185305		0.197873		
0.357935		0.221415		0.0623327		0.358317		
0.213719		0.24263		0.247166		0.296485		
0.000334438		0.99868		0.000382392		0.000603482		
0.998812		0.000271169		8.66935e-05		0.000829637		
0.181395		0.313953		0.117209		0.387442		
0.999137		0.000286783		0.000236462		0.000340036		
0		0		1		0		
0.00045375		0.000388125		0.0001425		0.999016		
0.000517106		0.000931682		0.997695		0.000855899		
0.000842647		0.000487203		0.000427962		0.998242		
0.996867		0.0014764		0.000744905		0.000911503		
0.297768		0.271832		0.14872		0.281681		
0.397072		0.112534		0.0736505		0.416743		
7.55252e-06		0.000322093		0.000197698		0.999473		
0.295426		0.156525		0.335711		0.212337		
0.996184		0.0025487		0.000900948		0.000366758		
0.0551378		0.440602		0.214536		0.289724		
0.000564306		9.4051e-05		0.000341643		0.999		
0.263792		0.199689		0.22028		0.316239		
0.262001		0.400179		0.202333		0.135487		
0.00117069		0.000939124		0.996781		0.00110894		
0.396016		0.0714704		0.164616		0.367897		
0.370746		0.0405503		0.11803		0.470673		
0.00144982		0.000262016		0.997867		0.000420973		
0.00121509		0.997406		0.00120431		0.000174355		
0.000203436		6.95289e-05		0.000199691		0.999527		
0.999945		1.97396e-05		1.66545e-05		1.82934e-05		
0.998754		0.000328686		0.000756185		0.000161222		
0.000845698		0.998473		0.000503558		0.000178088		
0.998297		0.000711532		0.000459181		0.000532412		
0.000576396		0.000614958		0.000312553		0.998496		
0.348352		0.177473		0.225275		0.248901		
0.00025534		0.99934		0.000191225		0.000213591		
2.78376e-05		1.31106e-05		3.71767e-05		0.999922		
0.162559		0.448944		0.096831		0.291667		
4.58844e-05		0.00336792		0.000422137		0.996164		
0.139127		0.302226		0.148116		0.410531		
0.0480427		0.339858		0.332295		0.279804		
0.323967		0.0586777		0.390909		0.226446		
0.999262		0.000392303		0.000165268		0.00018071		
0.0744143		0.43684		0.0303169		0.458429		
0.0804781		0.00239044		0.519522		0.39761		
0.000698743		0.996184		0.000731774		0.00238589		
0.0340314		0.448953		0.238874		0.278141		
0.256709		0.366076		0.187848		0.189367		
4.39739e-05		0.000122927		0.999707		0.000126068		
0.00197281		0.996828		0.000233085		0.00096598		
0.000479262		0.997074		0.000356023		0.0020905		
0.000399082		0.99857		0.000658015		0.00037259		
0.000235317		0.000312169		0.000214233		0.999238		
0.00015101		0.000194723		0.999289		0.000365205		
0.286106		0.0758684		0.515539		0.122486		
0.000836887		0.000652236		0.996227		0.00228431		
0.0209538		0.360549		0.0556358		0.562861		
0.37561		0.0953437		0.354324		0.174723		
0.996707		0.000184222		0.00161017		0.00149858		
0.997496		0.000600049		0.00189645		7.40801e-06		
0.00136604		0.000270852		0.00156623		0.996797		
0.232231		0.30036		0.225352		0.242057		
0.256453		0.173651		0.246731		0.323165		
0.406322		0.163995		0.0948236		0.33486		
0.99741		0.000339146		0.00127334		0.000977358		
0.091358		0.313933		0.320988		0.273721		
0.201928		0.239472		0.280568		0.278031		
0.000379073		0.998973		5.49382e-06		0.000642777		
0.000570946		0.000603885		0.997969		0.000856419		
0.0870027		0.312467		0.161804		0.438727		
0.39249		0.00223514		0.253464		0.35181		
0.292102		0.251352		0.141724		0.314821		
0.261725		0.235401		0.301059		0.201815		
0.394469		0.391072		0.191655		0.0228045		
0.00168944		0.00149411		0.996426		0.000390662		
0.0180361		0.409319		0.464429		0.108216		
0.000688678		0.996855		0.00204438		0.000411474		
0.000858466		0.00107248		0.00194796		0.996121		
0.330814		0.196474		0.220403		0.252309		
0.000581984		0.996406		0.00273532		0.000276442		
0.0793651		0.32672		0		0.593915		
0.0015736		0.996379		0.000255178		0.00179232		
9.63885e-05		0.999891		3.17447e-06		9.81201e-06		
0.259224		0.276399		0.272583		0.191794		
0.000661061		0.998508		0.000448479		0.000382647		
0.304852		0.33635		0.266474		0.0923244		
0.997125		0.00115468		6.24152e-05		0.0016579		
0.000140927		5.121e-05		0.000198488		0.999609		
0.235157		0.266012		0.350164		0.148668		
0.000369029		0.996258		0.000980234		0.00239292		
0.166586		0.186808		0.386134		0.260472		
0.356528		0.0980782		0.13055		0.414844		
0.000875229		0.000918364		0.998074		0.000132189		
0.998566		0.000728815		0.000636962		6.78167e-05		
0.0010418		0.998082		0.000512905		0.00036326		
0.0872525		0.092203		0.300743		0.519802		
0.303318		0.180569		0.264929		0.251185		
0.472795		0.097561		0.0531582		0.376485		
0.0668016		0.265182		0.248988		0.419028		
0.26854		0.200915		0.236197		0.294348		
0.301115		0.345194		0.158258		0.195433		
0.00093912		0.00105926		0.997301		0.000700836		
0.138411		0.0679771		0.22113		0.572482		
0.000742007		0.000353438		0.000381117		0.998523		
0.223813		0.360211		0.199322		0.216654		
0.000191807		0.000265425		0.000109175		0.999434		
0.134028		0.436337		0.263589		0.166046		
0.999316		7.83339e-05		0.000462692		0.000142568		
0.400631		0.255521		0.155363		0.188486		
0.00109897		4.08709e-05		0.00235234		0.996508		
0.229459		0.189442		0.289911		0.291188		
0.000892882		0.000603299		0.998371		0.000132726		
0.532098		0.213104		0.0350761		0.219722		
0.0901458		0.251878		0.309324		0.348652		
0.00964878		0.380934		0.258587		0.35083		
0.329079		0.0837958		0.330189		0.256937		
0.000238545		0.999477		5.50987e-05		0.000229794		
0.0701754		0.299841		0.480861		0.149123		
0.361905		0.410476		0.0161905		0.211429		
0.244604		0.0143885		0.350462		0.390545		
0.200328		0.200876		0.25561		0.343186		
0.000165226		0.000742245		0.000705811		0.998387		
0.123646		0.513538		0.183213		0.179603		
3.21303e-05		0.000513013		0.000595481		0.998859		
0.000446295		0.000747887		0.998668		0.000137849		
0.000699609		0.998734		7.38281e-05		0.000492188		
0.224757		0.295203		0.211338		0.268702		
0.00113324		0.00085546		0.996645		0.00136677		
0.340174		0.391791		0.192164		0.0758706		
0.00129588		0.000778822		0.996922		0.00100342		
0.000908811		0.000373119		0.996812		0.00190557		
0.26187		0.487029		0.150759		0.100343		
0.640969		0.0132159		0.0154185		0.330396		
0.000985119		0.00150644		0.996793		0.00071547		
0.0981964		0.582498		0.127589		0.191717		
0.418879		0.0509903		0.220818		0.309313		
5.39907e-06		5.1568e-05		6.02204e-05		0.999883		
0.0628415		0.362705		0.11612		0.458333		
0.000326135		0.000878752		0.000857613		0.997938		
0.000398421		0.000663106		0.998355		0.000583004		
0.274033		0.0685083		0.192265		0.465193		
0.999125		0.00040925		0.000193935		0.000271815		
0.000514436		0.000438816		0.998629		0.000417841		
0.00103134		0.000521438		0.000267539		0.99818		
0.000624093		0.00038795		0.998637		0.000351238		
5.41878e-05		0.000489774		0.000346663		0.999109		
0.00017304		0.000725903		0.000284651		0.998816		
0.999387		7.87754e-05		5.19334e-05		0.000482572		
0.00044208		0.00132373		0.997875		0.00035919		
0.292945		0.336788		0.225189		0.145078		
0.00129686		0.0011413		0.996406		0.00115559		
0.99777		0.000857499		0.00104715		0.000325817		
0.00225764		0.996188		0.000926739		0.000628123		
0.0791912		0.354254		0.215249		0.351306		
0.229412		0.193529		0.296471		0.280588		
9.29322e-05		0.999727		0.00012058		5.99248e-05		
0.999762		6.52078e-05		9.07738e-05		8.22997e-05		
0.305273		0.0609579		0.340106		0.293662		
0.176937		0.294997		0.253813		0.274253		
0.0164258		0.269382		0.455322		0.25887		
4.93121e-05		1.54443e-05		0.99991		2.50873e-05		
0.339343		0.234005		0.111347		0.315306		
0.00157959		0.00181162		0.996535		7.36251e-05		
0.131698		0.334242		0.135332		0.398728		
0.358261		0.035942		0.329275		0.276522		
0.182068		0.0940594		0.458196		0.265677		
9.893e-05		0.999676		0.000100661		0.000124628		
0.000677717		0.000353156		0.000601939		0.998367		
0.660714		0.00833333		0.0380952		0.292857		
0.0741876		0.334151		0.107296		0.484365		
0.253989		0.306166		0.427771		0.0120742		
0.0624521		0.329885		0.336015		0.271648		
0.231394		0.306495		0.0358593		0.426252		
0.536156		0.151792		0.104886		0.207166		
0.122324		0.667431		0.0626911		0.147554		
0.437537		0.398087		0.00956366		0.154812		
0.000786744		0.996551		0.00133048		0.001332		
0.000739309		0.00042447		0.000363564		0.998473		
0.13361		0.410668		0.394096		0.0616261		
0.998648		0.000208719		0.000564124		0.00057872		
0.0842446		0.136898		0.398137		0.380721		
0.000769404		0.000556207		4.5482e-05		0.998629		
0.00165684		0.00141037		0.996816		0.000116389		
0.00578035		0.397793		0.455071		0.141356		
0.996176		0.00273608		0.0010221		6.60433e-05		
0.196429		0.35453		0.162021		0.287021		
0.000817096		0.000661075		0.00128355		0.997238		
6.03473e-06		0.00245312		0.00143928		0.996102		
0.23481		0.312658		0.210127		0.242405		
0.246202		0.291332		0.225648		0.236819		
0.458675		0.13123		0.261199		0.148896		
0.298507		0.313433		0.344828		0.0432321		
0.998949		0.000433552		0.000249874		0.000367356		
0.240187		0.376992		0.3459		0.0369219		
0.106852		0.383768		0.102773		0.406607		
0.000308053		0.999395		0.000280234		1.71822e-05		
0.177794		0.586357		0.0500726		0.185776		
5.62063e-05		4.76799e-05		0.999883		1.33013e-05		
0.00102745		0.00119496		0.000816652		0.996961		
0.0835465		0.028133		0.28133		0.606991		
0.000795309		0.996352		0.00031741		0.00253572		
0.00140512		0.996973		0.000646111		0.000976114		
0.26263		0.126096		0.379541		0.231733		
0.314857		0.24631		0.196458		0.242375		
0.00121653		0.0013874		8.35781e-05		0.997313		
2.97124e-05		0.000721022		0.998324		0.000925047		
0.000700388		0.000717712		0.99823		0.000351431		
0.00110713		0.00106153		0.996277		0.00155399		
0.000221822		6.42187e-05		0.000249115		0.999465		
0.000402084		0.000248277		0.000560576		0.998789		
6.2006e-06		7.27303e-06		9.96386e-06		0.999977		
0.0005674		0.996238		0.00158369		0.00161063		
0.000310532		0.000449236		0.997617		0.00162305		
0.088634		0.285714		0.348279		0.277372		
0.000869695		0.000387992		0.99759		0.00115247		
0.193794		0.165928		0.129829		0.51045		
0.000130549		0.996363		0.0016673		0.00183887		
0.11179		0.206114		0.0375546		0.644541		
0.000808416		0.000771862		0.000552535		0.997867		
0.154809		0.434124		0.276021		0.135046		
0.00255115		0.996297		0.000685591		0.000466389		
0.215638		0.553451		0.0574221		0.173488		
0.201013		0.206467		0.356058		0.236463		
0.201606		0.261446		0.159438		0.37751		
0.249294		0.612288		0.069209		0.069209		
0.000304896		0.997324		0.00141332		0.000957564		
0.000707261		0.000333984		0.00163063		0.997328		
0.357532		0.0998185		0.251361		0.291289		
0.385387		0.112225		0.279847		0.222541		
0.605344		0.221994		0.0308325		0.141829		
0.283599		0.669704		0.0216401		0.0250569		
0.000800473		0.00113556		0.996969		0.00109522		
0.000145585		0.000913548		0.997707		0.00123384		
0.997211		0.000947654		0.000868683		0.000972725		
0.335817		0.316126		0.043108		0.304949		
2.4871e-05		0.000213351		0.000195372		0.999566		
0.000499864		0.00205139		0.997133		0.000315932		
0.407085		0.0316967		0.560597		0.000621504		
0.123487		0.275222		0.424536		0.176755		
0.175373		0.164179		0.271766		0.388682		
0.00029223		0.000922297		0.9985		0.000285473		
0.000844402		0.000696061		0.997539		0.000920474		
0.000520854		0.99877		0.000493441		0.000216174		
0.000636651		0.997922		0.000152156		0.00128932		
0.105588		0.404273		0.13106		0.35908		
0.319012		0.131042		0.168636		0.38131		
0.287817		0.358545		0.217089		0.136549		
0.34114		0.184711		0.190455		0.283694		
0.000701418		0.000632047		0.00140091		0.997266		
0.313072		0.289869		0.305556		0.0915033		
0.997875		0.000740714		0.00126893		0.000115357		
0.586071		0.128121		0.162943		0.122865		
0.122911		0.0698132		0.575221		0.232055		
0.00250156		0.417761		0.523452		0.0562852		
7.16332e-05		0.000842056		0.998059		0.00102772		
0.255967		0.31093		0.200691		0.232412		
0.214945		0.282116		0.256087		0.246851		
0.0878828		0.37328		0.211718		0.327119		
0.362842		0.306991		0.257599		0.0725684		
0.0604982		0.375445		0.343416		0.220641		
6.22612e-05		6.15631e-05		4.02382e-05		0.999836		
0.000742347		0.99693		0.00117968		0.00114828		
0.125366		0.0990041		0.51611		0.25952		
0.0462963		0.167901		0.282099		0.503704		
0.24111		0.330598		0.30129		0.127003		
0.405953		0.214138		0.00206697		0.377842		
0.00134817		0.000872792		0.00143529		0.996344		
0.000886661		0.000406798		0.000847166		0.997859		
0.996355		0.00191406		0.00137804		0.000352424		
0.000999094		0.000567338		0.000238256		0.998195		
0.00133671		0.000967376		0.997047		0.000649038		
0.423406		0.169363		0.347764		0.0594672		
0.346253		0.0749354		0.0925065		0.486305		
0.996316		0.000352757		0.00198313		0.00134771		
0.00117876		0.00137654		0.000890006		0.996555		
0.247417		0.32593		0.304752		0.121901		
0.000548868		0.000690208		0.998223		0.000538268		
0.000643963		0.000482263		0.998762		0.000112055		
0.256275		0.0497976		0.376113		0.317814		
5.07277e-05		0.999383		4.22731e-05		0.000524187		
0.00109368		0.000334483		0.997125		0.00144683		
0.357048		0.433971		0.0444642		0.164518		
2.72499e-05		6.02903e-05		6.48036e-05		0.999848		
0.999812		1.19454e-05		7.27389e-05		0.000102816		
0.285266		0.330199		0.191919		0.192616		
0.000579253		0.997691		0.00114335		0.000585989		
0.253347		0.286303		0.046344		0.414006		
0.998059		0.000652049		0.000464758		0.000824599		
0.997668		0.000332431		0.00107748		0.000922121		
0.276691		0.353708		0.0228199		0.346781		
0.997629		0.000333213		0.00111748		0.000920399		
0.000153214		0.999105		0.000487337		0.000253981		
0.296248		0.0478655		0.199224		0.456662		
0.0358035		0.253122		0.178185		0.532889		
0.00136383		0.997012		0.000633788		0.000990664		
0.235753		0.253288		0.466634		0.0443254		
0.0010496		0.998148		0.000482328		0.000319632		
0.361727		0.15317		0.254393		0.23071		
0.0801144		0.157368		0.480687		0.281831		
0.438992		0.181698		0.219717		0.159593		
0.00118401		0.000193207		0.998098		0.000525126		
3.58893e-05		3.86938e-05		0.999891		3.47919e-05		
4.80197e-05		2.85984e-05		5.22881e-05		0.999871		
0.00127978		0.00151887		0.996348		0.000853695		
0.0908213		0.2		0.249275		0.459903		
0.99657		0.00191075		0.000407085		0.00111185		
0.528814		0.129379		0.162147		0.179661		
0.173314		0.126904		0.247281		0.452502		
0.000466855		0.996906		0.00222482		0.000402076		
0.432812		0.0890625		0.29375		0.184375		
0.226712		0.15274		0.45411		0.166438		
0.285057		0.198851		0.352299		0.163793		
0.252757		0.236213		0.409926		0.101103		
0.369832		0.30245		0.245789		0.0819296		
0.998184		0.000735056		0.000502016		0.000579333		
0.00110474		0.000645505		0.000765384		0.997484		
0.00141749		7.01994e-05		0.997762		0.000750594		
0.288158		0.253489		0.214318		0.244034		
5.77839e-05		0.000862703		0.998563		0.000517013		
0.998789		0.00054607		0.000661873		2.9949e-06		
3.41961e-06		0.999238		0.000214581		0.000543718		
0.0108173		0.340144		0.168269		0.480769		
0.307307		0.0790791		0.314314		0.299299		
0.00018278		0.999445		0.000129469		0.000242438		
0.000573813		0.997215		6.49599e-05		0.00214638		
0.999848		3.38542e-05		6.60156e-05		5.2474e-05		
0.31023		0.0644922		0.308377		0.316901		
0.104186		0.00744186		0.171163		0.717209		
0.321983		0.0264851		0.275823		0.375709		
0.31914		0.340629		0.227218		0.113012		
0.164198		0.209903		0.399915		0.225984		
0.00149684		0.00117243		0.996156		0.00117448		
0.000510417		0.000458333		0.000625		0.998406		
0.997563		0.00120827		0.000931754		0.00029748		
0.00115328		0.996906		0.00112672		0.000813745		
0.103324		0.448338		0.121743		0.326595		
0.000370524		7.66602e-05		0.000166097		0.999387		
0.354196		0.288363		0.120538		0.236903		
0.000414399		0.000435349		4.08778e-05		0.999109		
0.456132		0.153041		0.0383848		0.352443		
2.53607e-05		4.66177e-05		0.999855		7.25529e-05		
0.000473849		0.000273797		2.35356e-06		0.99925		
0.00143589		0.00128372		0.00076867		0.996512		
0.00115152		0.000449814		0.997965		0.00043382		
0.00034631		0.000480349		0.998809		0.000364747		
0.0008396		0.996699		0.00104127		0.00141991		
0.0933633		0.496063		0.341957		0.0686164		
0.413396		0.00473613		0.322733		0.259134		
0.45642		0.1209		0.0852858		0.337395		
0.237874		0.334165		0.268545		0.159415		
0.000557542		0.000138638		0.99841		0.000893664		
0.000614063		0.996449		0.00222891		0.000707812		
0.0873466		0.123702		0.426346		0.362606		
0.00206172		0.996445		1.69271e-05		0.00147604		
0.000324118		0.99825		0.000554444		0.000871438		
0.000457281		0.998961		0.000442154		0.000139628		
0.305156		0.46261		0.0863911		0.145843		
0.999465		1.68451e-05		0.00013908		0.000379231		
0.559343		0.131313		0.258838		0.0505051		
0.361361		0.306162		0.0994865		0.232991		
0.00164557		0.00036748		0.00103773		0.996949		
0.217902		0.154072		0.206163		0.421864		
0.2908		0.351826		0.246417		0.110957		
0.205665		0.114532		0.379721		0.300082		
0.997188		0.000745482		0.000638178		0.00142884		
0.351361		0.152555		0.284222		0.211861		
0.996309		0.000174371		0.00129956		0.00221748		
0.40448		0.129755		0.391378		0.0743872		
0.0306845		0.0479937		0.416208		0.505114		
0.996844		0.000858255		0.000978012		0.00131998		
0.158581		0.0760319		0.317886		0.447502		
0.0873744		0.166011		0.422455		0.324159		
0.000142935		0.00122572		0.000975094		0.997656		
0.996355		0.0021452		0.000853466		0.000645866		
0.277122		0.0597786		0.326568		0.336531		
0.00036241		0.000328585		0.00275432		0.996555		
0.996645		0.0021363		0.000217314		0.00100185		
0.06		0.372549		0.195686		0.371765		
0.0597514		0.381931		0.361855		0.196463		
0.248788		0.236106		0.277135		0.237971		
0.175034		0.593623		0.000678426		0.230665		
0.000415953		0.000723602		0.000235445		0.998625		
0.51519		0.146835		0.283544		0.0544304		
0.508538		0.0197439		0.336713		0.135005		
0.997047		0.000300798		0.000918317		0.00173401		
0.235385		0.115385		0.276923		0.372308		
0.185591		0.271318		0.307342		0.23575		
0.52656		0.0312085		0.146746		0.295485		
2.76721e-05		0.999863		1.41878e-05		9.48589e-05		
0.0682211		0.341969		0.191278		0.398532		
0.000738761		0.996691		0.00145466		0.00111518		
0.613451		0.112772		0.113451		0.160326		
0.000483691		0.000324233		0.997023		0.00216864		
0.118537		0.358554		0.38966		0.133249		
0.302995		0.257193		0.406342		0.0334703		
0.31571		0.321752		0.0845921		0.277946		
0.997387		0.000852755		0.00105988		0.000700651		
0.996789		0.00143008		0.00152645		0.000254408		
0.627524		0.0949888		0.0306657		0.246821		
0.297441		0.202725		0.241276		0.258558		
0.00053727		0.00082147		0.99798		0.000660791		
0.000481641		6.89623e-05		0.998461		0.000988459		
0.0930851		0.446809		0.135638		0.324468		
0.245587		0.332295		0.18432		0.237799		
0.996738		0.00111397		0.00052881		0.00161894		
0.000508744		0.998738		0.000162257		0.000590718		
0.000298654		0.998586		0.000981663		0.000133745		
0.000178369		0.000126061		0.999332		0.000363538		
0.219314		0.444043		0.120939		0.215704		
0.255446		0.232607		0.308503		0.203443		
0.0647368		0.356842		0.158421		0.42		
0.196621		0.262673		0.465438		0.0752688		
0.99877		0.000460925		0.00041884		0.000350704		
0.234547		0.381347		0.12362		0.260486		
0.0286242		0.373038		0.348569		0.249769		
0.329384		0.219194		0.149289		0.302133		
0.00117889		9.16232e-06		0.00214398		0.996668		
0.998652		0.000162283		8.64335e-05		0.00109894		
0.00036088		0.00249658		0.996637		0.000505823		
0.0455154		0.430388		0.436412		0.0876841		
0.452381		0.0142857		0.179762		0.353571		
0.0340064		0.382572		0.331562		0.25186		
0.0271739		0.130435		0.466304		0.376087		
0.242737		0.0637301		0.462043		0.23149		
0.996691		0.000851673		0.00154059		0.000916329		
0.0853008		0.0411272		0.420411		0.453161		
0.183529		0.571176		0.0935294		0.151765		
0.000405665		0.00148049		0.997875		0.000238849		
0.999914		1.79693e-05		5.59498e-05		1.20184e-05		
0.996305		0.00228002		0.000469606		0.000945689		
0.000521451		0.000159185		5.76452e-05		0.999262		
0.00192308		0.000495475		0.9965		0.00108145		
0.000194835		0.000828664		0.996996		0.00198041		
0.36129		0.313093		0.0929791		0.232638		
0.320815		0.304035		0.0331602		0.34199		
0.999109		0.000370513		0.000170911		0.0003492		
0.000154776		0.999727		6.3101e-05		5.55606e-05		
0.000124763		0.0009035		0.997902		0.00106939		
0.000316987		0.00047879		0.000559692		0.998645		
0.00129675		0.000589859		0.997594		0.000519638		
0.313405		0.339027		0.310434		0.0371333		
0.385434		0.555182		0.0588235		0.000560224		
0.175207		0.116116		0.31157		0.397107		
0.115407		0.36321		0.100176		0.421207		
0.0594444		0.278889		0.539444		0.122222		
0.000558921		0.00149407		0.997707		0.00023998		
0.468171		0.243056		0.137153		0.15162		
0.160953		0.35154		0.121441		0.366066		
0.996152		0.00107139		0.00210276		0.000673507		
0.336138		0.302487		0.274323		0.0870519		
0.000830789		0.997641		0.000220011		0.00130857		
0.00066149		0.00125734		0.996687		0.00139367		
0.559413		0.359146		0.0046729		0.076769		
0.2719		0.0464337		0.416946		0.26472		
0.238594		0.287597		0.224738		0.249071		
0.996703		0.00127291		0.000458389		0.00156557		
9.72385e-05		0.00132025		0.00106688		0.997516		
0.998254		0.000783199		0.000593333		0.000369562		
0.000444204		0.998605		0.000248575		0.000701753		
0.999289		8.26939e-05		0.000443331		0.000184913		
0.000949811		0.998016		0.000322936		0.000711628		
0.000205686		0.000309348		4.74661e-05		0.999437		
0.00154463		0.000986267		0.997059		0.00041051		
