0.00109499		0.997535		0.00119637		0.000173485		
0.511364		0.281656		0.0430195		0.163961		
0.000530019		0.000630153		0.00139842		0.997441		
0.306636		0.159611		0.399886		0.133867		
0.00897436		0.432692		0.204487		0.353846		
0.0403226		0.618486		0.042804		0.298387		
0.00039506		0.00241974		0.000708638		0.996477		
0.997348		0.000782217		0.000751872		0.00111826		
0.437668		0.319283		0.142152		0.100897		
0.392881		0.182597		0.318392		0.106131		
0.263674		0.248194		0.101135		0.386997		
0.000224278		0.000485838		4.37905e-05		0.999246		
0.130486		0.159091		0.386364		0.32406		
0.342079		0.263875		0.0539859		0.340061		
6.86302e-05		6.09389e-05		0.999676		0.00019465		
0.00216161		0.000611122		0.000891331		0.996336		
0.210396		0.215842		0.267822		0.305941		
0.998938		2.43758e-05		0.000696145		0.000341979		
0.000393081		0.998793		0.000442832		0.000371118		
1.10268e-05		1.97432e-05		2.39176e-05		0.999945		
0.483976		0.135383		0.0124264		0.368215		
0.390879		0.162215		0.429967		0.0169381		
0.0867876		0.430052		0.278497		0.204663		
4.83436e-05		0.999879		3.68444e-05		3.59057e-05		
0.306381		0.349213		0.0450175		0.299388		
0.29404		0.201766		0.249448		0.254746		
0.00181829		0.997434		0.00044007		0.000308049		
0.000975025		0.00156259		0.00066942		0.996793		
0.000783464		0.0018454		0.996656		0.000714885		
0.194685		0.435466		0.146421		0.223427		
0.000540921		0.000276455		0.998543		0.000639655		
0.0011208		0.000347382		0.996215		0.00231697		
0.00108721		0.997605		0.00115221		0.000155105		
0.0744467		0.172032		0.403924		0.349598		
0.37412		0.0211153		0.386573		0.218192		
0.0017286		0.00153967		0.000575477		0.996156		
0.349537		0.133488		0.190586		0.326389		
0.347489		0.325332		0.0110783		0.3161		
0.999031		0.000324298		0.000365224		0.000279228		
0.0353649		0.257336		0.130926		0.576373		
0.999168		0.000481285		0.000248267		0.000102479		
0.000470468		0.000996036		0.997832		0.000701464		
0.269531		0.414062		0.273438		0.0429688		
0.000102565		0.000133449		0.00015461		0.999609		
0.219104		0.188883		0.347545		0.244468		
0.996805		0.000288132		0.0014148		0.00149238		
0.0635063		0.256261		0.368515		0.311717		
0.0384615		0.433946		0.406355		0.121237		
0.00184473		0.00123564		0.000611032		0.996309		
0.999316		0.000274052		0.000193317		0.000216225		
0.156352		0.269428		0.338762		0.235458		
0.067724		0.381054		0.389198		0.162023		
0.2747		0.115363		0.246716		0.363221		
0.00162415		0.00194462		0.996285		0.000146065		
0.999238		0.000389876		0.000227583		0.00014426		
0.328632		0.434415		0.0568876		0.180066		
0.0445004		0.093199		0.395466		0.466835		
0.371354		0.241667		0.336979		0.05		
0.172089		0.452911		0.244007		0.130993		
0.000546084		0.000623772		0.998406		0.000423894		
0.00171358		0.000810056		0.996547		0.000929488		
0.471154		0.0132212		0.0865385		0.429087		
0.00100412		0.99791		0.000162188		0.000923539		
0.0803296		0.509784		0.225541		0.184346		
0.298803		0.35617		0.290549		0.0544779		
0.00223151		0.000171655		0.000643706		0.996953		
1.41977e-05		9.6229e-05		5.36358e-05		0.999836		
0.129568		0.0971761		0.736711		0.0365449		
0.0011735		0.996645		0		0.00218197		
0.607192		0.0926694		0.0746888		0.22545		
0.0537897		0.316381		0.194132		0.435697		
0.000127015		7.32972e-05		8.4844e-05		0.999715		
0.448153		0.25149		0.167461		0.132896		
0.000591125		0.000662402		0.998441		0.000305066		
0.352895		0.127676		0.350912		0.168517		
0.323589		0.282461		0.314072		0.0798776		
0.99777		0.00130844		0.000830928		9.11037e-05		
0.000385162		0.000751313		0.998488		0.000375243		
0.000238654		0.999258		0.000274204		0.000229329		
0.246053		0.0415864		0.373123		0.339238		
0.0015222		0.000442923		0.996664		0.00137082		
0.281616		0.295583		0.147225		0.275576		
0.998938		8.27147e-05		0.000561948		0.000417837		
0.331054		0.339691		0.289313		0.0399424		
0.381605		0.0203523		0.297456		0.300587		
0.178658		0.0719483		0.22312		0.526273		
0.30493		0.178583		0.263141		0.253346		
0.00104166		0.000388042		0.000726548		0.997844		
0.179771		0.415215		0.0169996		0.388015		
0.000275095		0.00243001		0.996246		0.0010488		
0.240978		0.274738		0.230501		0.253783		
0.162937		0.34965		0.117483		0.36993		
0.53239		0.249442		0.157111		0.0610573		
0.145933		0.228469		0.623206		0.00239234		
0.000963599		0.00135093		0.00137297		0.996313		
0.15885		0.347958		0.265129		0.228064		
0.00020109		0.00172298		0.000146247		0.99793		
0.23475		0.540665		0.186691		0.0378928		
0.997902		0.00011353		0.00102441		0.000959721		
0.120648		0.295142		0.343725		0.240486		
0.355459		0.19738		0.407424		0.039738		
0.000330862		0.999199		0.000200195		0.000269724		
0.331458		0.439505		0.0810355		0.148002		
0.0474239		0.272248		0.251171		0.429157		
0.48125		0.215		0.16375		0.14		
0.453488		0.205074		0.316068		0.02537		
0.194642		0.346589		0.226036		0.232733		
0.327041		0.307726		0.256804		0.108428		
0.997406		0.00117877		0.000370536		0.00104445		
0.159076		0.177558		0.447525		0.215842		
0.000117373		8.20831e-05		4.66381e-05		0.999754		
0.281701		0.23371		0.356223		0.128365		
0.000126738		0.999637		0.000110717		0.000125826		
0.00112444		0.998301		0.000279018		0.000295759		
0.000137063		0.998984		0.000727027		0.000151535		
0.14252		0.12126		0.711024		0.0251969		
0.998316		0.000847098		0.0005354		0.000301096		
0.999273		0.000232738		0.000186099		0.000307726		
0.997168		0.00146104		0.0011817		0.000189292		
0.328221		0.160824		0.222612		0.288344		
0.167128		0.0872576		0.33241		0.413204		
0.298622		0.28392		0.185299		0.232159		
0.362416		0.126079		0.429051		0.0824545		
0.337247		0.242618		0.073995		0.34614		
0.0002691		0.998883		0.000462096		0.000385992		
0.0347625		0.574739		0.344148		0.0463499		
0.00884956		0.184232		0.078037		0.728882		
0.037037		0.093861		0.447489		0.421613		
0.00024138		0.000894205		0.00136051		0.997504		
0.000243212		0.99923		0.000453433		7.28868e-05		
0.386762		0.299841		0.0948963		0.218501		
0.000451705		0.00100469		0.000945948		0.997598		
0.999648		0.000224407		3.83822e-05		8.87737e-05		
0.356784		0.188442		0.296482		0.158291		
0.667116		0.0283019		0.178571		0.126011		
0.318244		0.0445882		0.321988		0.31518		
0.00113881		0.998742		0.000102365		1.66343e-05		
0.278602		0.189089		0.0524364		0.479873		
0.104676		0.308993		0.346043		0.240288		
0.168945		0.297977		0.47731		0.0557682		
0.577644		0.0963855		0.0562249		0.269746		
0.0106086		0.298157		0.163596		0.527638		
0.00129095		0.000154782		0.00233161		0.996223		
0.373538		0.0262203		0.264623		0.335619		
0.340036		0.248474		0.0642729		0.347217		
0.371846		0.226649		0.270916		0.130589		
0.365402		0.349073		0.183583		0.101942		
0.183932		0.323467		0.182664		0.309937		
0.252845		0.0480405		0.416561		0.282554		
0.000474663		0.999156		0.000192269		0.000176818		
0.000544551		0.000883543		0.997957		0.000614874		
4.90769e-06		0.999992		2.07753e-06		8.27279e-07		
0.316322		0.153522		0.303669		0.226487		
0.283465		0.151856		0.056243		0.508436		
0.997035		0.00155514		0.000609751		0.000799948		
0.00153363		0.00128103		0.000712686		0.996473		
0.000751357		0.00066325		0.996422		0.00216352		
7.37484e-05		0.996262		0.00179794		0.0018666		
0.10683		0.248249		0.265324		0.379597		
0.00125085		0.996633		0.00147405		0.000642287		
0.159268		0.360641		0.165675		0.314416		
0.0010378		0.996918		0.000127764		0.00191646		
0.000554949		0.000277474		0.000448827		0.998719		
6.42769e-05		0.00114122		0.000138256		0.998656		
0.284808		0.275643		0.308072		0.131477		
0.000118005		0.999437		0.000155652		0.000288843		
0.21902		0.232194		0.360642		0.188143		
0.395595		0.281237		0.212198		0.11097		
0.998348		0.000301817		0.000521573		0.000828954		
0.00107632		0.998324		0.000539388		6.00682e-05		
0.263137		0.306203		0.366258		0.0644014		
0.000687252		2.95502e-05		0.000455072		0.998828		
0.998969		0.00070745		0.00030385		1.99498e-05		
0.00130815		0.996828		0.00126378		0.000599941		
0.258304		0.177413		0.211801		0.352481		
0.998695		0.000315872		0.000323196		0.00066562		
0.000831445		0.000470612		0.000713567		0.997984		
0.000557463		0.000738444		0.000325187		0.998379		
0.00127904		0.00122314		0.996969		0.000529071		
0.096272		0.349447		0.27202		0.282261		
0.299313		0.197779		0.0428345		0.460074		
0.287596		0.347237		0.254665		0.110501		
0.38756		0.0709729		0.287879		0.253589		
0.331486		0.312639		0.197339		0.158537		
0.00114583		0.998105		0.000695876		5.28283e-05		
0.00126824		0.00128977		0.996211		0.00123105		
0.000472471		0.000494094		0.998496		0.000537341		
0.000340486		0.000896072		0.000736098		0.998027		
0.000877881		7.74601e-05		0.99818		0.000864971		
0.997184		0.000493749		0.00129817		0.00102448		
0.998695		0.000221598		0.000415807		0.000667283		
0.297226		0.304161		0.287318		0.111295		
0.997191		0.000778325		0.000735269		0.001295		
0.0913633		0.278729		0.315132		0.314775		
0.35553		0.221573		0.0389408		0.383956		
0.510431		0.0556328		0.411683		0.0222531		
3.59291e-05		0.000423964		0.999328		0.000211982		
0.336301		0.19726		0.222603		0.243836		
0.360656		0.149031		0.256831		0.233482		
0.0740521		0.148697		0.563981		0.21327		
0.115487		0.494412		0.094199		0.295902		
0.329049		0.218876		0.11715		0.334925		
0.447215		0.0567639		0.203183		0.292838		
0.300259		0.382226		0.167817		0.149698		
3.52441e-05		0.999859		5.29832e-05		5.23977e-05		
0.0260067		0.123322		0.522651		0.32802		
0.996715		0.00165688		0.000873548		0.000754728		
0.443898		0.00625838		0.251229		0.298614		
0.999918		3.05214e-05		3.34053e-05		1.81046e-05		
0.00119473		0.0007684		0.000282963		0.997754		
0.209501		0.191636		0.233861		0.365002		
0.185529		0.269017		0.180891		0.364564		
0.316633		0.263861		0.219773		0.199733		
0.0269397		0.551724		0.168103		0.253233		
0.341463		0.212805		0.438415		0.00731707		
0.215227		0.120059		0.476574		0.188141		
0.274297		0.381352		0.105081		0.23927		
0.096505		0.357329		0.164319		0.381847		
0.000160125		0.998914		0.000210346		0.000715467		
0.141378		0.222873		0.388564		0.247186		
0.000357646		0.000505761		0.996973		0.00216394		
0.284599		0.261171		0.281996		0.172234		
0.243634		0.191764		0.313109		0.251493		
0.273274		0.187801		0.35313		0.185795		
0.00068158		0.00157802		0.0013068		0.996434		
0.143644		0.351947		0.221161		0.283248		
0.309818		0.316364		0.0818182		0.292		
0.347672		0.160221		0.243489		0.248619		
0.26619		0.0862254		0.326655		0.32093		
0.00153559		0.996305		0.00101299		0.00114674		
0.225839		0.432859		0.0676501		0.273652		
0.996578		0.00105279		0.00122437		0.00114471		
0.36528		0.0668348		0.216478		0.351408		
0.211464		0.623548		0.0178156		0.147173		
0.000690812		0.000551722		0.00116372		0.997594		
0.000374439		0.000338608		0.998715		0.00057211		
0.997266		0.00100038		0.00126443		0.000469567		
0.00149131		0.000340482		0.00179321		0.996375		
0.00142909		0.00142013		0.00100234		0.996148		
0.321892		0.244434		0.368275		0.0653989		
0.00157374		0.996488		0.00114833		0.00078965		
0.371341		0.0590652		0.275809		0.293785		
0.000246935		0.99818		0.00065905		0.000914327		
0.222631		0.281863		0.134804		0.360703		
6.60494e-05		0.00039485		3.51942e-05		0.999504		
0.00128796		0.0012365		0.99623		0.00124507		
0.254579		0.465201		0.278388		0.0018315		
0.29		0.197931		0.284483		0.227586		
0.511836		0.0289321		0.390847		0.0683851		
0.996934		0.000503882		2.96401e-05		0.00253288		
0.242248		0.367733		0.310078		0.0799419		
0.000473188		0.000216228		0.999191		0.000119177		
0.000536204		0.996336		0.001355		0.00177286		
0.00154009		9.79068e-05		0.997117		0.00124482		
0.000564149		0.999242		3.88622e-06		0.000189777		
0.129453		0.373588		0.319288		0.177672		
0.000458898		0.00247338		0.996484		0.000583345		
0.00116702		0.00067029		0.000330656		0.997832		
0.000524586		0.99791		0.0011281		0.000437155		
7.7474e-05		0.0015421		0.997145		0.00123589		
0.000646336		0.998121		0.000640788		0.000591781		
0.000599286		0.997867		0.000965516		0.00056801		
0.000963105		0.000834979		0.00132301		0.996879		
0.195994		0.32475		0.437768		0.0414878		
0.000837155		0.000125727		0.99873		0.00030665		
0.390064		0.344811		0.240531		0.0245942		
0.00032591		3.03172e-05		0.000354711		0.999289		
0.0172492		0.226509		0.376305		0.379936		
0.00288019		0.99668		0.000300964		0.000139155		
0.00252946		0.000181512		0.997242		4.68418e-05		
0.0761622		0.326904		0.128091		0.468843		
0.000762228		0.00188551		0.997078		0.000274135		
0.000216598		0.997207		0.0012263		0.00135007		
0.00325881		0.000256536		0.000164343		0.99632		
0.000150913		0.000138337		0.999582		0.00012872		
0.37958		0.31865		0.0617538		0.240016		
0.221457		0.146161		0.238681		0.393701		
0.302923		0.0766193		0.291074		0.329384		
0.436591		0.294236		0.176441		0.0927318		
0.000236547		0.0001532		0.999406		0.000204002		
0.173726		0.135666		0.195826		0.494782		
0.245041		0.385124		0.297107		0.0727273		
0.0700373		0.196022		0.332366		0.401575		
0.00144889		0.00112576		0.00102301		0.996402		
0.00069046		0.00167915		0.00034523		0.997285		
0.000224644		0.999113		0.000648899		1.31756e-05		
0.539918		0.146502		0.108642		0.204938		
0.0020365		0.996676		9.53865e-05		0.00119233		
0.155921		0.383173		0.229995		0.23091		
0.33553		0.298737		0.197694		0.16804		
0.469918		0.149462		0.0804307		0.30019		
0.104449		0.394584		0.386847		0.11412		
0.163382		0.274812		0.309208		0.252598		
0.0511232		0.373354		0.508908		0.066615		
0.000440253		0.000353826		0.000135609		0.99907		
0.998625		0.000502252		1.23874e-05		0.00086036		
0.000691189		0.000781836		0.000866819		0.99766		
0.000532608		4.62263e-05		0.00163601		0.997785		
0.999684		7.99065e-05		0.000133909		0.000102591		
0.000738229		0.000604884		3.18869e-05		0.998625		
6.62939e-05		0.99975		9.83569e-05		8.53492e-05		
0.348751		0.1605		0.434783		0.0559667		
0.000758145		0.000496523		0.000303926		0.998441		
0.0010182		0.997605		0.00136801		8.3288e-06		
0.324275		0.307971		0.0987319		0.269022		
0.000270423		4.79631e-05		0.99966		2.14572e-05		
0.99857		0.000171715		0.000153908		0.00110406		
0.124294		0.504366		0.243451		0.127889		
0.129401		0.415794		0.342055		0.11275		
0.000585304		0.000553948		0.997809		0.00105215		
0.000140139		0.000912483		0.998332		0.000615347		
0.998555		0.000462327		0.00079611		0.000186875		
0.102689		0.0200489		0.484108		0.393154		
0.605791		0.0393467		0.0282108		0.326652		
0.000118122		0.000129317		0.999574		0.000178342		
0.000690229		0.998672		8.4157e-05		0.000553739		
0.392516		0.286226		0.179538		0.14172		
0.000386811		0.999098		9.39673e-05		0.000421566		
0.00022026		0.000181461		0.000129529		0.999469		
0.258232		0.17227		0.300867		0.268631		
0.345081		0.27072		0.294733		0.0894655		
7.87269e-05		0.0001195		0.000149429		0.999652		
0.0013369		0.265374		0.341578		0.391711		
0.0972222		0.635417		0.175347		0.0920139		
0.00876644		0.517846		0.328741		0.144646		
0.998945		0.000610688		3.40955e-05		0.000409904		
0.0567583		0.38268		0.164424		0.396138		
0.580189		0.231722		0.173349		0.0147406		
0.000924429		0.000314386		0.997465		0.00129634		
0.194039		0.104623		0.372871		0.328467		
0.000891247		3.01332e-05		0.998281		0.00079737		
0.327301		0.0338316		0.291896		0.346971		
0.435165		0.179121		0.232967		0.152747		
0.347242		0.285196		0.317852		0.0497097		
0.441576		0.122283		0.0149457		0.421196		
0.259843		0.296963		0.355456		0.087739		
0.998484		9.63692e-05		0.000745645		0.000673611		
8.27217e-05		0.000947361		0.99766		0.00130976		
0.00156129		0.00142348		0.996109		0.000905852		
0.317802		0.297582		0.220659		0.163956		
0.264113		0.173891		0.452117		0.109879		
0.276686		0.263261		0.268173		0.19188		
0.998945		0.000520924		0.000348505		0.000185258		
0.337772		0.274702		0.123336		0.264191		
0.997727		0.00120178		0.000149762		0.000921896		
0.000283649		0.00025892		0.99941		4.72748e-05		
0.222995		0.256316		0.225192		0.295496		
0.00133948		0.99693		0.000825071		0.000905762		
0.208965		0.475379		0.128788		0.186869		
0.417471		0.184828		0.171954		0.225747		
0.000184762		0.998621		0.000739047		0.000455097		
0.997891		0.00112711		2.06921e-05		0.000961573		
0.308754		0.187324		0.262002		0.24192		
0.996672		0.000346125		0.00174515		0.00123685		
0.000168724		0.000226187		0.00068712		0.998918		
0.999891		1.3547e-05		6.19917e-05		3.38363e-05		
0.269741		0.112143		0.288321		0.329794		
0.200168		0.113903		0.499162		0.186767		
0.234367		0.188146		0.4236		0.153888		
0.996398		0.000908544		0.000398362		0.00229466		
0.363187		0.287363		0.254396		0.0950549		
0.290082		0.263775		0.318877		0.127266		
0.000800608		0.997227		0.000153017		0.00181981		
0.000188372		0.00048314		0.99925		7.84884e-05		
4.28241e-05		0.999781		0.0001259		5.00257e-05		
0.301683		0.225361		0.375		0.0979567		
0.998281		0.000925836		0.000295898		0.000497016		
0.00176387		0.000850646		0.996227		0.00115892		
0.0231417		0.269285		0.253857		0.453717		
0.000433662		0.997504		0.00100946		0.00105297		
3.06858e-05		3.82378e-05		3.65451e-05		0.999895		
0.0327625		0.0685034		0.353686		0.545048		
0.000178462		9.45244e-06		0.999676		0.000136304		
0.288231		0.0828336		0.327961		0.300975		
0.138031		0.467094		0.262085		0.13279		
0.072819		0.198991		0.666907		0.0612833		
0.300459		0.110092		0.409786		0.179664		
0.26044		0.147283		0.294118		0.298159		
0.00095847		0.000259046		0.0016653		0.997117		
0.00219909		0.996445		0.000178008		0.00117759		
0.996613		0.00239934		0.000165386		0.000821995		
0.367544		0.154872		0.334939		0.142645		
0.000259982		0.996902		0.00103163		0.00180604		
0.233114		0.135684		0.291094		0.340108		
0.360825		0.302283		0.00920471		0.327688		
4.55175e-05		0.000553397		0.000104211		0.999297		
0.393766		0.105795		0.281826		0.218613		
0.000713016		0.000498597		0.998387		0.000401668		
0.0013428		0.99698		0.000738611		0.000938121		
0.998586		0.000801712		0.000280353		0.000331997		
0.28322		0.0247333		0.259942		0.432105		
0.401583		0.0321464		0.215628		0.350643		
0.301188		0.390636		0.171209		0.136967		
0.000804355		0.000808092		0.000606303		0.997781		
5.58804e-05		0.00026065		0.000331907		0.999352		
0.0222816		0.202317		0.43672		0.338681		
0.611991		0.303167		0.061086		0.0237557		
0.303732		0.520592		0.0913771		0.0842986		
0.997258		0.00084935		9.70686e-05		0.00179577		
0.000187015		0.999105		0.000362881		0.000344635		
0.00105957		0.00129518		0.00102416		0.996621		
0.247614		0.271757		0.292532		0.188097		
0.323222		0.246862		0.290795		0.139121		
0.192714		0.518214		0.271445		0.0176263		
0.000650432		0.0010326		0.997648		0.000668529		
0.998676		0.0004627		0.00033609		0.000525429		
0.312609		0.378284		0.278021		0.0310858		
0.999531		0.000203676		0.000132832		0.000132242		
0.134887		0.319987		0.302593		0.242534		
0.000153663		0.000881775		0.9985		0.000464562		
0.153426		0.0734856		0.450844		0.322244		
9.45137e-05		0.99975		0.000118204		3.72818e-05		
0.00174631		0.000722305		0.996348		0.00118373		
0.274783		0.387391		0.166087		0.171739		
8.85977e-05		0.000803208		0.0002996		0.998809		
0.0183366		0.508841		0.251473		0.221349		
0.000277241		0.000138621		0.00209976		0.997484		
0.000437932		0.000231892		0.000740332		0.99859		
0.0289705		0.498707		0.45163		0.0206932		
0.299162		0.214884		0.0364712		0.449483		
0.240077		0.456241		0.0860832		0.217599		
0.998793		0.000221601		0.000406499		0.000578932		
0.0402597		0.161688		0.378571		0.419481		
0.000344508		0.999383		0.000138335		0.000134345		
0.153903		0.356907		0.259069		0.230121		
0.273028		0.0297849		0.46663		0.230557		
0.00102477		0.000377252		0.996875		0.00172297		
0.000473636		0.000563047		0.000740661		0.998223		
0.99843		0.000559113		0.00053338		0.000477819		
0.221553		0.162553		0.140879		0.475015		
0.000142157		0.998852		0.000630123		0.000376157		
0.000541491		0.000884025		0.000761984		0.997812		
0.0016111		8.93147e-05		0.000151148		0.998148		
0.000164063		0.000980469		0.997504		0.00135156		
0.000457129		0.000977944		0.998355		0.000209458		
0.000260677		0.000403088		0.998875		0.000461235		
0.997867		0.000835075		0.000486651		0.000811086		
0.218579		0.266766		0.0625931		0.452062		
0.205674		0.216706		0.218282		0.359338		
0.000204233		0.000348243		6.47112e-05		0.999383		
0.375482		0.259445		0.128373		0.2367		
0.999164		0.000259784		0.000363954		0.0002122		
0.997461		0.000594974		0.00157081		0.00037328		
0.317276		0.152492		0.254485		0.275748		
0.210378		0.231947		0.297906		0.259769		
0.544118		0.07289		0.336317		0.0466752		
0.000524064		1.49094e-05		0.999219		0.000242277		
0.494583		0.154876		0.108349		0.242192		
0.148425		0.0245595		0.385478		0.441538		
1e-06		5.375e-05		0.999883		6.24375e-05		
0.309138		0.0985094		0.282566		0.309786		
0.00214756		0.00157833		0.996148		0.000125675		
0.393469		0.331429		0.0130612		0.262041		
0.000302527		0.000574346		0.000138753		0.998984		
0.214656		0.351221		0.0780903		0.356033		
0.00134922		0.000618295		0.997738		0.000294207		
0.999449		0.00019141		0.000229692		0.00012968		
0.458776		0.332322		0.0121396		0.196763		
0.000966467		5.08667e-06		0.998465		0.000563603		
0.23633		0.313253		0.245598		0.204819		
0.0536332		0.435986		0.122837		0.387543		
0.000342496		0.996871		0.000261226		0.00252518		
0.197252		0.405585		0.052305		0.344858		
0.000491239		0.000447005		0.996969		0.00209301		
0.0636201		0.405018		0.37052		0.160842		
0.290751		0.513873		0.120809		0.0745665		
3.52187e-05		0.00124775		0.996227		0.00249047		
0.997426		0.00119826		0.000826554		0.000549406		
0.000914833		0.000836007		0.000690566		0.997559		
0.368134		0.340086		0.257499		0.0342813		
0.00192288		0.00121371		0.000144657		0.996719		
0.00103125		0.00126231		0.000929098		0.996777		
0.0116369		0.0271528		0.257564		0.703646		
0.000348688		0.999254		0.000368536		2.88694e-05		
0.366309		0.0150973		0.273739		0.344855		
0.997258		0.00141308		0.00110998		0.000219129		
0.413632		0.233427		0.0210084		0.331933		
0.000828958		0.000194329		0.00081265		0.998164		
0.334682		0.346823		0.310805		0.00768919		
0.996512		0.00258578		0.000575938		0.000326562		
0.447996		0.167428		0.0877727		0.296804		
0.99916		5.08682e-05		0.000416288		0.000372687		
0.0018132		0.00147076		0.996687		2.85371e-05		
0.0646045		0.377056		0.16993		0.38841		
0.00107163		0.000489295		0.000603135		0.997836		
0.000882977		0.00167251		0.996117		0.00132733		
0.271576		0.228924		0.283905		0.215595		
0.0105105		0.548048		0.130631		0.310811		
0.374648		0.322535		0.225352		0.0774648		
0.000768426		0.998145		0.000674716		0.000412326		
5.09896e-05		0.00184582		0.00192741		0.996176		
0.456091		0.296742		0.0481586		0.199008		
0.000348816		0.00133538		0.997051		0.00126502		
0.996176		0.00175669		0.00057693		0.0014906		
0.00086622		0.000167579		0.000138076		0.998828		
0.000209431		0.00140802		0.00185911		0.996523		
0.996176		0.00261009		0.00116721		4.69229e-05		
0.00234249		0.0014042		9.70644e-05		0.996156		
0.268269		0.327518		0.103687		0.300527		
0.998828		0.000571849		0.00043481		0.000165215		
0.372485		0.160973		0.294338		0.172204		
0.159036		0.715663		0.0168675		0.108434		
0.139652		0.445878		0.344363		0.0701066		
0.316989		0.209462		0.149677		0.323871		
0.997984		0.00078361		0.000471485		0.00076053		
0.381658		0.37525		0.0176211		0.225471		
0.00012192		0.000364961		0.000267025		0.999246		
0.000252227		0.000264691		0.000303394		0.99918		
0.380788		0.0246305		0.342857		0.251724		
0.998449		0.000437417		0.000624003		0.000489361		
0.997289		0.00137556		0		0.00133538		
0.000465451		0.000709474		0.997801		0.00102429		
0.998082		0.00101876		0.000674408		0.000224803		
0.211731		0.0429185		0.341917		0.403433		
0.33105		0.0502283		0.506849		0.111872		
0.341287		0.112484		0.185343		0.360886		
8.07651e-05		0.00106304		0.000832754		0.998023		
0.152561		0.315903		0.0695418		0.461995		
0.188472		0.351132		0.21075		0.249646		
0.344464		0.130931		0.00527241		0.519332		
0.00156153		0.000396298		0.000331234		0.997711		
0.325662		0.39036		0.229266		0.0547112		
0.000935562		0.997156		0.00107743		0.000830758		
0.000270287		0.0010307		0.000374798		0.998324		
0.241507		0.196391		0.456476		0.105626		
0.372794		0.0611279		0.219974		0.346104		
6.95245e-05		7.84603e-05		0.999848		4.35891e-06		
0.000742813		0.000780642		0.997652		0.000824202		
0.000803707		0.997953		0.000327715		0.000915453		
0.999363		7.52816e-05		0.000293266		0.000268172		
0.229855		0.333774		0.143989		0.292382		
0.000267812		0.000170573		0.999488		7.33342e-05		
0.00125605		0.000605172		0.00131456		0.996824		
0.00101982		0.000212177		0.000342221		0.998426		
0.405058		0.218076		0.172471		0.204395		
0.202406		0.198745		0.123431		0.475418		
0.341834		0.561627		0.0686096		0.0279296		
0.000213952		6.98886e-05		0.000208347		0.999508		
0.000868043		0.00122396		0.00141972		0.996488		
0.000103542		0.00053842		0.000197881		0.99916		
0.000429305		0.996543		0.00122917		0.00179856		
0.360622		0.163058		0.166441		0.309878		
0.000507487		6.77055e-05		0.998859		0.000565433		
0.425788		0.370774		0.169628		0.0338109		
0.000193062		0.998953		0.000283431		0.000570383		
0.22077		0.104575		0.5374		0.137255		
0.00167399		0.996738		0.000952635		0.00063509		
0.416213		0.0848749		0.467356		0.031556		
0.0424063		0.166667		0.357002		0.433925		
0.00658328		0.485188		0.213298		0.294931		
0.18149		0.311298		0.336538		0.170673		
0.0705882		0.451961		0.141667		0.335784		
0.000420443		0.00120213		0.998141		0.000236801		
0.0550414		0.3434		0.34681		0.254749		
0.999578		0.000210568		0.000135118		7.6189e-05		
0.000352875		0.998887		0.00034067		0.000419736		
0.00149433		0.996738		0.000711687		0.0010557		
0.999934		8.37694e-06		4.4017e-05		1.40123e-05		
9.83942e-05		0.000121064		0.99975		3.05416e-05		
0.000169775		0.000101161		0.99898		0.000748595		
0.998703		0.000243164		0.000442001		0.00061171		
0.118771		0.26412		0.458472		0.158638		
0.0472009		0.578485		0.0197585		0.354555		
0.996539		0.00120457		0.00177454		0.000481828		
0.998348		0.000579934		0.000580783		0.000491627		
5.79248e-05		0.000341191		0.99941		0.000190728		
0.000828621		0.99675		0.00105754		0.00136384		
0.335488		0.274725		0.132515		0.257272		
0.296629		0.248876		0.184831		0.269663		
0.00105059		0.000311713		0.997535		0.00110254		
0.164534		0.223035		0.170018		0.442413		
0.000484752		0.997938		0.000739109		0.000838639		
0.000454556		0.000639953		0.998391		0.000514866		
0.000148944		5.93617e-06		0.000352932		0.999492		
0.263767		0.204631		0.294431		0.237171		
0.556488		0.168345		0.0302013		0.244966		
0.264971		0.36036		0.35983		0.0148384		
0.428791		0.140108		0.0146266		0.416474		
0.00171097		0.997621		0.000230323		0.000437613		
8.58532e-06		0.998898		0.000618143		0.000474834		
0.197131		0.220147		0.322548		0.260173		
0.284501		0.197452		0.472399		0.0456476		
0.000688604		0.000566121		0.998137		0.000608556		
0.329706		0.094124		0.458651		0.117519		
0.000523616		0.00039203		0.998582		0.000502322		
0.0496411		0.51256		0.263158		0.174641		
0.000724917		0.000357014		0.000683694		0.998234		
0.000428269		0.000390497		0.998996		0.00018514		
0.249167		0.362829		0.284339		0.103665		
0.221258		0.30658		0.119667		0.352495		
0.000956401		0.998867		1.38609e-05		0.00016255		
0.000922564		0.996863		0.00196045		0.000253705		
0.997207		0.000342819		0.000653373		0.00179678		
0.439914		0.256438		0.213519		0.0901288		
0.413601		0.155689		0.183062		0.247648		
0.00067874		0.00067874		0.00160736		0.997035		
0.403481		0.0427215		0.253692		0.300105		
0.588063		0.172211		0.234834		0.00489237		
0.364876		0.0750213		0.241688		0.318414		
0.469966		0.474291		0.0259491		0.0297934		
2.27245e-05		4.02874e-05		0.999914		2.29256e-05		
0.998016		0.000438583		0.000991113		0.000554679		
0.00133371		0.00112115		0.00103733		0.996508		
0.450364		0.317851		0.141621		0.0901639		
0.000230143		0.99657		0.00240247		0.00079708		
0.000874201		0.00119303		0.00151871		0.996414		
0.999852		5.58442e-05		1.21596e-05		8.04337e-05		
0.190039		0.417311		0.158607		0.234043		
0.000247364		0.998324		0.00110241		0.000326005		
0.00158114		0.00115863		0.996215		0.00104538		
0.363456		0.248681		0.323219		0.0646438		
0.192006		0.351178		0.125268		0.331549		
0.998734		0.00046741		0.000385855		0.00041236		
0.000642838		0.998293		0.000591519		0.000472675		
0.000856306		0.00107384		0.00193705		0.996133		
0.241019		0.335004		0.223475		0.200501		
0.142803		0.218939		0.291667		0.346591		
0.998148		0.000740152		0.000629011		0.000482399		
0.00109335		0.996457		0.00110618		0.00134344		
0.332004		0.215295		0.12432		0.32838		
0.254077		0.244206		0.263519		0.238197		
0.000583883		0.000278438		0.998375		0.000762679		
0.224827		0.0463506		0.251465		0.477357		
0.208418		0.351927		0.125761		0.313895		
0.0122164		0.558464		0.173357		0.255963		
0.000247412		0.00049693		0.999164		9.15952e-05		
0.029927		0.512409		0.0635036		0.394161		
0.00020152		0.00115791		0.000706972		0.997934		
0.999453		0.000194226		0.000190057		0.000162591		
2.75621e-05		2.82528e-06		5.94563e-05		0.99991		
0.000603076		0.000444372		0.000847084		0.998105		
0.172395		0.33592		0.289357		0.202328		
0.196209		0.0890995		0.272512		0.44218		
0.000179687		0.000362864		0.998922		0.000535573		
0.000373941		0.000253618		0.999254		0.000118534		
0.307538		0.106533		0.360302		0.225628		
3.12085e-05		0.999914		3.27722e-05		2.19567e-05		
0.0384615		0.0830769		0.201538		0.676923		
5.63654e-05		0.999773		7.35392e-05		9.66579e-05		
0.000180845		6.52556e-05		0.999602		0.000152337		
0.00073528		0.996641		0.00219518		0.000428913		
0.337103		0.304254		0.197631		0.161012		
0.999133		0.000489664		0.000145608		0.000231915		
0.0262985		0.65023		0.246548		0.0769231		
9.06063e-05		0.99723		0.00122469		0.00145423		
0.194125		0.425287		0.0957854		0.284802		
0.000507134		0.998043		0.000931762		0.000518135		
0.222048		0.302472		0.165947		0.309533		
0.250617		0.160082		0.20823		0.38107		
0.396077		0.140589		0.41943		0.0439047		
0.000460565		0.000675496		0.998223		0.000641282		
1.02174e-05		0.996996		0.000234999		0.00275869		
0.000367525		0.997926		0.00104515		0.000661545		
0.304309		0.318525		0.246113		0.131053		
0.000707356		0.998387		0.00020814		0.000697786		
0.404		0.135429		0.338857		0.121714		
0.292271		0.23913		0.0780998		0.390499		
1.72533e-05		0.000255564		0.999609		0.000117808		
1.44397e-06		0.00051333		0.000532101		0.998953		
0.410359		0.0212483		0.547809		0.0205843		
0.0367605		0.369902		0.477886		0.115451		
0.158112		0.29749		0.3432		0.201199		
0.00037699		0.000176939		0.999168		0.000278102		
0.460657		0.0177176		0.360083		0.161542		
0.252101		0.201681		0.464124		0.0820944		
0.158043		0.240357		0.263405		0.338194		
0.253144		0.147262		0.264909		0.334686		
0.999707		0.000138656		8.63249e-05		6.79879e-05		
4.77941e-05		0.997664		0.0020432		0.000244945		
0.000874961		0.997191		0.00113029		0.000803345		
0.000469646		0.000602289		0.00066244		0.998266		
0.420521		0.275862		0.121951		0.181665		
0.194093		0.169982		0.45871		0.177215		
0.539836		0.095309		0.123604		0.241251		
0.133041		0.00584795		0.54386		0.317251		
0.251582		0.169343		0.391727		0.187348		
0.000451175		0.999023		0.000322991		0.000202396		
0.999082		0.000146787		0.000329359		0.000441823		
0.0649057		0.276226		0.128302		0.530566		
0.000933908		0.997461		0.000700431		0.000904723		
2.72455e-05		0.999781		0.000121164		7.03406e-05		
0.217027		0.323098		0.42917		0.0307048		
0.998633		0.000358578		0.000517553		0.000491057		
0.151716		0.200078		0.325663		0.322543		
0.000944588		0.000348876		0.000101067		0.998605		
0.997379		0.00138389		0.00115908		7.81226e-05		
0.000971936		0.000694868		0.000883978		0.997449		
0.125479		0.262461		0.264901		0.347159		
0.323148		0.418519		0.0550926		0.203241		
0.162334		0.141645		0.344297		0.351724		
0.0011442		0.00134623		0.996199		0.00131035		
0.00197751		0.996352		3.83239e-05		0.0016326		
0.408329		0.04774		0.435246		0.108685		
0.00147001		0.000223618		0.997617		0.000689183		
0.000534993		0.000353431		5.29824e-05		0.999059		
0.221871		0.230557		0.17805		0.369522		
0.229028		0.279627		0.291611		0.199734		
0.000202848		0.999324		0.000238556		0.000234377		
0.440126		0.0961134		0.228466		0.235294		
0.177479		0.425056		0.176734		0.220731		
0.0730028		0.170799		0.0853994		0.670799		
0.997563		0.000624407		0.000864919		0.000948174		
0.213611		0.245476		0.284815		0.256098		
0.000187936		0.000731505		0.997902		0.00117821		
0.000621651		0.000821414		0.997305		0.00125225		
0.339063		0.210142		0.367426		0.0833691		
0.268836		0.199648		0.269422		0.262093		
0.223602		0.31401		0.0496894		0.412698		
5.01063e-07		4.98558e-05		0.999809		0.000141049		
0.00128115		0.99734		0.00117786		0.000201143		
0.400574		0.0143403		0.479924		0.105163		
0.000879223		0.996129		0.000773716		0.00221815		
0.0829091		0.282545		0.305818		0.328727		
0.000904248		0.000992776		0.996434		0.00166938		
0.000490486		0.00149053		0.00139789		0.996621		
0.0732342		0.362825		0.204089		0.359851		
0.0761194		0.116418		0.219403		0.58806		
0.00116534		0.000973202		0.996684		0.00117787		
9.2414e-05		9.10708e-05		0.000105578		0.999711		
0.000856143		0.000713224		0.997445		0.000985321		
0.20796		0.114428		0.196517		0.481095		
0.340058		0.336816		0.198127		0.125		
5.49987e-05		0.999805		0.000120595		1.97191e-05		
0.251952		0.223842		0.233732		0.290474		
0.313191		0.0987362		0.281991		0.306082		
0.000663248		0.000302901		0.996141		0.00289323		
0.00134013		0.9975		0.000519854		0.000640021		
0.226655		0.285283		0.246298		0.241765		
0.403497		0.0356643		0.128671		0.432168		
0.000187773		0.00186774		0.00171792		0.996227		
0.00103831		0.00107976		0.000420996		0.997461		
0.999812		8.11394e-05		5.71626e-05		4.9198e-05		
0.376271		0.0805085		0.123729		0.419492		
0.00124532		8.57196e-05		0.998207		0.000461934		
0.306898		0.342562		0.0122008		0.338339		
0.00118867		0.996246		0.00131121		0.00125403		
0.158714		0.341805		0.133299		0.366183		
0.245559		0.412748		0.259143		0.0825496		
0.001687		0.000476087		0.000922849		0.996914		
0.314196		0.224538		0.123869		0.337397		
0.999824		0.000106947		3.63062e-05		3.25277e-05		
0.0863177		0.471074		0.192837		0.24977		
0.275698		0.279505		0.278553		0.166244		
0.226368		0.102819		0.454395		0.216418		
0.997566		0.000652162		0.000542324		0.00123911		
0.255452		0.0872274		0.619938		0.0373832		
0.251878		0.00866551		0.169844		0.569613		
0.000391414		0.00088189		0.00162123		0.997105		
0.139062		0.310345		0.14641		0.404183		
0.000703414		0.000265119		0.000527561		0.998504		
0.000160252		0.998098		0.00142676		0.000315334		
0.19618		0.282395		0.100155		0.42127		
0.300644		0.0551181		0.310308		0.33393		
0.0169587		0.168457		0.382137		0.432448		
0.437785		0.0189681		0.46434		0.0789074		
0.999109		6.05583e-05		0.000178543		0.000651524		
0.310857		0.0788571		0.0891429		0.521143		
0.000577522		0.000491208		0.000720333		0.998211		
0.000380864		6.05318e-05		0.999484		7.42288e-05		
0.000227454		0.999352		5.28315e-05		0.000368152		
0.000209848		0.000277125		0.000290371		0.999223		
0.443613		0.0471807		0.0258918		0.483314		
0.00196002		0.000422313		0.996668		0.0009497		
0.000114265		0.000881271		0.000875558		0.998129		
0.00110307		0.996934		0.000633964		0.00132938		
0.0450928		0.482228		0.0164456		0.456233		
0.0983969		0.0248756		0.351575		0.525152		
0.000450662		0.00138798		0.99734		0.000821519		
0.0431461		0.447191		0.251236		0.258427		
0.00140927		0.996125		0.00111394		0.00135179		
0.227134		0.0800305		0.32622		0.366616		
0.274721		0.344498		0.160686		0.220096		
0.203444		0.0851835		0.449932		0.261441		
0.120536		0.19375		0.0964286		0.589286		
0.997828		0.00029298		0.00154133		0.000337564		
4.67168e-05		3.32822e-05		0.999887		3.32822e-05		
0.000615383		0.00171735		0.000858674		0.996809		
0.999551		1.35682e-05		0.000335906		9.97449e-05		
0.000904827		0.996699		0.000726312		0.00166964		
0.000795945		0.00101638		0.997676		0.00051189		
0.000213256		0.000155446		0.000111767		0.99952		
0.290847		0.096823		0.272315		0.340015		
0.000899058		0.996484		0.00203373		0.000582837		
0.999		0.000299672		0.000409389		0.000290939		
7.16852e-05		7.21568e-05		7.49079e-05		0.999781		
0.137306		0.492228		0.0388601		0.331606		
5.44541e-05		0.000346328		0.000364843		0.999234		
5.50874e-05		0.00194961		0.000217954		0.997777		
0.353591		0.349645		0.208366		0.0883978		
0.000386166		0.99857		0.000967289		7.62333e-05		
0.377112		0.00762943		0.093733		0.521526		
0.000137405		0.000798353		0.999035		2.90857e-05		
0.0970213		0.610213		0.262979		0.0297872		
0.000413535		0.998703		0.00061807		0.00026527		
0.000556939		0.996266		0.00149553		0.00168191		
0.00104655		0.000302096		0.000401356		0.99825		
0.194553		0.369217		0.263294		0.172936		
0.156552		0.301894		0.204871		0.336683		
0.00043492		0.000261651		0.99925		5.34288e-05		
0.997781		0.000662497		0.000978663		0.00057759		
0.000184591		0.000598213		0.00136563		0.997852		
0.473862		0.189432		0.172007		0.164699		
0.504132		0.0247934		0.294766		0.176309		
0.000635602		0.00057176		0.000421544		0.998371		
0.998102		0.000740391		0.000170859		0.000987188		
0.473069		0.0919715		0.011687		0.423272		
0.175063		0.194273		0.347952		0.282711		
0.681723		0.0913866		0.0252101		0.201681		
0.000626798		0.000556225		0.000461509		0.998355		
0.000402789		0.000106124		0.998922		0.000569211		
0.000264108		0.000646571		0.00069479		0.998395		
0.0015861		0.00217918		8.16172e-06		0.996227		
0.30941		0.390218		0.289208		0.0111643		
0.00109427		0.00168159		0.000103039		0.997121		
0.365988		0.341772		0.223996		0.0682444		
0.4875		0.0354167		0.113021		0.364063		
0.443369		0.279768		0.0513069		0.225557		
0.442249		0.413374		0.0288754		0.115502		
0.00339628		6.70319e-05		0.000407778		0.996129		
0.168554		0.263502		0.377178		0.190767		
0.00308188		4.35822e-05		0.000323753		0.996551		
0.0574887		0.20348		0.0983359		0.640696		
0.000847299		0.996984		7.30897e-05		0.00209524		
0.247446		0.00113507		0.309308		0.442111		
0.19499		0.304817		0.28632		0.213873		
0.185304		0.411608		0.170927		0.232162		
0.297199		0.114901		0.26959		0.318311		
0.0717629		0.0413417		0.153666		0.733229		
0.327697		0.28441		0.269868		0.118025		
0.179143		0.087652		0.205374		0.527831		
0.358538		0.119754		0.256151		0.265557		
0.22757		0.167116		0.254139		0.351174		
0.997387		0.000436975		0.000953919		0.00122239		
0.00129501		0.00120755		0.996961		0.000536503		
0.536198		0.0694526		0.258976		0.135374		
0.996367		0.00090154		0.00132801		0.00140327		
0.358073		0.248322		0.196605		0.197		
0.367965		0.296537		0.205628		0.12987		
0.00139981		0.000607811		0.996914		0.00107832		
0.00014906		9.763e-05		0.000272841		0.99948		
7.27076e-06		0.999934		3.27877e-05		2.63478e-05		
0.418115		0.345445		0.208531		0.0279094		
0.109091		0.244789		0.310421		0.335698		
0.000475114		0.998684		0.000314336		0.000526956		
0.00111484		0.000625304		0.00154892		0.996711		
0.184061		0.263088		0.245749		0.307102		
0.998832		0.000554683		0.000594206		1.908e-05		
0.251701		0.0911565		0.0707483		0.586395		
0.999594		7.50963e-05		0.000206776		0.000124378		
0.998938		0.000792373		0.000159306		0.000110821		
0.209479		0.421801		0.204739		0.163981		
0.0874289		0.138127		0.350233		0.424211		
0.181894		0.254068		0.209011		0.355027		
0.000701188		0.00065744		0.000864029		0.997777		
0.996762		0.00119558		0.00106175		0.000980953		
0.998387		0.000657669		0.000917747		3.78658e-05		
0.00220785		0.997246		0.000536598		9.45547e-06		
0.0294671		0.308464		0.250784		0.411285		
0.213376		0.283793		0.198868		0.303963		
8.9018e-05		0.000125154		0.999598		0.000188172		
0.0756201		0.336358		0.0490018		0.53902		
0.999637		3.3588e-05		0.000176072		0.000153621		
0.18135		0.0617363		0.599357		0.157556		
0.00100378		0.996969		0.00153156		0.000495914		
0.408602		0.274791		0.233572		0.0830346		
0.996309		0.000514115		0.00142419		0.0017531		
0.250427		0.225384		0.247297		0.276892		
8.01299e-05		0.999766		9.57484e-05		5.84967e-05		
0.000490149		0.998941		2.99182e-05		0.000538527		
0.0703288		0.186017		0.388681		0.354973		
0.206088		0.301979		0.302588		0.189346		
0.999395		0.000339468		0.000114		0.000152001		
8.21857e-05		9.92505e-05		0.999633		0.000185751		
0.309098		0.329923		0.318232		0.0427475		
0.00163433		0.996117		0.00106833		0.00118015		
3.85105e-05		0.00249891		0.00100555		0.996457		
0.272062		0.00195027		0.249147		0.476841		
3.82257e-05		5.11549e-05		0.000254369		0.999656		
0.0250611		0.124694		0.308068		0.542176		
0.42301		0.206856		0.327135		0.0429983		
0.354918		0.0192623		0.373361		0.252459		
0.00146056		0.996867		6.23609e-05		0.00160989		
0.999836		4.90117e-05		7.82346e-06		0.000107227		
0.308889		0.258889		0.174444		0.257778		
0.384208		0.141156		0.329069		0.145567		
4.05669e-05		0.000109065		0.999598		0.000252712		
0.130648		0.396298		0.258574		0.21448		
0.221481		0.262136		0.416262		0.100121		
