0.324397		0.319929		0.307417		0.0482574		
0.186753		0.258466		0.22012		0.334661		
0.176517		0.313112		0.28454		0.225832		
0.00105341		0.000288474		0.996668		0.00199014		
0.414751		0.413449		0.110195		0.0616052		
0.998605		0.000438879		0.000449342		0.00050631		
0.263719		0.285669		0.295077		0.155535		
0.401384		0.143846		0.153732		0.301038		
0.000181611		0.999566		0.000105286		0.000146697		
0.422577		0.373522		0.0892435		0.114657		
0.999594		0.000119972		0.000242702		4.3576e-05		
0.317977		0.299936		0.117912		0.264175		
0.000273688		0.000404142		0.998914		0.000408108		
0.997734		4.96122e-05		0.000355554		0.00186046		
0.22611		0.400522		0.112272		0.261097		
0.142136		0.269515		0.268738		0.319612		
2.96618e-06		0.000461241		3.18864e-05		0.999504		
0.390668		0.341242		0.0237248		0.244365		
0.0180822		0.486027		0.333151		0.16274		
0.208141		0.274864		0.214436		0.30256		
0.998844		0.000177071		0.000561547		0.000417633		
0.996711		0.000503074		0.002387		0.00039899		
0.000506007		0.997293		0.00204069		0.00016034		
0.170361		0.302477		0.34246		0.184702		
0.50919		0.0503744		0.274336		0.166099		
0.139194		0.165882		0.400837		0.294087		
1.8372e-05		3.99409e-05		0.999934		8.09339e-06		
0.999484		0.000132047		0.000162392		0.000221185		
0.0014824		0.000793481		0.996375		0.00134912		
0.197531		0.0942761		0.398429		0.309764		
0.000219668		0.99957		0.000139519		7.05014e-05		
0.996336		0.00174217		0.00155285		0.000369042		
0.111919		0.33352		0.308338		0.246223		
0.122534		0.376947		0.414849		0.0856698		
0.996582		0.00161459		0.00160466		0.000198719		
0.000796944		0.998621		0.000388815		0.000193148		
0.192735		0.423814		0.25328		0.130172		
0.222522		0.0869858		0.422792		0.267701		
0.110672		0.468874		0.0602767		0.360178		
0.101266		0.267848		0.355443		0.275443		
0.000553531		0.000945959		0.997629		0.000871604		
0.000528269		0.000579153		0.998453		0.000439453		
0.0528684		0.087739		0.274466		0.584927		
0.00118066		0.000596191		0.00105908		0.997164		
0.427878		0.22001		0.312773		0.0393395		
7.78011e-05		0.998645		0.000824692		0.000452976		
0.00206875		0.996121		0.000847492		0.000962664		
2.84861e-05		1.85004e-05		0.999938		1.55136e-05		
0.102831		0.270871		0.344321		0.281978		
0.000338994		0.000227208		0.998559		0.000875204		
0.000904929		0.997328		0.000834251		0.000932695		
0.0847458		0.428768		0.168575		0.317911		
0.0017428		0.997039		0.000289707		0.00092843		
0.49067		0.0587267		0.350714		0.0998902		
0.000193085		0.997656		0.00143922		0.000711442		
0.00101394		0.000296989		0.000923449		0.997766		
0.489328		0.286019		0.169691		0.0549626		
0.00106233		0.99732		0.00118915		0.000428213		
0.457426		0.0227723		0.114851		0.40495		
0.999129		0.000212742		0.000473783		0.000184568		
0.000372345		0.999434		3.62879e-05		0.000157773		
0.99873		0.00045333		0.000307562		0.00050864		
0.0387297		0.625871		0.181255		0.154144		
0.0264055		0.413969		0.298126		0.261499		
0.375		0.0805412		0.442655		0.101804		
0.000270759		0.000468		0.998402		0.000858897		
0.0017365		0.996211		0.00164205		0.000410512		
0.591976		0.130961		0.0280091		0.249054		
0.291423		0.193937		0.266965		0.247675		
0.000641645		0.99898		0.000370278		7.60844e-06		
0.123251		0.107262		0.373751		0.395736		
0.314488		0.378092		0.144435		0.162986		
0.000729879		0.997734		0.000805867		0.000729879		
0.998703		0.000121719		0.000569069		0.000606087		
0.636788		0.0345472		0.0522876		0.276377		
0.000303569		0.000258132		0.998793		0.00064533		
0.402619		0.242501		0.347275		0.00760456		
0.00128946		0.000108799		0.000558768		0.998043		
0.108206		0.0662759		0.408927		0.416592		
0.162716		0.298491		0.210129		0.328664		
0.00129307		0.00012771		0.00100891		0.99757		
0.00114319		0.996512		0.000430652		0.00191444		
0.307632		0.271028		0.228193		0.193146		
0.248259		0.279394		0.206473		0.265875		
0.999988		2.79556e-06		3.81212e-06		5.11107e-06		
0.132692		0.177564		0.573718		0.116026		
0.000456362		0.997246		0.0013022		0.00099534		
0.147305		0.0473054		0.352096		0.453293		
0.00252862		0.000820093		0.000307535		0.996344		
0.000717163		0.00165773		0.996563		0.0010626		
0.998027		0.000850603		0.000629552		0.000492501		
0.112644		0.0721839		0.42069		0.394483		
0.997746		0.000860394		0.000708813		0.000684698		
0.268876		0.280403		0.25245		0.198271		
0.000219689		0.999016		0.000681599		8.30874e-05		
0.17999		0.479156		0.230996		0.109858		
0.998309		0.000692364		0.000546245		0.000452797		
0.310172		0.217343		0.397443		0.0750417		
0.555642		0.241245		0.198444		0.00466926		
0.112815		0.436418		0.14003		0.310737		
0.000722555		0.998703		0.000553462		2.08573e-05		
0.256037		0.302202		0.324219		0.117543		
0.147686		0.107274		0.681852		0.0631888		
0.263688		0.260856		0.169289		0.306167		
0.000631216		0.000710263		0.0010218		0.997637		
0.00026777		0.00085223		0.996699		0.00218078		
0.255278		0.230649		0.242768		0.271306		
0.216575		0.27793		0.455128		0.0503663		
0.00100842		0.000532878		0.998074		0.000384482		
0.0905116		0.241801		0.312637		0.35505		
0.000149449		0.00163948		0.000597795		0.997613		
0.0001475		0.0002699		0.000328694		0.999254		
0.30711		0.491679		0.026475		0.174735		
0.268121		0.487685		0.0851513		0.159043		
0.505271		0.381588		0.0105411		0.1026		
0.000812801		0.997781		0.000673184		0.000732766		
0.265978		0.294061		0.308909		0.131052		
0.2598		0.238913		0.254077		0.24721		
0.245441		0.329027		0.0919453		0.333587		
0.361647		0.342359		0.221068		0.0749258		
0.289622		0.323491		0.315241		0.0716457		
0.295434		0.172603		0.347489		0.184475		
0.236469		0.304782		0.244877		0.213873		
0.256422		0.300586		0.0784137		0.364579		
0.32362		0.201325		0.330684		0.144371		
0.000414366		0.00011703		0.000343604		0.999125		
0.000191318		0.0001707		0.999254		0.000384075		
0.000149099		0.000119168		0.999664		6.76709e-05		
5.70313e-05		2.26563e-05		0.000342187		0.999578		
0.00156355		0.996723		0.00138512		0.000328673		
0.277668		0.182847		0.272856		0.266629		
0.00100673		0.00117963		0.00102067		0.996793		
0.142042		0.261256		0.509195		0.0875079		
0.000284964		0.000859642		0.998262		0.000593675		
0.00193655		0.000248531		0.00146335		0.996352		
0.254391		0.0956996		0.193822		0.456087		
0.998891		0.000747255		0.000350612		1.1508e-05		
0.414899		0.179632		0.190476		0.214993		
0.290541		0.491684		0.0327443		0.185031		
0.000779181		0.998582		8.92498e-05		0.000549538		
0.00103822		0.998379		8.39075e-05		0.00049897		
0.00044778		0.000710526		0.00175966		0.997082		
0.00176999		0.000145049		0.996715		0.00137012		
0.28215		0.269994		0.182662		0.265195		
0.301758		0.319336		0.202799		0.176107		
0.027972		0.192745		0.415647		0.363636		
0.000734223		0.000884405		0.00181887		0.996563		
0.000543286		0.00058894		0.997809		0.00105918		
0.00116083		6.50658e-05		0.998496		0.000278008		
0.000314826		0.997598		0.00116917		0.000918351		
0.00148704		0.000366558		0.996922		0.00122453		
0.034157		0.724564		0.0145349		0.226744		
0.999898		4.70525e-05		2.23727e-05		3.21373e-05		
2.36926e-06		0.999996		9.78954e-07		5.58036e-07		
0.00145063		0.996691		0.000416937		0.00144103		
0.000346849		0.000322262		0.000393388		0.998938		
0.343145		0.00362903		0.310887		0.342339		
0.0528662		0.105096		0.259236		0.582803		
0.000282051		6.63871e-05		0.999313		0.000339062		
0.000630208		0.000677771		0.000582645		0.998109		
0.483888		0.370569		0.0526316		0.0929108		
0.119048		0.128472		0.274306		0.478175		
0.000479454		0.00145378		0.000262081		0.997805		
0.000297092		0.997254		0.00117632		0.00127268		
0.0427928		0.155405		0.131381		0.67042		
0.000109512		0.999363		0.000125018		0.000402189		
0.18916		0.188629		0.304995		0.317216		
0.000718834		0.998125		7.03753e-05		0.00108579		
0.000868506		6.25813e-05		0.99868		0.000389225		
0.116588		0.239177		0.352336		0.291899		
0.00147321		0.00058345		0.00183787		0.996105		
0.419706		0.373979		0.13718		0.0691345		
0.999305		3.77887e-06		0.000276278		0.000415256		
0.000101599		0.999793		7.4953e-05		3.04796e-05		
0.30709		0.300039		0.370936		0.021935		
0.447874		0.429819		0.0529994		0.0693069		
0.341946		0.254744		0.0682277		0.335083		
0.00168911		0.000480688		0.996656		0.00117395		
0.000699013		0.000936678		0.000754934		0.997609		
0.229032		0.0540323		0.645968		0.0709677		
0.31326		0.213812		0.338122		0.134807		
0.000728315		0.000426302		0.00021257		0.998633		
0.441571		0.181502		0.328692		0.0482347		
0.996504		0.000173807		0.0024333		0.000888982		
0.000589702		0.000240128		0.998023		0.00114673		
0.000834993		0.000186685		0.998828		0.000150197		
0.000382796		0.00102764		0.998188		0.000402064		
0.116969		0.322626		0.315992		0.244413		
0.999992		2.65842e-06		2.24035e-06		2.91373e-06		
0.188563		0.308089		0.280783		0.222566		
0.0730519		0.219156		0.147727		0.560065		
0.0411636		0.503293		0.44292		0.0126235		
0.000583245		0.996699		0.00163437		0.00108317		
0.162495		0.222637		0.344042		0.270826		
0.000470057		0.000494531		0.998352		0.00068385		
0.196848		0.261743		0.248455		0.292954		
0.996332		0.00133175		0.0012821		0.00105412		
0.161152		0.362269		0.382037		0.0945423		
0.000700423		0.00052757		0.00042435		0.998348		
0.365161		0.156774		0.25871		0.219355		
0.422037		0.0280665		0.107069		0.442827		
0.360637		0.0872203		0.232461		0.319681		
0.00293427		0.460681		0.05223		0.484155		
0.272887		0.392019		0.31338		0.0217136		
0.998789		2.89556e-05		0.000708298		0.000473684		
0.000656877		0.997969		0.000947843		0.000426529		
0.000226184		0.000478262		0.999062		0.000233054		
0.00058745		0.997977		0.000969126		0.000466862		
0.363778		0.0347691		0.227296		0.374157		
0.000565171		0.99677		0.00202948		0.000635818		
0.000952656		0.00180062		0.000910781		0.996336		
0.450443		0.0725222		0.43755		0.0394843		
0.000395107		0.00054094		0.000813953		0.99825		
0.000287154		9.66272e-05		0.999238		0.000377937		
0.147383		0.424242		0.32461		0.103765		
0.00060465		0.00140738		0.000546568		0.997441		
0.322115		0.553571		0.105082		0.0192308		
0.000363927		0.00151993		0.997281		0.000834892		
0.00178013		0.996812		0.00138074		2.66259e-05		
0.00101348		0.996238		0.000658649		0.00208959		
0.000466892		0.996633		0.00027828		0.00262202		
0.270895		0.0290456		0.335507		0.364552		
0.996301		0.000706087		0.00205075		0.000942387		
4.67729e-06		5.46364e-07		2.58885e-06		0.999992		
0.297004		0.0414277		0.378585		0.282983		
0.113974		0.345391		0.495045		0.0455897		
0.118711		0.143082		0.543239		0.194969		
0.263533		0.0591168		0.341524		0.335826		
0.408032		0.0961824		0.417452		0.0783342		
0.000102474		0.999234		0.00031962		0.000343531		
0.0763932		0.0763932		0.272386		0.574828		
0.197623		0.28737		0.290045		0.224963		
0.999504		4.89199e-05		0.00023869		0.000208484		
0.000672273		0.00130457		0.996508		0.00151534		
0.106092		0.48687		0.0131303		0.393908		
0.000146132		6.13594e-05		0.999082		0.000710477		
0.280615		0.0823723		0.540362		0.0966502		
0.48855		0.145038		0.142494		0.223919		
0.413665		0.274894		0.299258		0.0121822		
0.111893		0.146376		0.0879662		0.653765		
0.126941		0.332298		0.374224		0.166537		
0.246974		0.0838189		0.388167		0.28104		
0.277937		0.156001		0.293219		0.272843		
0.000777902		0.998473		2.7274e-05		0.000722168		
0.355281		0.21255		0.0662837		0.365886		
0.997414		3.80875e-05		0.00189034		0.00065751		
0.99941		0.000187252		0.000326131		7.64612e-05		
0.371232		0.0925436		0.232152		0.304072		
0.998594		4.63175e-05		0.000132519		0.00122741		
8.52512e-05		0.000285499		0.000121437		0.999508		
0.00246501		0.000456369		4.34637e-05		0.997035		
0.249868		0.375066		0.126775		0.24829		
0.0534351		0.463567		0.391395		0.0916031		
0.00183038		0.431361		0.129957		0.436852		
0.000382383		0.000140878		0.000453301		0.999023		
0.469512		0.116362		0.0558943		0.358232		
0.000777246		0.00122412		0.000940037		0.997059		
0.382002		0.0835629		0.361341		0.173095		
0.376751		0.439776		0.18254		0.000933707		
0.339864		0.428033		0.00979653		0.222306		
0.00107767		0.996746		0.000304255		0.00187198		
0.319716		0.238011		0.396092		0.0461812		
0.244444		0.443621		0.116049		0.195885		
0.996199		0.00158846		0.00112456		0.00108777		
0.00117882		0.000683577		0.00203213		0.996105		
0.290621		0.229414		0.107882		0.372083		
0.999762		8.13926e-05		8.44461e-05		7.24426e-05		
0.127245		0.379682		0.21293		0.280144		
0.181759		0.256293		0.273946		0.288003		
0.136567		0.435821		0.176866		0.250746		
0.335025		0.0989848		0.115736		0.450254		
0.999062		0.000484105		4.74613e-05		0.000405934		
0.998387		0.000124329		0.000151292		0.00133766		
0.153418		0.524642		0.182035		0.139905		
8.91848e-05		0.000839976		0.99857		0.000500527		
0.00100571		0.000544416		0.998		0.00044987		
0.0010513		0.000699089		0.00123008		0.99702		
0.210218		0.169179		0.534338		0.0862647		
0.436761		0.205674		0.189716		0.167849		
0.4087		0.208428		0.261441		0.121432		
0.0267592		0.538157		0.373637		0.061447		
0.311077		0.0151745		0.471421		0.202327		
0.000285344		0.000892719		0.00153678		0.997285		
0.277422		0.314209		0.314884		0.0934863		
0.0109091		0.444545		0.404545		0.14		
0.353414		0.0535475		0.408746		0.184293		
0.153051		0.494312		0.167528		0.185109		
0.998863		0.000541215		0.000577129		1.83746e-05		
0.0719921		0.0453649		0.451183		0.43146		
0.330345		0.361721		0.143433		0.1645		
0.00255348		0.997281		1.65274e-05		0.000148746		
0.999516		0.000100077		0.000242473		0.000141824		
0.000910241		0.00178407		0.997078		0.00022756		
0.999676		6.60894e-05		0.000201382		5.67469e-05		
0.000945184		0.000455344		0.000384628		0.998215		
0.230133		0.330457		0.220065		0.219346		
0.273072		0.00884956		0.316898		0.40118		
2.6862e-05		0.999313		0.000231685		0.000428953		
0.000114824		0.00107935		0.997391		0.00141521		
0.000115409		0.00111328		7.60012e-05		0.998695		
0.000774428		0.000345341		0.998406		0.000473981		
0.00636206		0.477154		0.29439		0.222094		
0.305152		0.615588		0.0693527		0.00990753		
0.252988		0.583001		0.13081		0.0332005		
0.000335559		0.000388542		0.998914		0.000361836		
0.000421606		0.000400275		0.000490619		0.998687		
0.999156		0.000418739		3.76286e-05		0.000387382		
0.27315		0.0870172		0.453234		0.186598		
0.0567937		0.299065		0.0603882		0.583753		
0.0990516		0.302775		0.277836		0.320337		
0.000819612		0.00080385		0.996398		0.0019781		
0.00111008		0.996512		0.00163561		0.000742593		
0.291149		0.187425		0.212255		0.309171		
0.0592275		0.0841202		0.694421		0.162232		
0.238825		0.258692		0.409768		0.0927152		
0.122302		0.220624		0.102518		0.554556		
0.000477728		0.998684		0.000185301		0.000653378		
1.79563e-05		0.999949		2.26327e-05		1.01922e-05		
0.0774306		0.302431		0.278819		0.341319		
0.996477		0.00132301		0.00118548		0.00101495		
0.320083		0.391718		0.151553		0.136646		
0.00133663		0.000502342		0.00163759		0.996523		
0.231109		0.230557		0.10535		0.432984		
0.076226		0.287846		0.197761		0.438166		
0.000151825		0.99768		0.000820467		0.00134802		
0.130404		0.23494		0.341602		0.293055		
0.000371197		0.00181195		0.996445		0.00137154		
0.323815		0.009113		0.0692588		0.597813		
0.183512		0.182132		0.318731		0.315626		
0.213333		0.131494		0.226667		0.428506		
0.405525		0.188949		0.378885		0.0266404		
0.000797871		0.998094		0.000426611		0.000681768		
0.335931		0.24318		0.167576		0.253313		
0.402929		0.278243		0.193724		0.125105		
0.000663159		0.000238665		0.000453645		0.998645		
0.485714		0.184906		0.257143		0.0722372		
0.000510643		0.00113038		0.996637		0.00172226		
0.274585		0.037037		0.507024		0.181354		
0.00258936		0.00033701		0.996992		8.1444e-05		
0.996348		0.000655374		0.00193199		0.00106498		
0.433124		0.00289715		0.178658		0.385321		
0.999223		0.000460255		0.000218462		9.86262e-05		
0.000299253		0.999016		0.00027996		0.000405162		
0.428191		0.271277		0.286348		0.0141844		
0.00108927		0.997008		0.000924426		0.000978494		
0.214286		0.572704		0.0637755		0.149235		
0.996789		0.00206126		7.14298e-05		0.00107825		
0.000762557		0.000572335		0.000360421		0.998305		
0.35122		0.376585		0.253171		0.0190244		
0.000525312		0.000550604		0.000943615		0.99798		
0.256098		0.173018		0.551829		0.0190549		
0.292822		0.0920398		0.260483		0.354655		
0.365557		0.195985		0.164818		0.27364		
0.399217		0.21184		0.0954012		0.293542		
0.996422		0.000785506		0.00250889		0.000283728		
0.000445736		0.000852927		0.000177899		0.998523		
0.998273		0.000244745		0.00136315		0.000118664		
9.28969e-06		5.90396e-07		0.99998		9.65116e-06		
0.000736333		0.00102853		0.000449981		0.997785		
0.00170242		0.000236037		0.996949		0.00111233		
0.117397		0.356436		0.196134		0.330033		
0.253617		0.357447		0.17617		0.212766		
0.382254		0.520089		0.0742188		0.0234375		
0.000141444		0.0002941		0.000568363		0.998996		
0.396725		0.00461797		0.264064		0.334593		
0.000109947		8.17454e-05		0.999797		1.14329e-05		
0.997902		0.000608922		0.000996734		0.000492		
0.381387		0.168491		0.0462287		0.403893		
0.000573649		0.000821362		0.000800301		0.997805		
0.000501784		0.998		0.0010868		0.000411415		
0.281992		0.14751		0.114007		0.456491		
3.9378e-05		0.999898		5.00976e-05		1.20869e-05		
0.272727		0.350298		0.111618		0.265356		
0.997086		0.00191829		0.000705052		0.00029072		
0.000698071		0.000812913		0.998129		0.00036011		
0.996875		0.00146364		0.000981385		0.000679977		
0.997109		0.00157524		0.000869159		0.000446228		
0.459935		0.130293		0.372638		0.0371336		
0.000889797		0.998719		0.000144448		0.000247005		
0.185481		0.298369		0.241765		0.274384		
4.53791e-05		0.999609		0.000205232		0.000140014		
0.997426		0.00114468		0.00130448		0.000125063		
0.00034079		0.999078		0.000146764		0.000434321		
0.17013		0.359111		0.139681		0.331078		
0.99848		0.000554059		0.000842831		0.000122641		
0.120701		0.187458		0.569791		0.12205		
0.0371634		0.301479		0.374289		0.287069		
0.348707		0.300839		0.0401817		0.310273		
0.285043		0.334176		0.141618		0.239162		
0.000295351		0.00131811		0.997094		0.00129279		
0.3177		0.242531		0.284613		0.155156		
0.000252324		0.998367		0.000693526		0.000686963		
0.000840186		0.997086		0.000663944		0.00140993		
0.997844		0.00143418		0.000566036		0.000156033		
0.998609		0.000386224		0.000833719		0.000170683		
0.000922351		0.996563		0.00191252		0.000602628		
0.330618		0.494908		0.0488798		0.125594		
0.000691727		0.99857		0.000262287		0.000475673		
0.33046		0.172989		0.0689655		0.427586		
0.275967		0.284453		0.262729		0.17685		
0.000474254		0.000735781		0.000661059		0.998129		
0.183292		0.354946		0.14921		0.312552		
0.998281		0.000797667		0.000429234		0.000491849		
0.15157		0.114734		0.23913		0.494565		
0.0346045		0.205508		0.359463		0.400424		
0.000669618		0.998645		0.000336838		0.000349013		
0.107858		0.105547		0.641757		0.144838		
0.416364		0.331515		0.0212121		0.230909		
0.204042		0.251203		0.442733		0.102021		
0.99975		0.000186375		5.03428e-05		1.32819e-05		
0.23182		0.251653		0.369326		0.147201		
0.31476		0.393598		0.25904		0.0326023		
0.00089345		0.997746		0.000838637		0.000521819		
0.000544962		0.000604278		6.95105e-05		0.998781		
0.0978166		0.158952		0.282096		0.461135		
0.000808422		0.000739543		0.00058094		0.997871		
0.997441		0.000175967		0.000376204		0.00200642		
9.27858e-05		0.000722994		0.999055		0.000129533		
0.234733		0.380153		0.202672		0.182443		
0.00133921		0		0.99791		0.000750638		
1.27001e-05		0.000741687		0.997938		0.00130811		
0.138551		0.160914		0.402528		0.298007		
0.000273864		0.000895181		0.998566		0.000264549		
0.0539084		0.22965		0.330997		0.385445		
0.000583268		0.998055		0.000627257		0.000734787		
0.122417		0.283307		0.303657		0.29062		
0.000304622		0.00139706		0.99625		0.00204832		
0.00093848		0.996242		0.00132594		0.00149339		
0.000626354		0.000888633		0.000992825		0.997492		
0.00106698		0.00111092		0.000982253		0.99684		
0.106901		0.546685		0.0751015		0.271313		
0.163771		0.39748		0.0325804		0.406169		
1.49329e-05		0.00163329		0.997809		0.000543185		
0.000823447		0.000263823		0.997828		0.00108461		
0.00117203		0.00138901		0.00111083		0.996328		
0.998223		0.00089574		0.000787789		9.3815e-05		
0.999941		2.90534e-05		1.52571e-05		1.42832e-05		
0.000356808		0.997738		0.00109134		0.000813568		
0.99832		0.000386961		0.000428765		0.000863962		
0.32109		0.0580569		0.517773		0.103081		
0.399129		0.240929		0.316401		0.0435414		
0.000138922		0.00147026		0.000812694		0.997578		
0.000460535		0.000504565		8.56809e-05		0.998949		
0.0611354		0.368559		0.167686		0.40262		
9.43014e-05		0.000150882		0.999621		0.000133723		
0.00165015		0.00122988		0.000440283		0.99668		
0.000959657		0.000504988		0.997008		0.00152754		
0.27907		0.226886		0.22405		0.269994		
0.62801		0.0608365		0.228137		0.0830165		
0.218679		0.120729		0.220957		0.439636		
0.375597		0.0896552		0.314058		0.22069		
0.996156		0.000117666		0.00141689		0.00230919		
0.998563		0.000470397		0.000599835		0.000367268		
0.321762		0.0618603		0.327103		0.289275		
0.000364857		0.000313437		0.999281		4.04557e-05		
0.996383		0.00141575		0.00187122		0.000330215		
5.46541e-05		0.000905997		0.997051		0.00198857		
0.998543		0.000435496		0.000270169		0.000751366		
0.289017		0.179716		0.509721		0.0215449		
0.997578		0.000304332		0.00114066		0.000976881		
0.300409		0.144414		0.251362		0.303815		
0.998609		0		0.000557254		0.000833371		
0.396277		0.0496454		0.435727		0.118351		
0.997422		0.000246492		0.00165606		0.000675571		
0.0833333		0.277656		0.330058		0.308952		
0.208317		0.0731707		0.333067		0.385446		
0.0388937		0.288678		0.365601		0.306828		
3.2124e-05		0.000117788		1.80566e-05		0.999832		
0.0145858		0.246208		0.388565		0.350642		
0.996727		0.000613995		0.00100832		0.00165112		
0.000679319		0.998738		0.000277543		0.000304857		
0.000198314		0.000135246		0.000244564		0.999422		
0.000181533		0.00172366		0.00161043		0.996484		
3.85045e-06		8.09581e-05		9.48789e-05		0.99982		
0.000203373		0.00151259		0.00180748		0.996477		
6.22478e-05		0.000332937		0.999355		0.000249347		
0.112401		0.394333		0.248955		0.24431		
0.996543		0.00232629		0.000993896		0.000136841		
0.999328		2.93716e-06		0.000342913		0.000326025		
0.996953		0.000126548		0.00151046		0.00140987		
0.594444		0.202778		0.175926		0.0268519		
0.000239704		0.000142506		0.999508		0.000109977		
0.000301395		0.000140344		0.999039		0.000519198		
0.000151425		0.000213088		0.000498767		0.999137		
0.000455869		0.00157993		0.000764985		0.997199		
0.000138342		0.00181765		0.99716		0.000883849		
0.325647		0.275765		0.252235		0.146353		
0.00147298		0.00138346		0.00034668		0.996797		
0.000847428		0.00140964		0.00117653		0.996566		
0.00020359		9.99216e-05		0.000294144		0.999402		
0.997793		0.000280014		0.000986548		0.000940469		
0.378584		0.146284		0.132826		0.342305		
0.996523		0.000921928		0.00211151		0.00044312		
2.96746e-05		0.998926		0.000378351		0.000666194		
0.998863		0.000350808		7.40783e-05		0.000711833		
0.000413765		0.000479331		0.998512		0.000595185		
0.448929		0.23418		0.241654		0.0752367		
0.0356234		0.326209		0.478372		0.159796		
0.00165837		0.675788		0.092869		0.229685		
0.000861822		0.000540286		0.000566642		0.998031		
0.0880121		0.439555		0.0136571		0.458776		
0.00136767		0.997164		2.51481e-05		0.00144312		
0.28271		0.13493		0.0654206		0.516939		
0.000782807		0.997055		0.00172462		0.000437883		
0.99934		0.00023577		1.09153e-05		0.000413471		
0.313445		0.290374		0.0135243		0.382657		
0.0375847		0.535428		0.341343		0.0856439		
0.000308326		0.99898		0.000130378		0.000580827		
0.000585018		0.000456725		0.998691		0.00026685		
0.0903465		0.142946		0.571163		0.195545		
0.000738691		0.998191		2.17903e-05		0.00104811		
0.300227		0.336619		0.0159212		0.347233		
0.288605		0.295455		0.247821		0.16812		
0.000246629		0.00211668		0.000265601		0.997371		
0.000745109		0.00137543		0.00137946		0.9965		
0.351304		0.204638		0.2		0.244058		
0.325725		0.205421		0.41845		0.0504042		
0.000582589		0.000312297		0.000370739		0.998734		
2.47439e-05		0.000477792		3.65266e-05		0.999461		
0.996313		0.000530576		0.00101871		0.00213822		
0.996582		0.0011028		0.00118533		0.00112984		
0.197216		0.149265		0.623357		0.0301624		
0.133536		0.110774		0.379363		0.376328		
0.000634586		0.000462818		0.998266		0.000636971		
0.000360044		0.000372193		0.00080292		0.998465		
0.000644288		0.000812877		0.99793		0.000613148		
0.00119892		0.997691		0.00047764		0.000632029		
0.103088		0.298826		0.399739		0.198347		
0.31875		0.320192		0.112019		0.249038		
2.59532e-05		0.00161487		0.00154277		0.996816		
0.225225		0.553153		0.102703		0.118919		
0.416813		0.518973		0.0116754		0.0525394		
0.000138631		0.00162198		0.00111829		0.997121		
0.482673		0.200495		0.0940594		0.222772		
0.238355		0.245744		0.223257		0.292644		
0.180433		0.452311		0.24238		0.124877		
0.0609365		0.556767		0.23669		0.145606		
0.059322		0.331215		0.237994		0.371469		
0.0369815		0.232884		0.341829		0.388306		
0.998816		0.000201966		0.000344798		0.00063683		
0.000672885		0.998148		0.000579554		0.000599123		
0.997434		0.000645057		0.0014007		0.000520653		
0.129775		0.26093		0.278877		0.330419		
0.996313		0.00161598		0.00177422		0.000297302		
0.378788		0.0931818		0.512879		0.0151515		
0.0319088		0.410256		0.0552707		0.502564		
0.193881		0.220206		0.332978		0.252935		
0.999297		8.97303e-05		0.000246402		0.000366992		
0.172713		0.288249		0.352129		0.186909		
0.250128		0.0838875		0.383632		0.282353		
0.284903		0.319451		0.101278		0.294368		
0.00051849		0.000945417		0.997566		0.000969687		
0.261084		0.0914067		0.235359		0.412151		
0.623465		0.200546		0.149386		0.026603		
0.515699		0.0965463		0.00784929		0.379906		
0.996672		0.000442113		0.00132634		0.00155967		
0.996941		0.0013709		0.000446405		0.00124129		
0.996184		0.000823508		0.00142577		0.00156712		
0.0649284		0.265337		0.468814		0.20092		
0.28689		0.254556		0.166373		0.292181		
0.000648874		0.99748		0.000786562		0.00108409		
0.14599		0.331795		0.501443		0.0207732		
0.238714		0.186047		0.278386		0.296854		
0.0699588		0.185185		0.14952		0.595336		
0.000269057		0.000222157		0.00223144		0.997277		
0.438596		0.0937343		0.4		0.0676692		
0.0606339		0.250804		0.313275		0.375287		
0.449568		0.357349		0.037464		0.15562		
0.216639		0.242323		0.262702		0.278336		
8.10811e-05		2.22973e-05		6.84966e-05		0.999828		
0.00131521		0.403332		0.19772		0.397633		
0.422264		0.0590796		0.0124378		0.506219		
0.998031		0.000859318		0.000601165		0.000508266		
0.998367		0.000752297		0.000713047		0.000167468		
0.239665		0.0615157		0.264272		0.434547		
0.307386		0.0532223		0.328747		0.310644		
0.000251021		0.000246724		0.999293		0.000209286		
0.000442137		0.00090378		0.00167752		0.996977		
0.386992		0.177642		0.284959		0.150407		
0.242565		0.103129		0.354577		0.29973		
0.000649913		0.998457		0.000554628		0.000338428		
0.000957946		0.997059		0.00140239		0.000581074		
0.998687		0.000948441		0.000116457		0.000247602		
0.365025		0.0512315		0.242365		0.341379		
0.251268		0.191332		0.314892		0.242508		
0.347303		0.110058		0.287536		0.255102		
0.0919298		0.382456		0.338246		0.187368		
0.000190946		0.000309633		0.999188		0.000311922		
4.66488e-05		3.21548e-05		0.999891		3.05714e-05		
0.450563		0.0594493		0.106383		0.383605		
0.344094		0.237711		0.0612619		0.356933		
0.340595		0.0827887		0.0043573		0.572259		
0.358724		0.176432		0.333984		0.130859		
0.437323		0.0777085		0.441293		0.0436756		
0.412065		0.146728		0.405419		0.0357873		
0.219168		0.278365		0.223397		0.27907		
0.00163551		0.000591051		0.997551		0.000222656		
0.00120794		0.00127542		0.996223		0.00129398		
0.0115533		0.270432		0.350877		0.367137		
0.123848		0.25491		0.333467		0.287776		
0.047866		0.344236		0.345034		0.262864		
0.00571837		0.461044		0.450322		0.0829164		
0.287677		0.352323		0.311515		0.0484848		
0.000715676		0.00118879		0.997113		0.000982253		
0.802571		0.0385675		0.0817264		0.077135		
0.213405		0.386059		0.337802		0.0627346		
0.23263		0.30397		0.227357		0.236042		
0.00015649		7.30056e-05		0.999637		0.000133785		
0.000223679		5.66275e-06		8.70648e-05		0.999684		
0.000445549		0.998773		0.000151122		0.000629892		
0.00161765		0.000133109		0.000878151		0.997371		
0.19919		0.126289		0.353093		0.321429		
0.000173821		6.10543e-05		4.63746e-05		0.999719		
0.997789		0.000930256		0.000767687		0.000512995		
0.263758		0.358097		0.332547		0.0455975		
0.433031		0.438066		0.0251762		0.103726		
0.000366225		0.00053884		7.93098e-05		0.999016		
0.183522		0.410636		0.0370532		0.368788		
0.7575		0.03625		0.15625		0.05		
0.366856		0.26204		0.17611		0.194995		
0.182825		0.149584		0.430748		0.236842		
0.603376		0.253165		0		0.14346		
0.138782		0.382885		0.44158		0.0367526		
0.998195		6.58245e-05		0.00098627		0.000752593		
0.000330704		0.00173475		0.0012822		0.996652		
0.998234		0.00074756		0.000565126		0.000452939		
2.78587e-05		0.996781		0.00190939		0.0012815		
7.80396e-05		0.999758		9.5816e-05		6.83319e-05		
0.99657		0.00104885		0.00187237		0.000508471		
0.522546		0.0594164		0.148541		0.269496		
0.325734		0.279102		0.280829		0.114335		
0.237774		0.257673		0.20742		0.297133		
0.261213		0.321013		0.00456811		0.413206		
0.0376648		0.363842		0.356685		0.241808		
0.0014539		0.000191216		0.996777		0.00157754		
0.236554		0.219843		0.380157		0.163446		
5.16193e-05		0.99991		1.933e-05		1.88944e-05		
0.047619		0.384954		0.354542		0.212885		
0.00538424		0.438571		0.459129		0.0969163		
0.000629606		0.999		0.000165184		0.00020521		
0.0657471		0.363678		0.137471		0.433103		
0.256868		0.23903		0.199072		0.30503		
3.15649e-05		2.98331e-05		6.3602e-05		0.999875		
0.00141042		0.00118841		0.997293		0.000108207		
0.997754		0.000774145		0.000992432		0.000479517		
0.000610266		0.998266		0.000584138		0.00053997		
0.00148741		0.996555		0.00190726		5.06353e-05		
0.996289		0.00220193		0.00108095		0.000428067		
0.0754398		0.281461		0.31157		0.331529		
0.436275		0.28164		0.176916		0.105169		
0.150956		0.652604		0.17996		0.0164799		
0.221049		0.35142		0.340495		0.0870357		
0.180225		0.133034		0.337528		0.349213		
0.000751097		0.997258		0.00110616		0.000884929		
0.997543		0.000518041		0.000744074		0.00119492		
0.209245		0.132322		0.349682		0.308751		
0.996168		0.00330917		0.000161917		0.00036094		
0.000101392		0.00051535		0.000695758		0.998687		
0.406955		0.261278		0.142387		0.18938		
0.288039		0.295769		0.279089		0.137103		
0.0598477		0.162133		0.307399		0.47062		
0.000112643		0.998859		0.000234751		0.000793231		
0.213755		0.222119		0.0734201		0.490706		
0.488387		0.0163214		0.416824		0.0784683		
0.218467		0.0136026		0.383347		0.384584		
0.339181		0.00637959		0.480064		0.174375		
0.00639135		0.307768		0.254179		0.431662		
0.00158408		9.28987e-05		0.00148318		0.99684		
0.468864		0.120879		0.029304		0.380952		
0.00197358		0.000770112		0.996805		0.000451625		
0.000605965		0.000579435		9.97561e-05		0.998715		
0.153609		0.264796		0.303113		0.278481		
0.998426		0.000440716		0.000918836		0.000214666		
0.000659314		0.000707641		0.997566		0.00106664		
0.218094		0.0306947		0.696284		0.0549273		
0.295649		0.227328		0.311102		0.165921		
0.252384		0.349963		0.169112		0.22854		
0.078229		0.286618		0.306591		0.328562		
0.437443		0.276519		0.0825023		0.203536		
0.081095		0.443698		0.0764463		0.39876		
0.000346934		0.00120433		0.0014253		0.997023		
0.000182906		0.997563		0.000119449		0.00213515		
0.221204		0.251963		0.465969		0.0608639		
0.000731434		0.00127707		0.996383		0.00160868		
0.0013081		0.997168		0.000615888		0.00090804		
0.139354		0.188011		0.295446		0.37719		
0.10995		0.221702		0.333453		0.334895		
0.000105348		0.000456508		0.998723		0.000715488		
0.118675		0.0901564		0.416743		0.374425		
0.00264104		0.000200719		0.997016		0.000142616		
0.000376969		0.99791		0.000607023		0.00110585		
0.998859		0.000398306		0.000468392		0.000273928		
0.252459		0.0863388		0.0655738		0.595628		
0.18044		0.208112		0.248673		0.362775		
0.24692		0.194965		0.248527		0.309588		
0.996234		9.15468e-05		0.00193265		0.00174142		
0.00140117		0.997527		0.000997973		7.35114e-05		
0.000817796		0.000582915		0.000970383		0.997629		
0.297468		0.183149		0.289557		0.229826		
2.96116e-05		0.00136707		0.997105		0.00149785		
0.000214708		0.998109		0.000675436		0.00100048		
0.402344		0.428385		0.104167		0.0651042		
0.377358		0.0355918		0.377787		0.209262		
0.997227		0.00104941		0.000833905		0.000890124		
0.192666		0.119321		0.444444		0.243569		
5.07856e-05		3.03197e-06		0.000633682		0.999313		
0.203915		0.117863		0.292007		0.386215		
0.998449		0		0.00113425		0.000416532		
0.495524		0.0526593		0.108478		0.343339		
0.261457		0.130728		0.273034		0.334781		
0.104135		0.387443		0.0520674		0.456355		
0.998359		0.000604196		0.000941926		9.45025e-05		
0.000201972		0.999027		0.000211539		0.000559144		
0.000373785		0.000694172		0.00108439		0.997848		
0.261664		0.255892		0.271284		0.211159		
0.000394873		0.998117		0.000571502		0.000916438		
0.000409708		0.999164		0.000151989		0.00027424		
0.000571608		0.997488		0.000925118		0.00101499		
0.000279791		0.998832		0.000428142		0.000460036		
0.362346		0.111164		0.385052		0.141438		
0.339316		0.0577678		0.55244		0.0504767		
0.000182044		0.997645		0.000375188		0.00179824		
0.000909303		0.997062		0.00127367		0.000754528		
0.107692		0.278205		0.0891026		0.525		
0.0718686		0.0585216		0.520534		0.349076		
0.0562537		0.302813		0.283662		0.357271		
0.228605		0.230586		0.219097		0.321712		
0.234885		0.621265		0.0410007		0.102849		
0.348817		0.311828		0.0993548		0.24		
0.343		0.078		0.097		0.482		
0.244386		0.206961		0.357036		0.191617		
0.0621415		0.458413		0.190727		0.288719		
0.000373833		0.00206281		0.996633		0.000930549		
0.99959		2.89405e-05		0.000201253		0.000179963		
0.000543718		0.998711		0.000667382		7.79621e-05		
0.0986985		0.64859		0.14859		0.104121		
0.186762		0.256324		0.166948		0.389966		
0.0787781		0.472669		0.255091		0.193462		
0.996223		0.000210468		0.00183698		0.0017299		
0.000364223		0.00100602		0.998301		0.000328976		
0.657343		0.169386		0.106449		0.0668221		
0.0432836		0.28607		0.376617		0.29403		
0.000467851		0.00100683		0.0013261		0.997199		
0.999559		0.000370856		4.9947e-05		2.06031e-05		
0.000512501		0.00057673		0.998332		0.000578738		
0.0014498		0.996484		0.00146354		0.000602286		
0.99675		0.00128375		0.00165344		0.000312812		
0.0667009		0.407901		0.306824		0.218574		
0.996918		0.0011689		0.000733511		0.00117962		
0.2915		0.385726		0.303128		0.0196472		
0.00111426		0.00129374		0.997582		9.97101e-06		
0.000454437		0.000878212		0.00107751		0.99759		
0.160399		0.046815		0.262471		0.530315		
0.000918239		0.998859		0.000117649		0.000104737		
0.223502		0.280818		0.249424		0.246256		
0.41784		0.171697		0.0120724		0.39839		
0.377542		0.21488		0.24353		0.164048		
0.00115888		0.000689561		0.997883		0.000268745		
0.00105461		0.00113928		0.00147799		0.996328		
0.0954638		0.423832		0.460393		0.0203114		
1.40992e-05		0.999969		4.35739e-06		1.27934e-05		
0.282987		0.347051		0.164616		0.205346		
0.134441		0.0966767		0.361027		0.407855		
0.996273		0.0010199		0.00147493		0.00123173		
0.157208		0.0841487		0.205479		0.553164		
0.000793866		0.998855		5.72266e-05		0.000293438		
0.224859		0.33604		0.0780762		0.361024		
0.000128284		0.00176544		0.996316		0.00178987		
0.997469		0.00087565		0.000960184		0.000695416		
0.312113		0.18435		0.0848806		0.418656		
0.996641		0.00165738		0.000487651		0.00121435		
0.000497151		0.00106549		0.99784		0.000597515		
0.171319		0.250523		0.295534		0.282624		
0.189647		0.33378		0.443998		0.0325747		
0.000745127		0.000831709		0.00192316		0.9965		
0.448958		0.0171875		0.157812		0.376042		
0.355969		0.0981834		0.24308		0.302768		
0.00188465		0.00013035		0.997906		7.87532e-05		
0.345185		0.10261		0.156166		0.39604		
0.00010677		0.000233606		3.0718e-05		0.999629		
0.199862		0.27326		0.187457		0.339421		
0.245219		0.122822		0.309817		0.322142		
0.996262		0.00132989		0.000721707		0.00168669		
0.000101812		0.996941		0.00136173		0.00159505		
0.997391		0.00101968		0.000193906		0.00139579		
0.000847566		0.00058027		0.000177634		0.998395		
0.137888		0.0469405		0.408634		0.406538		
7.55026e-05		0.000113779		0.999668		0.000142749		
0.000344631		0.998758		0.000438837		0.000458719		
0.163166		0.309101		0.0371567		0.490576		
0.000103041		0.000432682		0.000186933		0.999277		
0.11192		0.332311		0.182829		0.37294		
0.00110352		0.00186507		0.000172032		0.996859		
0.596418		0.0197015		0.19403		0.189851		
8.15616e-05		0.999793		1.27596e-05		0.00011271		
0.999328		0.000245431		0.00022836		0.000198084		
0.467662		0.018479		0.298507		0.215352		
0.165229		0.183145		0.38288		0.268746		
0.000544187		0.000695627		0.00053753		0.998223		
0.212925		0.399337		0.152858		0.23488		
0.000738483		0.000542762		0.998543		0.000175786		
0.362253		0.129376		0.480467		0.0279046		
0.00177849		0.00068139		0.0013409		0.996199		
0.0628717		0.354291		0.326678		0.25616		
0.196106		0.367177		0.0593417		0.377376		
0.998266		0.000261551		0.000416157		0.00105667		
0.0741852		0.369211		0.340051		0.216552		
0.0338866		0.312586		0.435685		0.217842		
0.237279		0.122534		0.180166		0.460021		
0.538119		0.0463787		0.128971		0.286531		
0.000300673		0.00128228		0.00223736		0.99618		
0.351393		0.246646		0.0975232		0.304438		
0.00129772		0.00143024		6.50109e-05		0.997207		
0.998531		0.000553374		0.000144235		0.000771141		
0.339037		0.280143		0.102268		0.278552		
0.291144		0.180351		0.245249		0.283256		
4.32327e-05		0.000110976		0.000119229		0.999727		
0.183134		0.231087		0.374948		0.210831		
0.000651193		0.000614284		0.998332		0.000402492		
0.148936		0.499741		0.29424		0.0570835		
0.210597		0.242659		0.292609		0.254134		
0.139465		0.297399		0.254052		0.309084		
0.000831222		0.00166244		0.00126024		0.996246		
0.996715		0.00135691		0.000658979		0.00126926		
0.000330053		0.000423745		0.000402452		0.998844		
0.109651		0.290557		0.2743		0.325493		
0.000354395		0.00149157		0.000732156		0.997422		
0.18239		0.675651		0.0709793		0.0709793		
0.999965		3.22864e-06		2.17805e-05		1.01471e-05		
0.153177		0.298033		0.283283		0.265507		
0.272848		0.0662252		0.636424		0.0245033		
0.389781		0.0885645		0.345985		0.175669		
0.0513299		0.375642		0.269715		0.303313		
6.22939e-07		0.000132063		0.000386845		0.99948		
0.00132427		0.00174926		0.000817102		0.996109		
4.9869e-05		0.000241034		0.997918		0.00179113		
4.73291e-05		0.000169612		8.38401e-05		0.999699		
0.000945817		0.997687		0.0008983		0.000468383		
0.360753		0.372043		0.253763		0.0134409		
0.273174		0.237569		0.15531		0.333947		
0.000712115		0.996102		0.00229488		0.000891443		
0.000486827		0.996098		0.000293642		0.00312188		
0.34402		0.213977		0.244957		0.197046		
0.0578171		0.174631		0.461357		0.306195		
0.250792		0.181098		0.181626		0.386484		
0.000952198		0.997141		0.000539347		0.00136783		
0.000610693		0.00148535		0.000489896		0.997414		
0.00174277		0.000903072		0.000440094		0.996914		
0.247502		0.0676658		0.232516		0.452316		
0.173836		0.303477		0.450796		0.0718916		
0.294946		0.131798		0.224568		0.348688		
0.0127932		0.331557		0.312367		0.343284		
0.0611489		0.36504		0.377393		0.196418		
0.273918		0.22299		0.277919		0.225173		
0.997262		0.0010944		0.000862391		0.000781494		
0.136072		0.243902		0.405648		0.214377		
0.0362432		0.347623		0.367108		0.249026		
0.998707		0.000359793		0.000339233		0.000593943		
0.00258595		4.9458e-05		0.000837253		0.996527		
0.996961		0.00131209		0.00119294		0.000534025		
0.194894		0.434462		0.071674		0.298969		
0.361188		0.137419		0.0965645		0.404828		
0.000254846		0.000217507		0.000113584		0.999414		
0.000133379		0.000121017		0.000257323		0.999488		
0.343416		0.024911		0.171708		0.459964		
0.999582		0.000267678		2.50949e-05		0.000125195		
0.322034		0.224713		0.252597		0.200656		
0.329562		0.290703		0.294638		0.0850959		
0.000673254		0.00159133		0.996375		0.00136042		
0.326029		0.285857		0.229748		0.158367		
0.000145592		9.56126e-05		0.999719		4.00455e-05		
0.139668		0.114226		0.504154		0.241952		
0.234069		0.172181		0.323529		0.270221		
0.372828		0.0315956		0.375987		0.219589		
0.998113		0.0007362		0.000802227		0.000348292		
0.219858		0.550827		0.0661939		0.163121		
0.0453762		0.34865		0.486502		0.119472		
0.998172		0.000136386		0.000395382		0.00129636		
0.224063		0.32426		0.108087		0.34359		
0.997395		0.000877992		0.000937855		0.000789622		
0.131148		0.0876201		0.322781		0.458451		
0.0160104		0.375162		0.359585		0.249243		
0.998289		0.000429004		0.000777622		0.000504312		
0.0106762		0.523725		0.344603		0.120996		
0.421108		0.499478		0.0282132		0.0512017		
0.136712		0.354721		0.30514		0.203427		
0.000140229		0.99973		4.69454e-05		8.23568e-05		
0.0950096		0.228407		0.294626		0.381958		
0.424805		0.250977		0.292969		0.03125		
0.000334004		0.000611991		0.000296192		0.998758		
