0.540488		0.0597686		0.0784062		0.321337		
0.000524833		0.997422		0.00154074		0.000512556		
0.999398		0.000207222		0.000342148		5.21921e-05		
0.00111463		0.00216915		0.99616		0.000556063		
0.318327		0.358566		0.0549801		0.268127		
0.000186375		0.996117		0.00199756		0.00169888		
0.00155462		0.000785577		0.000347308		0.997313		
0.000653858		0.00055898		0.000556694		0.99823		
0.305583		0.265916		0.387855		0.0406464		
0.242625		0.242257		0.216814		0.298304		
0.0614173		0.379528		0.501575		0.0574803		
8.92198e-05		0.999738		6.80975e-05		0.000104401		
0.00033845		0.000228037		0.999285		0.000148357		
0.216853		0.363486		0.0140438		0.405618		
0.30167		0.0662839		0.152401		0.479645		
0.320067		0.289713		0.319393		0.0708263		
0.310044		0.336245		0.00396983		0.349742		
0.111937		0.285832		0.365964		0.236266		
1.5346e-05		6.41741e-06		0.000251674		0.999727		
0.0018437		0.000680173		0.000995657		0.99648		
0.18246		0.320565		0.24496		0.252016		
0.134085		0.310532		0.308978		0.246405		
0.00158745		0.996117		0.00177272		0.000522649		
0.000199056		0.999422		0.000169599		0.00020947		
0.000951303		0.00246872		0.996309		0.000271384		
0.054923		0.292699		0.35499		0.297388		
0.49797		0.400541		0.0135318		0.0879567		
0.0901781		0.402068		0.218265		0.289489		
0.234536		0.177405		0.414519		0.17354		
0.0819502		0.220436		0.250519		0.447095		
0.251613		0.481525		0.105572		0.16129		
0.000458819		0.998066		0.000213023		0.00126175		
0.261571		0.281206		0.172511		0.284712		
0.999996		1.87302e-06		9.63211e-07		1.07002e-06		
0.000260746		0.000168934		0.998941		0.000628913		
0.00039897		0.000848992		0.00136141		0.997391		
0.303691		0.142198		0.372064		0.182047		
0.126673		0.281071		0.418738		0.173518		
0.00132542		0.000964667		0.000522417		0.997188		
0.997738		0.000246907		0.00101879		0.000996019		
0.207729		0.465915		0.10789		0.218465		
0.292049		0.327217		0.321101		0.059633		
1.63151e-05		0.000668919		1.39844e-05		0.999301		
0.00148039		0.00111082		0.000541605		0.996867		
0.334079		0.3615		0.205932		0.0984891		
0.498264		0.328993		0.116319		0.0564236		
1.02005e-06		4.5342e-06		0.999992		2.25825e-06		
0.325432		0.301727		0.325432		0.0474094		
6.61318e-06		0.00307513		0.996188		0.000730757		
0.470673		0.0461538		0.473077		0.0100962		
0.523151		0.207025		0.117616		0.152209		
0.339559		0.237691		0.21562		0.207131		
0.000480635		0.000649698		0.00024076		0.998629		
0.424881		0.159075		0.237254		0.17879		
0.00080744		0.997		0.00162309		0.000569475		
0.000126991		3.34865e-05		0.000171554		0.999668		
0.998629		0.000338306		0.000586643		0.000446145		
0.000854427		0.00123178		0.997383		0.000530984		
0.000146327		0.000177623		0.000402612		0.999273		
0.356313		0.261248		0.210087		0.172351		
0.467677		0.15101		0.0737374		0.307576		
0.998922		0.000343682		0.000461381		0.000273062		
0.101104		0.233891		0.325383		0.339623		
0.300702		0.0735048		0.301036		0.324758		
0.205045		0.272579		0.336452		0.185924		
0.000198924		0.999367		0.000349443		8.44457e-05		
0.245117		0.282267		0.172348		0.300268		
0.000210004		6.67642e-06		0.999695		8.80073e-05		
0.00137676		0.000257407		0.000975206		0.997391		
0.14722		0.339053		0.193548		0.320178		
0.00127015		0.000508454		0.997098		0.00112374		
0.183994		0.118923		0.0344054		0.662678		
0.000806777		0.000859125		0.996684		0.0016505		
0.000393848		0.000206937		0.998867		0.000532028		
0.32206		0.312452		0.262875		0.102613		
0.260191		0.239376		0.199046		0.301388		
0.0395809		0.36981		0.334886		0.255724		
0.0279188		0.0736041		0.555838		0.34264		
0.244681		0.283511		0.28617		0.185638		
0.0982094		0.398806		0.0455779		0.457406		
0.000789412		0.996238		0.00228586		0.000686445		
0.00127944		0.99766		0.000862751		0.000197658		
0.000273688		0.00058207		0.00148409		0.99766		
0.343807		0.239313		0.270369		0.146511		
2.78397e-05		0.000376655		0.99891		0.000685349		
0.000612301		0.000476548		0.998816		9.47441e-05		
0.00101833		0.000515813		0.996137		0.00232914		
0.343564		0.142574		0.485644		0.0282178		
0.220803		0.201642		0.383668		0.193887		
0.00149273		0.000925318		0.996355		0.00122648		
1.73481e-05		5.95794e-05		0.999906		1.68224e-05		
0.210376		0.148233		0.437286		0.204105		
2.67009e-05		0.999414		0.000263054		0.000296183		
0.000209944		0.996621		0.00138246		0.0017865		
0.000395508		0.996977		0.0020918		0.000536133		
0.997715		0.000395006		0.000182813		0.00170734		
0.139013		0.283632		0.0952915		0.482063		
0.00156085		0.000275563		0.996563		0.00160108		
0.000832741		0.000624953		0.997121		0.00142121		
0		9.85557e-05		0.99923		0.000670976		
0.292632		0.324632		0.374737		0.008		
0.000404764		0.000525084		0.998836		0.000234214		
0.102116		0.024839		0.411224		0.461822		
0.214679		0.238532		0.29945		0.247339		
0.403376		0.24447		0.0215367		0.330617		
0.307826		0.533333		0.0394203		0.11942		
0.450147		0.1941		0.276106		0.079646		
0.109462		0.628015		0.246753		0.0157699		
0.00138716		0.996746		0.000849901		0.00101685		
0.0755045		0.342728		0.271747		0.310021		
0.0005188		0.000396907		0.000935855		0.998148		
0.211009		0.315407		0.191395		0.282189		
0.389005		0.296543		0.10329		0.211162		
0.106293		0.296623		0.325403		0.271681		
0.000221002		0.998715		0.000616578		0.000447576		
4.79812e-06		1.76991e-06		1.24447e-06		0.999992		
0.353819		0.29698		0.333925		0.0152753		
0.138476		0.310494		0.358409		0.192621		
0.000783026		0.00051669		0.998203		0.000497159		
0.998078		0.00027501		0.000276609		0.00137026		
0.999258		0.000118533		0.000104396		0.000519259		
0.0011171		0.997375		0.000803252		0.00070465		
0.351806		0.0440376		0.25235		0.351806		
0.104702		0.393915		0.256815		0.244567		
0.00023525		0.00051874		0.000390542		0.998855		
0.000275112		0.998785		0.000473647		0.000466084		
0.23185		0.267648		0.260622		0.23988		
0.00100289		0.00118837		0.997234		0.00057436		
0.445695		0.288689		0.23354		0.0320765		
0.999746		8.55084e-05		4.6879e-05		0.000121519		
0.16188		0.284269		0.29047		0.263381		
0.997918		0.000271784		0.000648988		0.00116126		
0.000225108		0.000384778		0.99932		6.9801e-05		
0.00142215		0.000979454		0.996828		0.000770266		
2.06919e-05		0.999949		1.19657e-06		2.88928e-05		
0.998746		0.000850169		0.000179129		0.000224608		
0.492036		0.0722412		0.418089		0.0176337		
0.386341		0.170244		0.339024		0.10439		
0.362715		0.146256		0.201638		0.289392		
0.202779		0.359238		0.41791		0.0200721		
0.323434		0.0645578		0.0671401		0.544868		
0.996961		0.00125975		0.0015523		0.00022701		
0.367634		0.118294		0.417766		0.0963061		
0.997102		0.00125719		0.00046357		0.00117768		
0.0014078		0.000609174		0.997328		0.000654903		
0.997902		0.0010736		4.1843e-05		0.00098221		
0.142857		0.252137		0.127595		0.477411		
0.205089		0.356207		0.160756		0.277949		
0.255963		0.334639		0.119616		0.289783		
0.109503		0.0774072		0.628068		0.185022		
0.00454959		0.141947		0.484076		0.369427		
0.000119451		0.00127507		0.998355		0.000250013		
5.0815e-06		0.000116875		5.77315e-05		0.99982		
0.00012016		0.000121847		0.99959		0.000168149		
0.000379223		0.00132083		0.00215151		0.996148		
0.308222		0.131931		0.191969		0.367878		
0.148571		0.218286		0.371429		0.261714		
0.217617		0.424399		0.1187		0.239284		
0.9975		0.000691176		0.000748663		0.00106016		
0.116966		0.460915		0.34337		0.0787493		
0.00040058		0.000303995		0.000482925		0.998812		
0.504526		0.383223		0.07242		0.039831		
0.227768		0.030853		0.320327		0.421053		
0.997629		0.000143246		0.000252565		0.00197528		
0.321252		0.0461285		0.478858		0.153762		
0.000225347		0.997391		0.00143614		0.000947888		
0.406694		0.0106491		0.274848		0.307809		
0.110418		0.453525		0.391142		0.0449158		
0.000941319		0.000417133		0.997281		0.0013603		
0.00110405		0.99759		0.000413719		0.000892383		
0.000647605		0.00110562		0.997781		0.000465525		
0.201129		0.399179		0.119548		0.280144		
0.486809		0.0961055		0.226131		0.190955		
0.384885		0.2836		0.317491		0.0140242		
0.293074		0.265801		0.258009		0.183117		
0.299285		0.135533		0.368442		0.196741		
0.225968		0.396355		0.338952		0.0387244		
0.000146945		0.999156		0.000474609		0.000222195		
0.331547		0.314398		0.271168		0.0828867		
0.0671642		0.651289		0.189959		0.0915875		
0.198204		0.0654266		0.266838		0.469532		
0.330584		0.26967		0.165609		0.234137		
0.0981098		0.215122		0.19532		0.491449		
0.290418		0.138735		0.354051		0.216796		
0.00051665		0.000722383		0.998609		0.000151592		
0.000486779		0.000328576		0.00139949		0.997785		
0.000194639		0.000201209		0.999391		0.000213528		
0.000210483		0.999598		0.000119631		7.223e-05		
3.23377e-05		0.99957		0.000338333		5.90163e-05		
0.00152616		0.000470783		0.996332		0.00167102		
0.0392262		0.477163		0.211714		0.271897		
0.321007		0.127375		0.231638		0.319979		
0.000405871		0.00048809		0.00025057		0.998855		
0.165254		0.271186		0.340042		0.223517		
0.56761		0.203616		0.156447		0.072327		
7.89786e-05		0.999793		3.59429e-05		9.21097e-05		
0.160856		0.432416		0.0654434		0.341284		
0.000951689		0.000428061		0.998613		6.96844e-06		
0.147016		0.275109		0.304221		0.273654		
0.000953694		0.000853007		0.997266		0.000927674		
0.996277		0.00193851		0.00106574		0.000718407		
0.427739		0.118298		0.250583		0.20338		
0.997898		0.000855287		0.000352177		0.000894098		
0.276413		0.257576		0.289107		0.176904		
0.296013		0.292736		0.0862916		0.324959		
1.13464e-06		0.999996		1.13714e-06		1.63448e-06		
0.00025753		0.999578		0.000122412		4.19334e-05		
0.388559		0.24231		0.229897		0.139234		
0.146908		0.336747		0.269004		0.247341		
0.387172		0.194752		0.183673		0.234402		
0.277018		0.296875		0.268229		0.157878		
0.19337		0.345856		0.265193		0.19558		
0.119236		0.164032		0.175231		0.541502		
0.000528566		0.00198301		0.996949		0.000539208		
0.996359		0.00120589		0.00123155		0.00120319		
0.000194339		0.000515746		0.999035		0.000254759		
6.89073e-06		7.21847e-06		0.999984		1.5158e-06		
0.240514		0.491535		0.260362		0.00758903		
0.000132719		0.000444772		0.998949		0.00047329		
0.665746		0.051105		0.0593923		0.223757		
0.371418		0.0800149		0.326386		0.222181		
0.33457		0.262832		0.330241		0.0723562		
0.32981		0.131078		0.131078		0.408034		
0.000113462		1.49025e-05		0.000164604		0.999707		
0.375292		0.264857		0.0481984		0.311652		
0.0334498		0.369446		0.401897		0.195207		
0.0723562		0.444341		0.134045		0.349258		
0.527319		0.113723		0.168361		0.190597		
0.00023104		0.000608718		0.998449		0.000711023		
0.00150668		0.99659		0.000377628		0.00152585		
0.372559		0.438965		0.124512		0.0639648		
0.998645		6.5466e-05		0.000813496		0.000476507		
0.0814558		0.343154		0.176776		0.398614		
0.350049		0.258033		0.335443		0.0564752		
0.00117795		0.00237032		0.99625		0.000201729		
0.00123175		0.998262		0.00048516		2.13672e-05		
0.997496		0.000731229		0.00125565		0.000517031		
0.000191103		0.999617		0.000150823		4.08858e-05		
0.997156		0.00116322		0.000881447		0.000799082		
0.000288257		0.000213421		0.99707		0.00242801		
0.000156037		0.99898		0.000785475		7.80186e-05		
0.308393		0.0338321		0.64216		0.0156148		
0.999504		0.000273875		2.07924e-05		0.000201426		
0.0950788		0.337315		0.369326		0.19828		
0.146072		0.369565		0.29939		0.184973		
0.182504		0.690045		0.0475113		0.0799397		
0.997121		0.000358029		0.00043433		0.00208655		
0.000364483		0.000353995		0.999215		6.66783e-05		
0.0969529		0.16759		0.158587		0.57687		
0.000565856		0.00216325		0.996348		0.000923239		
0.000159157		0.000410579		0.00171151		0.997719		
0.221617		0.209953		0.172628		0.395801		
0.167648		0.259628		0.154508		0.418215		
0.254977		0.332695		0.306662		0.105666		
0.241758		0.523199		0.119048		0.115995		
0.0653009		0.320529		0.402902		0.211268		
0.00102425		0.00119933		0.996563		0.00121392		
0.000636964		0.000865339		0.997281		0.00121645		
0.0917431		0.336627		0.0395201		0.53211		
0.36446		0.218676		0.303783		0.113081		
0.40304		0.198028		0.347165		0.0517666		
0.25084		0.177311		0.202521		0.369328		
0.000180434		0.00023383		0.999391		0.000195111		
0.503398		0.0946158		0.350758		0.0512284		
0.000682436		0.00166838		0.000778088		0.996871		
0.000980356		0.000403073		0.996816		0.00180017		
0.32845		0.222487		0.257922		0.191141		
0.206571		0.276826		0.255156		0.261447		
0.996895		0.000644972		0.00117964		0.00128086		
0.21137		0.159621		0.36188		0.267128		
0.384533		0.344253		0.075188		0.196026		
0.997316		0.00129833		0.000300047		0.00108522		
0.000358668		0.000288989		0.000211717		0.999141		
0.175349		0.266977		0.313488		0.244186		
0.375449		0.311558		0.167983		0.145011		
0.999906		8.39932e-06		6.29525e-05		2.23982e-05		
0.000238187		0.999086		0.00040031		0.000275566		
0.476098		0.398049		0.0673171		0.0585366		
0.143039		0.44946		0.298156		0.109345		
0.0519481		0.233766		0.37072		0.343566		
0.00139166		0.997078		0.000171698		0.00135852		
0.999168		0.000118481		0.000407362		0.000306187		
0.999195		0.000524052		2.45649e-05		0.000256071		
0.999598		4.79407e-05		0.000146959		0.000207444		
0.47973		0.141892		0.349662		0.0287162		
0.000568553		0.998969		0.000420866		4.18305e-05		
0.000492016		0.00105655		0.997082		0.0013694		
0.000449373		0.996195		0.00177609		0.00157922		
0.000245024		0.000202609		0.99932		0.000232054		
0.211177		0.317571		0.124127		0.347125		
0.997523		0.00139877		0.000687559		0.000390236		
0.420478		0.188669		0.0358628		0.35499		
0.403378		0.495777		0.0322901		0.0685544		
0.323545		0.498712		0.062339		0.115404		
0.000134269		0.00128675		0.00121961		0.997359		
0.000233522		0.998902		0.000425273		0.000438861		
0.000785458		0.00127782		0.000565633		0.997371		
0.0785536		0.592269		0.0448878		0.284289		
0.0423764		0.298297		0.356045		0.303282		
0.21611		0.200393		0.34905		0.234447		
0.300446		0.0237977		0.291026		0.38473		
0.312358		0.224412		0.199393		0.263836		
0.999223		0.000363175		0.000339544		7.4625e-05		
0.306184		0.299648		0.299145		0.0950226		
0.0285215		0.528522		0.366705		0.0762515		
0.377011		0.17144		0.188309		0.26324		
0.998289		0.00104158		0.000232914		0.000436441		
0.999383		0.00035574		5.61469e-05		0.000205301		
0.000931482		0.997207		0.000404479		0.00145701		
0.109406		0.261386		0.320792		0.308416		
0.000968284		0.000779897		0.997535		0.000716662		
0.000448638		0.000860934		0.997598		0.00109277		
0.352518		0.00479616		0.0663469		0.576339		
0.999164		0.000156456		0.000418871		0.000260611		
0.00106769		0.997832		0.000247275		0.000853003		
0.370079		0.115157		0.0925197		0.422244		
0.245979		0.23778		0.280353		0.235888		
0.118039		0.207044		0.425036		0.249881		
0.996488		0.00139117		0.000202734		0.00191781		
0.998305		0.000820603		0.000861183		1.35264e-05		
0.224319		0.0985325		0.0628931		0.614256		
0.307832		0.03051		0.207195		0.454463		
0.000336066		0.000311605		0.000172641		0.99918		
0.16083		0.0155642		0.337224		0.486381		
0.177419		0.39219		0.125637		0.304754		
0.260331		0.453512		0.0134298		0.272727		
0.000794923		0.998691		0.000193531		0.00032014		
0.132235		0.381176		0.260235		0.226353		
0.0007419		0.996902		0.00186805		0.000487704		
0.258621		0.311548		0.0408982		0.388933		
0.000817534		0.000952228		0.997797		0.000433363		
0.284976		0.34011		0.31909		0.0558236		
0.996855		0.00121005		0.00191033		2.41474e-05		
0.123549		0.391547		0.294008		0.190896		
0.00189202		0.00146518		9.59201e-05		0.996547		
0.00151659		0.00105407		0.997215		0.000214501		
0.220618		0.423805		0.0458167		0.309761		
0.998555		0.000549857		0.000150823		0.000744633		
0.118519		0.111111		0.346667		0.423704		
7.39962e-05		0.997316		0.00151774		0.00109185		
0.00126081		0.996539		0.00100295		0.00119718		
0.99773		0.000571764		0.000823691		0.000874076		
0.464402		0.437878		0.0353653		0.0623546		
0.331866		0.192625		0.0115575		0.463952		
0.0397456		0.0280869		0.527822		0.404346		
0.000708368		0.000415547		0.998465		0.000411241		
0.998703		0.000446205		0.000582006		0.000268664		
0.334443		0.462008		0.0321686		0.171381		
0.150257		0.315497		0.135702		0.398545		
0.997395		0.000924855		0.00102666		0.000653955		
0.462936		0.242514		0.129602		0.164948		
0.160179		0.583918		0.0676452		0.188258		
0.00206497		0.00153997		0.996164		0.000230996		
0.998934		0.000193637		0.000427498		0.000445271		
0.000169665		0.000211814		0.000110709		0.999508		
0.00022931		0.00137586		0.997105		0.00128936		
0.000633		0.000412321		0.998547		0.000407804		
2.49938e-05		0.000610144		0.999066		0.000298456		
0.997156		0.000976652		0.00098296		0.000884138		
0.305527		0.336114		0.179353		0.179006		
0.413043		0.0177462		0.378882		0.190328		
0.00221099		0.000655295		0.996523		0.000610274		
0.426276		0.10775		0.399338		0.0666352		
0.353438		0.129875		0.383193		0.133494		
0.322106		0.0853499		0.322433		0.270111		
0.000610588		5.85779e-05		0.999152		0.00017849		
0.188986		0.184628		0.236926		0.389461		
3.93539e-05		2.50066e-05		1.76708e-05		0.999918		
0.551499		0.183181		0.238592		0.0267275		
8.54218e-05		4.50387e-05		0.999836		3.36019e-05		
0.369463		0.240339		0.389727		0.000471254		
3.84663e-05		8.41091e-05		0.999746		0.000131331		
0.000285957		0.000133274		0.999277		0.000303425		
0.344784		0.379137		0.267281		0.00879765		
0.000440876		0.000473674		0.998605		0.000479981		
0.0992908		0.0471125		0.357143		0.496454		
0.282248		0.106641		0.307791		0.303321		
0.997719		0.00114208		0.000926485		0.000212684		
0.000230104		0.00108067		0.00165798		0.997031		
0.0677406		0.342007		0.375052		0.2152		
0.534858		0.34802		0.0022309		0.114891		
0.197885		0.401498		0.0674306		0.333186		
0.998098		0.000413553		0.000885922		0.000602868		
0.000309863		0.000750592		0.998609		0.00033017		
0.187729		0.392117		0.345388		0.0747664		
0.0775		0.23		0.0075		0.685		
0.235184		0.236309		0.228432		0.300075		
0.428993		0.468796		0.0918919		0.0103194		
0.290323		0.223435		0.359108		0.127135		
0.0811199		0.427136		0.15865		0.333094		
0.00066091		0.00087933		0.99759		0.000869916		
0.000847774		0.000125897		0.998055		0.000971641		
0.0580822		0.310685		0.336986		0.294247		
0.0013193		0.996402		0.00116027		0.00111808		
0.00023259		0.996781		0.000725282		0.00226088		
0.0996241		0.272556		0.266917		0.360902		
0.0433137		0.356182		0.199327		0.401177		
0.196315		0.273189		0.451715		0.0787802		
0.540856		0.178988		0.143969		0.136187		
0.11562		0.67611		0.0612557		0.147014		
0.133994		0.0782065		0.502607		0.285193		
0.00171628		0.997535		0.000657456		9.11081e-05		
0.997176		0.00107817		0.000898917		0.000847133		
0.000135751		0.999582		0.000142324		0.000139894		
6.99359e-05		0.999723		9.83902e-05		0.000109018		
0.000599219		0.00166175		0.000735124		0.997004		
0.000981773		0.00109523		0.000559717		0.997363		
0.0482389		0.0712098		0.706738		0.173813		
0.0024477		0.996434		0.00110188		1.68227e-05		
4.58694e-06		0.00158708		0.997684		0.000724737		
0.00163356		0.00114937		0.001053		0.996164		
0.00205178		0.997621		0.000132507		0.000194619		
0.000207946		0.998305		0.00139689		9.04802e-05		
0.00046235		0.000566439		0.998617		0.000354024		
0.000775219		0.00129902		0.996613		0.00131248		
0.0788072		0.457401		0.0149095		0.448882		
0.214608		0.230388		0.139766		0.415239		
0.397808		0.00876712		0.505753		0.0876712		
0.0482143		0.35		0.498214		0.103571		
0.337031		0.336649		0.0133894		0.31293		
0.996477		0.00150013		0.000355523		0.00166778		
0.000200783		0.998941		0.000418597		0.000439213		
0.99618		0.00138584		0.00118522		0.00124925		
0.00139233		0.000267565		0.997047		0.00129323		
0.000489082		0.000393576		0.99891		0.000207186		
0.266112		0.272349		0.262474		0.199064		
0.0460089		0.320953		0.149667		0.48337		
0.12259		0.498623		0.285124		0.0936639		
0.000781944		0.997918		0.000919625		0.000380462		
0.999723		0.000113083		0.000101738		6.25226e-05		
0.434457		0.0101659		0.225254		0.330123		
0.18232		0.0748926		0.16329		0.579497		
0.103903		0.298523		0.226266		0.371308		
2.77471e-05		0.000239867		0.00029098		0.999441		
0.295723		0.0176991		0.0317109		0.654867		
0.299479		0.262044		0.299479		0.138997		
0.316472		0.345006		0.0354518		0.30307		
0.174093		0.378503		0.137345		0.31006		
0.202284		0.241843		0.33075		0.225122		
0.311867		0.266754		0.106244		0.315136		
0.00627803		0.643049		0.30583		0.044843		
0.305459		0.375532		0.295393		0.023616		
8.10757e-05		7.48619e-05		0.999719		0.000125312		
0.000371071		0.000384128		0.000170583		0.999074		
0.998027		0.00099515		0.000377593		0.000599913		
0.000901374		0.00171804		0.996938		0.000443085		
0.310358		0.298194		0.330999		0.0604497		
0.00238562		0.000251496		0.996254		0.00110898		
0.000169976		0.996277		0.00182304		0.00172964		
0.20628		0.355171		0.115322		0.323227		
0.249027		0.0933852		0.576654		0.0809339		
0.998012		0.000263586		0.00100553		0.000719166		
0.000313205		0.000599888		0.997984		0.00110253		
0.222947		0.128933		0.308135		0.339985		
0.377637		0.363713		0.00464135		0.254008		
0.000508183		0.000818886		0.00128231		0.997391		
0.0238423		0.432829		0.286107		0.257221		
0.000299008		0.000217889		2.21662e-05		0.999461		
0.000122651		3.16519e-06		0.000120277		0.999754		
0.387173		0.16247		0.420903		0.0294537		
0.00110049		0.996492		0.00126281		0.00114451		
0.999105		7.8094e-06		0.000449395		0.000437326		
0.161558		0.13256		0.104391		0.601491		
0.00155559		0.000748287		0.996328		0.00136799		
0.000497512		0.998566		0.000375415		0.000560666		
0.000477006		0.00063119		0.00122383		0.997668		
0.00117815		0.000201147		0.998254		0.000366798		
0.000164938		0.99966		4.64535e-05		0.000128452		
0.000140494		0.000827545		0.000567117		0.998465		
0.272664		0.0348675		0.376569		0.3159		
0.290703		0.316786		0.225074		0.167438		
0.0719807		0.437681		0.202415		0.287923		
0.00126448		0.000278112		0.000285529		0.998172		
0.273185		0.288282		0.196981		0.241553		
0.00108797		0.000314646		0.997652		0.000945045		
0.153811		0.342057		0.379247		0.124885		
0.000334039		0.00158399		0.00171869		0.996363		
0.252318		0.349691		0.215224		0.182767		
0.387795		0.409449		0.0833333		0.119423		
0.996559		0.00306493		0.000119586		0.000256887		
8.53089e-07		3.30011e-05		0.999965		1.30208e-06		
0.000890795		0.00136363		0.996434		0.00131199		
5.98227e-05		0.000239618		0.999691		9.1532e-06		
0.144561		0.247719		0.48		0.127719		
0.000755628		0.00141288		0.996613		0.00121821		
0.0623624		0.290536		0.0748349		0.572267		
0.512868		0.098652		0.325368		0.0631127		
0.0379689		0.433669		0.448765		0.0795974		
0.0732054		0.253731		0.32978		0.343284		
0.997379		0.00126509		0.000532531		0.000823475		
0.000125974		0.000116522		0.999625		0.000132505		
0.138009		0.282482		0.307369		0.27214		
0.0872274		0.565421		0.129283		0.218069		
0.182316		0.102113		0.384585		0.330986		
0.00052666		0.00130348		0.997293		0.000876889		
0.000531065		3.01314e-05		0.000743491		0.998695		
0.000188073		0.999508		0.000206903		9.72114e-05		
0.529551		0.169622		0.0880615		0.212766		
0.339095		0.325369		0.0884596		0.247077		
0.296684		0.397906		0.187318		0.118092		
0.00142212		0.000547933		0.997961		6.90144e-05		
0.357064		0.156769		0.335669		0.150498		
0.335141		0.223789		0.30658		0.13449		
0.124675		0.0142857		0.267532		0.593506		
0.00024613		0.999121		0.000318178		0.000314598		
0.000590128		0.998457		0.000711992		0.000240849		
0.00094813		0.996977		0.000945418		0.00112989		
5.90933e-05		0.996254		0.00186988		0.00181712		
0.00134952		0.000861308		0.997617		0.000171984		
0.000582666		0.996105		0.00227013		0.00104174		
0.998781		0.000437957		0.000613008		0.000167785		
0.99768		0.00157378		0.000591175		0.00015536		
0.273763		0.138127		0.304379		0.283731		
0.0516325		0.0197418		0.179954		0.748671		
0.154466		0.338214		0.0973646		0.409956		
0.259444		0.327869		0.410549		0.00213828		
0.0592149		0.443114		0.269461		0.22821		
0.410773		0.297697		0.026727		0.264803		
0.269261		0.164019		0.21525		0.351469		
0.0928062		0.16749		0.323449		0.416255		
0.385404		0.397294		0.0430504		0.174252		
0.00052616		0.998949		0.00030308		0.000221541		
0.17281		0.0984894		0.135347		0.593353		
7.43223e-05		0.000400232		0.999129		0.000396539		
0.314769		0.374441		0.213327		0.0974639		
0.000695715		0.997133		0.000548139		0.00162333		
0.000452966		0.000199612		0.998113		0.00123414		
0.141651		0.065666		0.351782		0.440901		
0.443585		0.124659		0.181529		0.250227		
0.000651429		0.00154375		0.996437		0.00136732		
0.330591		0.355647		0.0822737		0.231488		
0.000318542		0.999012		0.000373994		0.000295745		
0.328405		0.227626		0.142412		0.301556		
0.213412		0.221426		0.223956		0.341206		
0.996852		0.000929539		0.000318304		0.0019006		
0.181918		0.154355		0.511577		0.15215		
0.996566		0.000385316		0.00276		0.000288273		
0.996734		0.00132718		0.000866647		0.00107179		
0.000971291		0.000851111		0.00179088		0.996387		
0.000201099		0.999059		0.00017016		0.000570147		
0.599265		0.0251225		0.00183824		0.373775		
0.380628		0.173261		0.272851		0.173261		
0.997973		0.000183294		0.000657267		0.00118678		
0.00133563		0.99643		0.00167452		0.000560166		
0.105837		0.210895		0.346693		0.336576		
0.398876		0.0177903		0.490637		0.0926966		
0.000602008		0.000878258		0.997793		0.000726766		
0.0540709		0.13238		0.436296		0.377253		
0.000242827		0.000284172		0.999402		7.06573e-05		
0.00104633		0.996316		0.00151173		0.00112554		
0.269098		0.214203		0.332821		0.183877		
0.00166155		0.000551463		0.997098		0.000689329		
0.000574083		0.000166461		2.11752e-05		0.999238		
0.000101283		0.000307725		0.999055		0.000536304		
0.000634593		0.00135825		0.996934		0.00107356		
0.303552		0.492231		0.145394		0.0588235		
0.997102		0.00133956		3.78674e-05		0.00152101		
0.400105		0.44795		0.0299685		0.121977		
0.00089375		0.997297		0.000972917		0.000836458		
0.178832		0.282117		0.309854		0.229197		
0.14614		0.284031		0.0931055		0.476724		
0.998449		0.000654089		0.000674194		0.000222498		
0.000979644		0.000660093		0.99725		0.00111026		
0.997566		0.00157957		0.000569949		0.00028407		
0.405533		0.211201		0.321862		0.0614035		
0.000735103		0.00119761		0.000715724		0.997352		
0.376086		0.478283		0.0638733		0.0817578		
0.0020696		0.000117447		0.996172		0.00164108		
0.00109684		0.99627		0.00118278		0.00145085		
0.135885		0.121464		0.273433		0.469218		
0.000916663		0.998742		0		0.00034115		
0.182115		0.174282		0.403394		0.240209		
0.068741		0.382055		0.239508		0.309696		
0.163017		0.397567		0.352311		0.0871046		
0.000855804		0.00148176		0.00116634		0.996496		
0.280136		0.329372		0.26927		0.121222		
0.000543445		0.000670868		0.000481		0.998305		
4.57727e-05		0.999758		9.67182e-05		9.96966e-05		
0.998828		3.53527e-05		0.000831442		0.00030508		
0.157645		0.00474834		0.615385		0.222222		
0.220247		0.257983		0.2373		0.28447		
0.362523		0.224138		0.307169		0.106171		
0.157122		0.18649		0.36417		0.292217		
0.000329359		0.998887		0.000734479		4.94437e-05		
0.000631767		0.99868		0.000514606		0.000173939		
0.000871706		0.996371		0.00122116		0.00153604		
0.28964		0.263514		0.247748		0.199099		
0.161336		0.0199005		0.429282		0.389481		
0.00061948		0.00045917		0.998641		0.000280725		
0.468976		0.232161		0.172182		0.12668		
0.310594		0.134831		0.0674157		0.487159		
0.24087		0.0530435		0.638261		0.0678261		
0.00025302		0.000338019		0.000881617		0.998527		
0.179372		0.044843		0.2287		0.547085		
0.269121		0.291637		0.263045		0.176197		
0.24788		0.113338		0.296453		0.342328		
0.390469		0.314374		0.206764		0.0883935		
0.996488		0.00124116		0.00204833		0.000222234		
0.155445		0.264799		0.222775		0.356981		
0.03125		0.133333		0.380556		0.454861		
0.501534		0.361196		0.0245399		0.11273		
0.000439453		0.997363		0.00106211		0.00113516		
0.184869		0.341297		0.00113766		0.472696		
0.356508		0.313662		0.192401		0.137429		
0.0859141		0.462537		0.294705		0.156843		
0.281472		0.380762		0.0531915		0.284574		
5.96397e-05		0.999508		0.000200402		0.000232146		
0.000139832		0.000427027		0.00106595		0.998367		
0.35265		0.121908		0.349823		0.175618		
0.000880602		0.00133951		0.997008		0.000772077		
0.544963		0.111562		0.0446247		0.298851		
0.997898		0.000268734		0.00100247		0.000830359		
0.151626		0.328437		0.488458		0.0314795		
0.191027		0.211378		0.333025		0.26457		
0.0341792		0.291041		0.340238		0.334542		
0.335839		0.0731124		0.306457		0.284592		
0.418951		0.208582		0.0762813		0.296186		
0.0011363		0.000857561		0.997398		0.000607701		
0.000773913		0.000328378		0.998734		0.000163334		
0.996711		0.0013891		5.74007e-06		0.00189422		
0.99743		0.00106503		0.00126352		0.000241762		
0.999301		0.000269324		0.000180345		0.000249551		
0.444008		0.368369		0.108546		0.0790766		
0.0388019		0.533016		0.0748809		0.353302		
0.000413917		0.000795461		0.000720309		0.99807		
7.14054e-05		0.999836		6.61161e-05		2.65409e-05		
9.17324e-05		3.03526e-05		5.76025e-05		0.99982		
4.194e-05		0.000138021		0.000234102		0.999586		
0.323438		0.246753		0.240569		0.189239		
0.134506		0.178996		0.18417		0.502328		
0.000754461		0.000503741		0.998453		0.000288673		
0.0887045		0.339502		0.2291		0.342693		
0.000169426		0.000268572		0.998473		0.00108935		
0.359766		0.310271		0.326237		0.00372539		
0.999953		1.79297e-05		2.04844e-05		8.46094e-06		
0.282524		0.161165		0.0815534		0.474757		
0.303835		0.153761		0.325221		0.217183		
0.997004		0.000827085		0.000882844		0.00128616		
0.325		0.0871622		0.263176		0.324662		
0.000307131		0.00049162		0.998586		0.000615311		
0.000204278		0.997711		0.00133067		0.000754111		
0.368085		0.308511		0.0297872		0.293617		
0.000272438		0.000287347		0.000631622		0.998809		
0.419701		0.291317		0.189542		0.0994398		
0.000503832		0.000872018		0.000725712		0.997898		
0.274458		0.261896		0.346783		0.116863		
0.0125611		0.249128		0.173064		0.565248		
0.996195		0.000791519		0.00140315		0.00161002		
0.00192691		0.996598		0.000162903		0.00131253		
0.000738555		0.000695		0.996762		0.00180473		
0.00119638		0.00095542		0.997582		0.000266173		
0		0.551804		0.0355064		0.412689		
0.313084		0.335011		0.187994		0.163911		
0.000639015		0.99866		0.000171795		0.000529034		
0.00155642		0.000929863		1.99541e-06		0.997512		
0.00130891		0.000754626		0.996746		0.00119037		
0.999434		0.000184744		0.000151569		0.000230093		
0.000461462		0.999191		0.000254011		9.31202e-05		
0.998469		0.000213332		0.000891254		0.000426664		
0.000421809		0.000134997		8.77253e-05		0.999355		
0.0703189		0.154538		0.384301		0.390842		
0.216368		0.288933		0.225315		0.269384		
0.0896725		0.28665		0.251889		0.371788		
0.35		0.204464		0.363393		0.0821429		
0.580424		0.0854115		0.100998		0.233167		
0.00114604		0.997348		0.000793044		0.000713256		
0.485909		0.0242954		0.0456754		0.444121		
9.42967e-05		0.999797		9.1751e-05		1.70773e-05		
0.486103		0.408277		0.0969734		0.00864731		
0.271591		0.284087		0.182653		0.261669		
0.540867		0.123971		0.236423		0.0987383		
0.332708		0.409006		0.146341		0.111945		
0.000153979		0.999664		0.000103351		7.86075e-05		
4.5116e-05		0.000421464		0.999121		0.000412326		
0.000180256		0.000624681		0.000753657		0.998441		
0.000804999		0.00123951		0.000506277		0.997449		
0.00101268		0.00114586		0.00104459		0.996797		
0.000443556		0.000393415		0.0028349		0.996328		
0.998766		0.000392156		0.000547552		0.000294667		
0.305987		0.253722		0.266075		0.174216		
0.0867483		0.483236		0.324641		0.105375		
0.25531		0.194987		0.221325		0.328377		
0.999016		0.000502148		0.000111283		0.000370944		
0.293651		0.29972		0.00466853		0.401961		
0.997367		0.000311004		0.000407523		0.00191429		
0.000281348		0.000263703		0.999105		0.00034948		
0.112291		0.691199		0.119879		0.0766313		
0.000634953		0.000516695		0.0015046		0.997344		
0.000666519		0.000402551		0.000673118		0.998258		
0.356347		0.013363		0.413697		0.216592		
0.00126971		0.00110891		0.996801		0.000820597		
0.416334		0.00399467		0.385264		0.194407		
0.999898		4.44855e-05		4.01269e-06		5.30643e-05		
0.000843521		0.000152182		0.998664		0.000340235		
0.000619364		0.00172559		0.00124489		0.99641		
0.365281		0.322556		0.0446497		0.267513		
0.258759		0.172172		0.341341		0.227728		
0.207861		0.337868		0.103553		0.350718		
0.00132499		0.000625358		0.00163168		0.996418		
0.0195148		0.433544		0.0864979		0.460443		
0.245045		0.192342		0.135586		0.427027		
0.00102614		0.000794034		0.997648		0.000531392		
0.503291		0.0592405		0.261772		0.175696		
0.236004		0.300959		0.293226		0.169811		
0.000232636		0.000447698		0.998879		0.00044076		
0.308956		0.0457567		0.29957		0.345718		
0.0855496		0.0820035		0.425975		0.406472		
0.000558832		0.000627448		0.998234		0.000579346		
0.998605		0.000190693		0.00105973		0.000144111		
0.289136		0		0.298973		0.411891		
0.997832		0.000688808		0.00135392		0.000125238		
0.36342		0.379256		0.212985		0.0443389		
0.00118715		0.996672		0.000567443		0.00157353		
0.00102322		0.000458812		0.000639059		0.997879		
0.427451		0.349891		0.218736		0.00392157		
0.106653		0.513728		0.32207		0.0575502		
0.167195		0.411871		0.30947		0.111464		
0.519874		0.0716527		0.152197		0.256276		
0.0105574		0.201858		0.42103		0.366554		
0.00144029		0.000255308		0.000413776		0.997891		
0.123894		0.383481		0.359882		0.132743		
0.588235		0.294118		0.0991049		0.0185422		
0.628674		0.207885		0.0752688		0.088172		
0.0579286		0.358104		0.239321		0.344646		
0.319902		0.027269		0.38665		0.266178		
0.335857		0.214343		0.0561753		0.393625		
0.172899		0.226323		0.250121		0.350656		
0.0356295		0.381235		0.245843		0.337292		
0.329649		0.175681		0.123569		0.371101		
0.000792528		0.000808884		0.00145718		0.996941		
0.000550661		0.000686756		5.16463e-05		0.998711		
0.000348631		0.000696187		0.000994245		0.997961		
0.000645523		0.000499564		0.997992		0.000862725		
0.130952		0.014652		0.315934		0.538462		
0.997512		0.00130445		8.13531e-05		0.00110247		
0.00671141		0.173005		0.252796		0.567487		
0.326877		0.404358		0.172881		0.0958838		
0.0190531		0.113741		0.392032		0.475173		
6.64708e-05		2.28851e-06		0.999887		4.45219e-05		
7.06437e-05		0.999848		7.14264e-06		7.45574e-05		
0.00122382		0.000685892		0.000191849		0.997898		
0.000338651		0.000532166		0.99907		5.88705e-05		
0.998191		0.000312226		0.000638953		0.000857415		
0.00110002		0.997168		0.00096252		0.000769487		
0.000481825		0.000330223		0.998055		0.00113326		
0.000594109		0.996867		0.0020362		0.000502506		
0.000670571		0.000182089		0.99868		0.000467653		
0.00101854		0.000364206		0.00080866		0.997809		
3.46814e-05		0.999664		0.000103223		0.000198033		
5.17029e-05		0.000134861		1.26545e-05		0.999801		
0.00125733		0.000544467		0.99684		0.00135836		
0.000253711		0.000535866		0.00105808		0.998152		
0.149701		0.459445		0.234077		0.156777		
0.99627		0.000435048		0.00144842		0.001847		
0.000349417		0.997961		0.00161306		7.65845e-05		
0.000829254		0.00048683		0.000140947		0.998543		
0.000387226		0.00121316		0.00184883		0.996551		
0.000342112		0.998152		0.000398711		0.00110683		
0.000631918		0.00169354		0.000600322		0.997074		
0.319562		0.307118		0.339472		0.0338477		
0.365013		0.452219		0.0167102		0.166057		
0.00068222		0.997676		0.00107651		0.000565491		
0.302514		0.498783		0.0381184		0.160584		
0.000322698		0.000251835		0.000671561		0.998754		
0.291507		0.101152		0.247119		0.360222		
0.212321		0.340566		0.366912		0.0802015		
0.000552989		0.00221196		0.000414742		0.99682		
0.324991		0.00635039		0.324617		0.344042		
0.996734		0.00140489		0.000378125		0.00148261		
0.284161		0.115424		0.401139		0.199275		
0.00907029		0.238851		0.0778534		0.674225		
0.00079825		0.000497024		9.41333e-06		0.998695		
0.366102		0.147881		0.360169		0.125847		
0.0861188		0.20409		0.331891		0.3779		
0.0755841		0.412735		0.439762		0.0719194		
0.996633		0.000354341		0.00113503		0.00187782		
0.00117032		0.000345297		0.0020586		0.996426		
0.256351		0.183834		0.458661		0.101155		
0.000494069		0.998664		0.000495153		0.000346715		
0.0745257		0.407182		0.331978		0.186314		
0.996863		0.00057622		0.00144055		0.00111995		
0.306163		0.427435		0.00248509		0.263917		
0.225742		0.332831		0.221719		0.219708		
6.12335e-05		0.000349596		0.999254		0.000335264		
0.000997835		0.000900573		0.997199		0.000902374		
0.435796		0.341249		0.158751		0.064204		
0.369155		0.305807		0.162142		0.162896		
0.238484		0.293462		0.115156		0.352897		
0.162896		0.373555		0.0140774		0.449472		
0.000814613		0.000642652		0.000331798		0.998211		
0.372654		0.327461		0.118345		0.18154		
0.00013752		0.00146322		0.000946139		0.997453		
0.00125031		0.00110278		0.996246		0.00140082		
0.252671		0.152106		0.138278		0.456945		
0.113182		0.442273		0.417727		0.0268182		
0.00739744		0.431742		0.00941493		0.551446		
0.00129492		0.996602		0.00171094		0.000392578		
0.343214		0.147686		0.474779		0.0343214		
0.000202461		0.999176		0.000301894		0.000319864		
0.424587		0.0608993		0.0978941		0.416619		
0.00026506		0.000296508		4.83813e-06		0.999434		
0.00112975		0.000283931		0.99659		0.00199648		
0.000581117		0.000903663		0.997348		0.00116756		
0.225556		0.02		0.386111		0.368333		
0.106645		0.294748		0.0921758		0.506431		
0.280359		0.0236349		0.297474		0.398533		
0.0532903		0.2826		0.303189		0.36092		
0.428702		0.285192		0.00914077		0.276965		
0.0553746		0.121607		0.39848		0.424539		
0.00117741		0.99668		0.00112474		0.00101816		
0.000348168		0.00072199		0.99825		0.000679843		
0.996973		0.00150166		0.000640708		0.000884977		
0.399125		0.204376		0.308096		0.0884026		
0.997172		0.00102199		0.00133737		0.000468769		
0.000507619		6.2669e-05		0.997973		0.00145706		
0.000346483		0.000362195		1.00722e-05		0.999281		
0.000446963		0.00021861		0.000389114		0.998945		
0.00084591		0.00213619		0.996359		0.000658525		
0.000252075		0.000227793		0.00028185		0.999238		
0.000121798		0.000111633		0.999609		0.000157194		
4.7439e-05		1.16645e-05		4.63653e-05		0.999895		
0.324014		0.219073		0.0999617		0.356951		
0.398406		0.365649		0.0951749		0.14077		
0.490614		0.223744		0.20345		0.0821918		
0.0924738		0.320958		0.326696		0.259872		
0.49126		0.477999		0.0108499		0.0198915		
0.998449		0.000241804		0.000606414		0.000702564		
0.34433		0.128247		0.211134		0.316289		
0.00128651		0.997016		0.000690901		0.00100697		
0.322059		0.0132353		0.345221		0.319485		
0.000355797		0.000293169		0.999055		0.000296346		
3.07318e-05		1.47942e-05		0.999938		1.6974e-05		
0.000517048		0.998426		0.000425465		0.000631707		
0.00151384		2.62515e-05		0.00122944		0.99723		
0.553512		0.22854		0.00557414		0.212375		
0.340302		0.0166473		0.365467		0.277584		
0.194912		0.23852		0.250083		0.316485		
0.409898		0.306261		0.248731		0.03511		
0.145299		0.760684		0.0655271		0.02849		
0.108243		0.417152		0.0674438		0.407161		
0.000279948		0.000115787		0.99916		0.000444109		
0.0965645		0.239554		0.502321		0.16156		
0.078726		0.538462		0.117188		0.265625		
0.231286		0.0744061		0.42537		0.268938		
2.59202e-05		0.999598		0.000187631		0.000188792		
3.12642e-05		0.99868		0.000660557		0.000628491		
0.337395		0.169166		0.344892		0.148547		
0.00218229		0.000948154		0.000752364		0.996117		
0.99618		0.00112296		0.000923367		0.00177398		
0.279026		0.592385		0.00374532		0.124844		
0.996707		0.0013745		0.000439548		0.00147892		
0.00382848		0.57121		0.366003		0.0589587		
0.122847		0.226751		0.530999		0.119403		
0.996418		0.00123834		0.000328284		0.00201541		
0.342342		0.209459		0.308108		0.14009		
0.00117312		2.52828e-06		0.997527		0.00129701		
0.00024251		0.00111682		0.00085942		0.997781		
2.82241e-06		5.04318e-06		0.999984		7.75941e-06		
0.354897		0.220046		0.0738041		0.351253		
0.16385		0.379416		0.415771		0.0409626		
0.292818		0.256906		0.284185		0.166091		
0.000171892		0.000487952		0.000465156		0.998875		
0.998992		0.00040104		0.000257851		0.000348921		
0.43264		0.306134		0.242059		0.0191676		
0.0016032		0.996387		0.00123804		0.000772039		
0.000261333		0.000853378		0.997965		0.000920446		
0.12454		0.49816		0.353988		0.0233129		
0.000608822		0.998559		0.000496546		0.000336038		
0.384615		0.353846		0.0564103		0.205128		
0.262532		0.324031		0.00775194		0.405685		
0.271845		0.0810965		0.428898		0.218161		
0.0305124		0.488198		0.221071		0.260219		
0.230921		0.242329		0.280881		0.245869		
0.000787096		0.000393075		0.998301		0.000519048		
0.00137473		0.000838381		0.996617		0.00116971		
0.0490868		0.373288		0.226598		0.351027		
0.000487853		0.00125125		0.99652		0.00174136		
0.000317188		0.0005036		0.000312025		0.998867		
0.343098		0.242376		0.0220706		0.392456		
0.327751		0.209729		0.188198		0.274322		
9.9507e-05		0.000453491		0.000318096		0.999129		
0.35723		0.338235		0.0140931		0.290441		
0.999066		0.000213315		0.000356068		0.00036421		
0.0852365		0.223899		0.352773		0.338091		
0.998168		0.0012819		0.000448839		0.000101294		
0.00134204		0.000507437		0.000998182		0.997152		
0.301168		0.328826		0.324524		0.0454825		
0.212005		0.21085		0.272797		0.304348		
0.152349		0.268121		0.319463		0.260067		
0.996668		0.000693562		0.00223481		0.00040366		
