0.165741		0.311657		0.199048		0.323553		
0.000481193		0.000586134		0.99873		0.000202204		
0.301603		0.0791583		0.421844		0.197395		
0.321152		0.129837		0.301806		0.247206		
0.396135		0.257649		0.24839		0.0978261		
0.998305		0.00064804		0.000668368		0.000378904		
0.000471642		0.99916		0.000341725		2.6476e-05		
0.000263668		0.00112817		0.99816		0.000448003		
0.204211		0.491053		0.0484211		0.256316		
0.33873		0.176395		0.152961		0.331913		
0.00106395		0.00193032		0.000818231		0.996188		
0.238173		0.321778		0.378467		0.0615824		
0.0441459		0.0566219		0.243762		0.65547		
0.000177413		0.998687		0.000635508		0.00049958		
0.330136		0.00504796		0.216052		0.448763		
0.320518		0.228397		0.356681		0.0944043		
0.000439132		0.998781		0.000404129		0.00037549		
0.000234445		0.00178178		0.996965		0.00101893		
0.110251		0.273349		0.192711		0.42369		
0.385564		0.00185071		0.263418		0.349167		
0.191919		0.436978		0.109794		0.261309		
0.369358		0.230903		0.342882		0.0568576		
0.000418886		0.000917887		0.996832		0.0018312		
0.00024295		0.000153058		0.998938		0.000666492		
0.00108337		0.000853566		0.00114509		0.996918		
0.000172132		0.00078871		0.998324		0.000714939		
0.327955		0.131908		0.258975		0.281162		
0.344459		0.397419		0.124611		0.133511		
0.0279898		0.0848176		0.628499		0.258694		
0.0206897		0.24335		0.274877		0.461084		
0.167735		0.120726		0.680556		0.0309829		
0.0486367		0.12675		0.614591		0.210022		
0.316162		0.0494949		0.321212		0.313131		
3.5628e-05		0.000334555		0.99959		3.99729e-05		
0.000664721		0.000238296		0.000733702		0.998363		
0.996395		0.00134192		0.000837574		0.00142598		
3.41188e-06		0.000418978		0.000343235		0.999234		
0.00145891		0.996488		0.000624226		0.00142859		
7.71256e-05		0.000224706		0.00026848		0.99943		
0.00726216		0.0457516		0.530138		0.416848		
0.998766		0.000539227		0.000141628		0.00055352		
0.226821		0.433775		0.287528		0.0518764		
0.000754525		0.000566661		0.998094		0.000585064		
0.999652		0.000152003		0.00015072		4.49334e-05		
0.0590973		0.381573		0.331782		0.227548		
0.468474		0.0371243		0.428403		0.0659988		
0.11794		0.183555		0.309801		0.388704		
2.62238e-05		0.999375		0.000320065		0.000278712		
0.000470584		0.998875		0.000262956		0.00039146		
4.26482e-05		3.74897e-05		0.999867		5.26745e-05		
0.281327		0.262899		0.42629		0.029484		
0.0737787		0.135593		0.22333		0.567298		
0.443458		0.181776		0.323832		0.0509346		
0.00113976		0.996984		0.000999793		0.000876068		
0.412948		0.216535		0.214786		0.155731		
7.22544e-05		0.000147777		0.000127625		0.999652		
0.348624		0.0458716		0.597248		0.00825688		
0.00068614		0.996922		0.00146734		0.000924647		
0.997879		0.000947189		0.000727014		0.00044689		
0.202427		0.200694		0.266147		0.330733		
0.0651365		0.0738213		0.521712		0.33933		
0.150884		0.227904		0.0744949		0.546717		
0.000188826		0.997969		0.00182593		1.64993e-05		
0.274972		0.316624		0.212311		0.196093		
0.000485633		0.997766		0.00113276		0.000615982		
0.996883		1.22845e-05		0.00232484		0.000780065		
0.383374		0.323245		0.217111		0.0762712		
1.0771e-05		9.35374e-06		1.11253e-05		0.999969		
0.000228096		0.00135337		0.996574		0.00184432		
0.0807292		0.314063		0.131771		0.473438		
0.000934322		0.000395448		0.000967105		0.997703		
0.000492187		0.000558733		0.998066		0.000882673		
0.000715712		0.996148		0.00183232		0.00130353		
0.270682		0.43106		0.0348331		0.263425		
0.465326		0.147018		0.263523		0.124133		
0.347198		0.155093		0.295735		0.201974		
0.0789074		0.235964		0.402883		0.282246		
0.999684		0.000106827		0.000138893		7.06865e-05		
0.180061		0.0213632		0.348932		0.449644		
0.156594		0.315469		0.233371		0.294565		
0.121277		0.420426		0.111064		0.347234		
0.295893		0.12667		0.492331		0.0851064		
0.000359046		0.000787986		0.000614687		0.998238		
0.333215		0.0868486		0.334988		0.244949		
0.260817		0.0340545		0.34976		0.355369		
0.000527984		0.998887		0.000239098		0.0003462		
0.000415438		0.000631103		0.000519865		0.998434		
0.374689		0.407469		0.0709544		0.146888		
0.400535		0.0793934		0.204728		0.315343		
0.000107656		0.999777		5.12046e-05		6.37959e-05		
0.998168		0.000359449		0.000155085		0.0013175		
0.30303		0.501166		0.0367133		0.159091		
0.347575		0.368936		0.235425		0.0480641		
0.381521		0.123342		0.194076		0.301061		
0.996215		0.000568854		0.0010537		0.0021626		
0.00115054		0.996281		0.00189724		0.000670974		
0.121676		0.343272		0		0.535052		
0.000953855		0.00155691		0.000848614		0.996641		
0.00150859		0.996824		0.00122021		0.000446989		
0.268939		0.294697		0.226515		0.209848		
0.999852		2.46599e-05		3.26887e-05		9.10888e-05		
0.237565		0.108237		0.356546		0.297652		
0.996496		0.00128624		0.000402875		0.00181479		
0.0252619		0.615527		0.23167		0.127542		
0.999168		9.00503e-05		0.000349412		0.000392569		
0.318858		0.201045		0.145959		0.334138		
0.000857118		0.996195		0.00254845		0.000399116		
1.43679e-05		4.59872e-05		0.999891		4.90199e-05		
0.202731		0.250525		0.13708		0.409664		
0.242852		0.376287		0.303851		0.0770111		
0.159547		0.17306		0.356146		0.311247		
0.00069526		0.997387		0.00116684		0.000751179		
0.000329273		0.000421963		0.000186264		0.999062		
0.260353		0.165648		0.31704		0.256959		
1.06912e-05		0.00042765		0.998395		0.00116713		
0.0438293		0.241061		0.249135		0.465975		
0.000683672		4.72386e-05		0.998496		0.000772996		
0.0190421		0.174841		0.44547		0.360646		
2.03474e-05		0.000184373		0.000361686		0.999434		
0.233911		0.388614		0.289604		0.0878713		
0.000538561		0.000676295		0.998148		0.000636707		
0.00095865		0.998484		0.000147125		0.000409849		
0.289517		0.136339		0.266703		0.307442		
0.134252		0.277182		0.200613		0.387953		
0.996895		0.00146666		6.07592e-05		0.00157805		
0.358209		0.0547264		0.351812		0.235252		
0.188395		0.189525		0.352675		0.269405		
0.364407		0.239072		0.164585		0.231936		
0.317382		0.27164		0.122449		0.288529		
0.431193		0.256175		0.0508116		0.261821		
0.996613		0.000391558		0.00153233		0.00146283		
0.247476		0.306089		0.302182		0.144253		
0.298776		0.361897		0.149579		0.189748		
0.997812		0.00138798		0.000201121		0.000598397		
0.000295343		0.000247828		0.999199		0.00025761		
0.000703171		0.997641		0.000813782		0.000842422		
0.0338409		0.302876		0.307953		0.35533		
0.997434		0.000647546		0.00110488		0.000813977		
0.290132		0.351069		0.348795		0.0100045		
0.00036648		0.000174617		0.000240152		0.999219		
0.000256069		0.000338672		0.000534165		0.998871		
7.44623e-05		0.999727		6.84617e-05		0.000130514		
0.000486143		0.998664		0.000252641		0.000597153		
0.4565		0.4935		0.0315		0.0185		
0.502299		0.083908		0.352874		0.0609195		
0.255647		0.344926		0.272499		0.126927		
0.37011		0.234742		0.318075		0.0770736		
5.96731e-05		0.000125938		2.53264e-05		0.999789		
0.283451		0.29554		0.228845		0.192163		
0.998195		0.000285178		0.000720147		0.000799363		
0.45589		0.105964		0.0197141		0.418433		
0.000378793		0.998613		0.000466024		0.000541902		
0.723795		0.0795715		0.196634		0		
0.368173		0.3371		0.294256		0.00047081		
0.000860999		0.0012585		0.99732		0.000560187		
0.000505577		0.998555		0.00067285		0.000266885		
0.00103004		0.000616138		0.00128351		0.99707		
0.104938		0.379189		0.434744		0.0811287		
0.999051		0.000173879		0.000297965		0.000477376		
0.199472		0.18628		0.465963		0.148285		
0.000899607		0.000610243		0.997254		0.00123624		
0.000125502		0.999469		0.000291087		0.000114661		
0.31912		0.13801		0.411738		0.131133		
0.331956		0.176493		0.311679		0.179872		
5.35452e-05		0.999805		4.19862e-05		9.97811e-05		
0.999492		0.000108627		7.02658e-05		0.00032892		
0.21069		0.251379		0.280345		0.257586		
0.205407		0.370259		0.163725		0.260608		
0.997121		0.0013614		0.000353007		0.0011645		
0.998309		0.000563802		0.000544633		0.000582971		
0.0875133		0.48666		0.199573		0.226254		
0.262895		0.220189		0.301165		0.215752		
0.210811		0.427799		0.0833977		0.277992		
0.238503		0.425668		0.0791444		0.256684		
0.0556564		0.483969		0.295221		0.165154		
0.000796483		0.996402		0.00135923		0.00144194		
0.00100825		0.000336082		0.996727		0.00192911		
0.00181052		0.000798611		0.000515873		0.996875		
0.407213		0.304262		0.243934		0.0445902		
0.996594		0.00154896		0.000578351		0.00127894		
0.000731894		0.00104813		0.000524664		0.997695		
3.61619e-05		0.999887		4.14112e-05		3.57082e-05		
0.166369		0.314252		0.453787		0.0655933		
0.00016035		0.00088045		0.99893		2.95123e-05		
0.119454		0.376943		0.288206		0.215396		
0.0857461		0.299555		0.593541		0.0211581		
2.01373e-05		0.000316704		0.999434		0.000229565		
0.000662693		0.00135861		0.996973		0.00100604		
0.000909563		0.000860586		0.00154626		0.996684		
0.240285		0.390544		0.34456		0.0246114		
0.232996		0.219247		0.286903		0.260854		
0.188113		0.0530871		0.283901		0.474899		
0.997863		0.00115579		0.000425188		0.000555739		
0.997211		0.000731084		0.00144697		0.00061101		
0.298898		0.603994		0.0426997		0.0544077		
2.41298e-05		2.32235e-05		2.29592e-05		0.99993		
0.322992		0.289418		0.350616		0.0369741		
0.000611479		0.000748534		0.997387		0.00125327		
0.00127775		0.00176002		0.000567692		0.996395		
0.338367		0.259259		0.140956		0.261417		
0.199125		0.352735		0.241138		0.207002		
0.0884956		0.204937		0.339544		0.367024		
0.234265		0.296285		0.1965		0.272951		
0.000529935		0.997852		0.000815947		0.000802555		
0.211244		0.189779		0.278705		0.320273		
0.0758715		0.00888585		0.342447		0.572796		
0.998797		0.000591343		9.06091e-05		0.000521172		
0.000474816		0.000304554		0.00146282		0.997758		
0.0556075		0.397664		0.234112		0.312617		
0.000558632		0.000332922		0.00069829		0.99841		
0.030474		0.444131		0.233634		0.291761		
0.160671		0.21283		0.0701439		0.556355		
0.515167		0.0324268		0.245293		0.207113		
0.000781641		0.00105446		0.997391		0.000773272		
0.000350491		0.00053467		0.000993745		0.998121		
0.000292883		0.000132666		0.000109607		0.999465		
0.084037		0.355046		0.227583		0.333333		
0.0246407		0.518823		0.201232		0.255305		
0.00035902		0.999551		5.99847e-05		3.02145e-05		
0.311229		0.358828		0.0866558		0.243287		
0.174692		0.368794		0.10153		0.354983		
0.0973563		0.117919		0.386068		0.398657		
0.00023881		0.999492		7.69638e-05		0.000192038		
0.0472927		0.289925		0.497601		0.165182		
0.0010315		0.998062		0.000863152		4.28515e-05		
0.329208		0.0994224		0.160891		0.410479		
0.998523		0.000260109		0.000609296		0.000607158		
0.00108292		0.000403749		0.996969		0.00154458		
0.451914		0.0569185		0.00490677		0.486261		
0.371659		0.116994		0.216339		0.295008		
2.72838e-05		0.998223		0.00116736		0.000582704		
0.000629689		0.00142373		0.996137		0.00180986		
0.33314		0.0684852		0.190946		0.407429		
0.998543		0.000725552		0.000454063		0.000277417		
0.00124923		0.99709		0.000620113		0.00104081		
0.000922095		0.000447875		0.000266749		0.998363		
0.421402		0.308487		0.109225		0.160886		
0.999145		0.000261837		0.000269308		0.000324324		
0.00232382		0.00045068		0.000538		0.996687		
0.00183016		0.000619646		0.000464255		0.997086		
0.000505449		0.000570435		0.000818647		0.998105		
0.00152854		0.000428638		0.996898		0.00114438		
0.000953753		0.997453		0.000498071		0.00109505		
0.300662		0.172185		0.456954		0.0701987		
0.433171		0.299024		0.189756		0.0780488		
0.0454864		0.527642		0.0419874		0.384885		
0.315361		0.271617		0.183113		0.229908		
0.302136		0.0807767		0.346796		0.270291		
0.000834215		0.997867		0.000384193		0.000914404		
0.00054738		0.000644859		0.997855		0.000952292		
0.000964171		0.000514859		0.000735814		0.997785		
0.00056947		0.000626176		0.997863		0.000941073		
0.000551787		0.998738		0.000506521		0.000203411		
0.256284		0.15512		0.302269		0.286327		
0.00016522		0.00114848		0.997621		0.0010652		
0.380296		0.0985197		0.32925		0.191935		
0.455315		0.0677328		0.447789		0.0291627		
0.00256247		0.000421754		0.996297		0.000718898		
0.000184031		0.999629		2.02794e-05		0.000166784		
0.000416278		0.00155688		0.00174559		0.996281		
0.000100648		0.000938767		0.000585586		0.998375		
0.00127927		0.000747039		0.996527		0.00144634		
0.181277		0.299784		0.444264		0.0746753		
8.33114e-05		8.70827e-05		0.999816		1.31996e-05		
0.145101		0.244203		0.335453		0.275243		
0.298566		0.467405		0.0867014		0.147327		
0.999262		8.78273e-05		0.000128281		0.000522173		
0.291277		0.110446		0.337327		0.260951		
0.000200893		0.00141462		0.00153683		0.996848		
0.00052516		0.000478364		0.998707		0.000289445		
0.000199003		0.00023973		0.000237048		0.999324		
0.0851236		0.331171		0.198622		0.385083		
8.52502e-05		0.000116829		0.000126046		0.999672		
0.00132105		0.996441		0.00149936		0.000738178		
0.999797		4.59349e-05		0.00010093		5.62597e-05		
0.996102		4.68281e-05		0.0021096		0.001742		
0.256556		0.0513113		0.242873		0.449259		
0.997988		0.000842747		0.00020525		0.000963722		
0.000116752		0.000155774		4.388e-05		0.999684		
0.00160442		0.000592188		0.000662769		0.997141		
0.285247		0.107843		0.355275		0.251634		
0.0122378		0.247378		0.530594		0.20979		
0.121555		0.69682		0.153357		0.0282686		
0.458128		0.104543		0.42474		0.0125889		
0.997188		0.00138556		0.000502283		0.000924658		
0.295726		0.531624		0.0267806		0.145869		
0.99743		0.000811305		0.000974274		0.000784734		
0.00128639		0.000928655		0.996746		0.00103887		
0.267178		0.353436		0.0431287		0.336257		
0.00150711		0.00186173		0.000123344		0.996508		
0.230992		0.0463432		0.585083		0.137581		
0.266024		0.2486		0.21593		0.269446		
0.0768453		0.210313		0.219414		0.493428		
0.476109		0.023322		0.0659841		0.434585		
0.000285888		0.000163365		0.000328091		0.999223		
0.000495823		0.000561463		0.000563808		0.998379		
0.000360514		0.997875		0.00113359		0.000630899		
0.400136		0.247444		0.290389		0.0620314		
0.417353		0.203587		0.0407174		0.338342		
0.1826		0.269269		0.299371		0.24876		
0.0678066		0.132075		0.463443		0.336675		
0.195802		0.379389		0.0454198		0.379389		
0.999941		1.75975e-05		2.20394e-05		1.89568e-05		
0.996687		0.00140807		0.000436368		0.00146806		
2.93453e-05		7.61235e-05		0.000140625		0.999754		
0.998324		0.000391551		0.000625364		0.000658866		
0.225325		0.280693		0.10207		0.391911		
0.000121116		0.00147972		0.00058276		0.997816		
0.996188		0.00135703		0.00210981		0.00034566		
0.366165		0.130871		0.403557		0.0994072		
0.381454		0.0932331		0.253133		0.27218		
0.000354654		0.000823429		0.00045473		0.998367		
1.73943e-05		5.37229e-05		0.999867		6.16953e-05		
0.00128063		0.996922		0.00103644		0.000761053		
0.00114326		0.996328		0.0013129		0.00121571		
0.000795963		0.000398779		0.998777		2.79145e-05		
0.343142		0.364871		0.150294		0.141693		
0.343786		0.261905		0.383856		0.010453		
0.26569		0.0533473		0.268828		0.412134		
0.00127035		5.03663e-05		0.99784		0.000839439		
2.01879e-05		0.999895		4.38931e-05		4.13877e-05		
0.377805		0.14921		0.139651		0.333333		
0.0776381		0.0738108		0.427556		0.420995		
0.345336		0.46222		0.0572609		0.135183		
0.00106042		0.000362491		0.998047		0.000530211		
0.380056		0.308771		0.298358		0.0128154		
0.0003576		0.000129565		0.000649554		0.998863		
0.289698		0.250427		0.272055		0.18782		
0.247677		0.187879		0.284848		0.279596		
0.000559462		0.998094		0.000778459		0.000568328		
1.70832e-05		0.999941		2.47467e-05		1.67639e-05		
0.037087		0.163183		0.329063		0.470668		
0.318953		0.299859		0.0526874		0.328501		
0.415711		0.179612		0.0176523		0.387026		
0.000470272		0.00102533		0.998027		0.000477055		
0.307824		0.37293		0.113078		0.206168		
0.000366138		0.000743372		0.000683458		0.998207		
0.145215		0.250825		0.239824		0.364136		
0.000650779		0.000351827		0.000106768		0.998891		
0.190054		0.483506		0.206795		0.119645		
0.000983168		0.00216355		0.996734		0.000118908		
0.00167572		0.00185986		0.996313		0.000151919		
0.000143341		0.000126316		0.999711		1.94051e-05		
0.185948		0.43159		0.109878		0.272583		
0.238485		0.267327		0.368489		0.1257		
0.000928402		0.00145866		6.60594e-05		0.997547		
0.233804		0.178987		0.376661		0.210548		
0.152762		0.148253		0.520293		0.178692		
0.398747		0.31524		0.26444		0.0215727		
0.997141		0.00198558		0.000843193		3.05997e-05		
0.000695208		0.00133545		0.996602		0.00136778		
0.131759		0.252475		0.269231		0.346535		
8.36812e-05		0.999461		2.6272e-05		0.000429109		
0.408426		0.0472915		0.1681		0.376182		
0.27292		0.0916814		0.332743		0.302655		
0.357923		0.0710383		0.560792		0.0102459		
2.01009e-05		0.999848		3.13416e-05		0.000100901		
0.00020714		0.00153691		0.99648		0.00177549		
0.00032522		0.000436776		0.000288785		0.998949		
0.289655		0.209736		0.303854		0.196755		
0.997309		0.000811979		0.000780218		0.00109921		
0.259857		0.212366		0.358423		0.169355		
4.38888e-05		0.999855		4.96595e-05		5.0983e-05		
0.120673		0.272008		0.220574		0.386746		
0.000642241		0.000331156		0.998836		0.000190665		
0.00127743		0.996559		0.00130575		0.000858227		
0.000512851		0.00157737		0.996723		0.00118712		
0.104094		0.387925		0.0617627		0.446218		
6.55416e-05		0.000965775		0.99852		0.000449153		
0.0939778		0.324895		0.348293		0.232835		
0.999844		7.86657e-05		3.68999e-05		4.06845e-05		
5.47872e-05		0.000682189		2.47426e-05		0.999238		
0.00028226		0.000126729		0.000208198		0.999383		
0.130773		0.106603		0.370306		0.392318		
0.233213		0.161808		0.291517		0.313462		
0.996883		0.00024102		0.0013465		0.00152967		
0.000340913		0.000824709		0.998191		0.000642972		
0.143373		0.317443		0.33875		0.200433		
0.996188		0.00132938		0.000411191		0.00207192		
0.0027839		0.996246		8.08335e-05		0.000889168		
0.261727		0.258262		0.240405		0.239606		
0.0447907		0.414314		0.270204		0.270691		
0.0705329		0.221787		0.380486		0.327194		
0.268054		0.243772		0.274677		0.213497		
0.0959206		0.0110254		0.224917		0.668137		
0.00119384		0.000807294		2.23009e-05		0.997977		
0.99657		0.000393934		0.00191304		0.00112271		
0.504634		0.186921		0.0829042		0.225541		
0.0489467		0.253408		0.452912		0.244734		
0.361486		0.112331		0.121622		0.404561		
0.314465		0.24867		0.15046		0.286405		
0.000158469		3.73535e-05		3.39577e-06		0.999801		
0.000766306		0.000703198		0.99843		0.000100808		
0.240772		0.266779		0.295721		0.196728		
0.99818		0.000212689		0.000149457		0.00145817		
0.369342		0.0365226		0.223251		0.370885		
0.0634817		0.204843		0.634817		0.0968586		
0.301754		0.107268		0.210025		0.380952		
0.326253		0.241992		0.287953		0.143802		
0.000163411		0.997059		0.00182204		0.000955957		
0.999504		0.000158885		0.00025016		8.70488e-05		
0.415691		0.041179		0.154313		0.388817		
0.0206897		0.215764		0.335961		0.427586		
0.35317		0.0797355		0.225982		0.341112		
0.24783		0.0220994		0.358327		0.371744		
0.000368523		0.000408725		0.998793		0.000429784		
1.44795e-05		0.999973		1.28643e-05		0		
0.997016		0.00140238		0.000711552		0.000870443		
0.997457		1.98359e-06		0.00180706		0.00073393		
0.000200747		0.999453		7.00114e-05		0.000276117		
0.00634249		0.0866808		0.493658		0.413319		
0.132215		0.126295		0.428712		0.312778		
0.555209		0.395508		0.0455396		0.00374298		
0.352972		0.163307		0.0377261		0.445995		
0.144248		0.132075		0.35423		0.369446		
0.255485		0.167021		0.252654		0.324841		
0.180395		0.228171		0.560132		0.0313015		
0.000438216		0.00120986		0.000465208		0.997887		
0.00294768		0.205601		0.52395		0.267502		
0.000100855		0.00206216		0.000751047		0.997086		
0.105701		0.553444		0.144893		0.195962		
0.99973		6.1735e-05		0.000148969		5.88272e-05		
0.277314		0.259436		0.228049		0.235201		
0.00030109		0.000264279		0.999211		0.000223694		
0.299946		0.0402831		0.306478		0.353293		
0.268453		0.268014		0.354569		0.108963		
0.0790617		0.733275		0.103388		0.0842745		
0.0725735		0.166073		0.41496		0.346394		
0.342391		0.234239		0.111413		0.311957		
0.000677908		0.99841		0.000579268		0.000332668		
0.000327884		0.000240342		0.998039		0.00139271		
0.360113		0.0160681		0.19707		0.426749		
0.293582		0.0105364		0.274904		0.420977		
0.357224		0.305922		0.118823		0.218031		
0.272362		0.285871		0.134356		0.307411		
0.000722543		0.647399		0.102601		0.249277		
0.000996031		0.00106565		0.000457853		0.99748		
0.32722		0.135203		0.245236		0.292341		
0.272811		0.17235		0.393548		0.16129		
0.000232845		0.00182097		0.997164		0.000782122		
6.28788e-05		0.000119508		0.000161364		0.999656		
0.000397118		0.996977		0.00257293		5.3394e-05		
0.253578		0.317531		0.0576923		0.371199		
0.00158671		0.00058343		0.000997828		0.996832		
0.000954459		0.00116403		0.000358072		0.997523		
0.000267328		0.998219		0.000431946		0.00108198		
0.00103607		6.66667e-05		0.998		0.000897268		
0.345659		0.0289389		0.512862		0.11254		
0.188103		0.232717		0.392685		0.186495		
0.000706009		0.000317366		0.000679749		0.998297		
0.00120329		0.997082		0.000290794		0.00142389		
0.996629		0.00134168		0.000904911		0.0011245		
0.00120567		0.000457106		0.00141535		0.996922		
0.000191153		0.997223		0.00163042		0.000955766		
0.00100891		0.000538324		0.998		0.000452763		
0.000676837		0.997879		0.000748082		0.000696175		
0.00132406		4.43628e-05		0.000467516		0.998164		
0.000396286		0.00137765		0.00167529		0.996551		
0.999906		3.27208e-05		1.79549e-05		4.30743e-05		
0.284191		0.23134		0.10663		0.37784		
0.000610669		0.00135568		0.00179537		0.996238		
0.159259		0.306173		0.5		0.0345679		
0.00280512		5.49457e-05		0.000202432		0.996938		
0.434942		0.213536		0.243442		0.10808		
0.000131632		0.997793		0.00122418		0.000851221		
0.290166		0.274931		0.17036		0.264543		
0.00034924		0.000980817		0.00041213		0.998258		
0.240215		0.336595		0.116438		0.306751		
0.389159		0.448923		0.0813065		0.0806115		
0.189736		0.336827		0.246115		0.227322		
0.246212		0.272348		0.259848		0.221591		
0.0480329		0.449222		0.118481		0.384263		
0.0234568		0.274486		0.376955		0.325103		
0.362407		0.295243		0.171175		0.171175		
0.999754		0.000150446		2.98899e-05		6.57578e-05		
0.997246		0.000894265		0.00147823		0.00038141		
0.998414		6.40352e-06		0.000894358		0.000685176		
0.023622		0.126772		0.781102		0.0685039		
0.000487615		0.998984		3.65471e-05		0.000491462		
0.188285		0.358438		0.134821		0.318457		
0.00144218		0.996789		0.000996693		0.00077206		
0.184125		0.190956		0.308718		0.3162		
0.386835		0.30191		0.193417		0.117838		
0.27715		0.275413		0.373588		0.0738488		
0.0662739		0.0220913		0.209867		0.701767		
0.408526		0.044997		0.32386		0.222617		
0.000937237		0.998559		0.000268244		0.000235925		
0.00139156		0.000555037		0.996812		0.0012409		
0.000191042		0.999078		0.00023143		0.000499402		
0.000132108		0.000490053		0.999133		0.000245027		
0.000723904		0.99759		0.000989478		0.000696775		
0.195122		0.268293		0.0564827		0.480103		
0.195673		0.246898		0.311486		0.245943		
0.000630951		0.000914104		0.99816		0.000294789		
1.8461e-05		0.000169578		8.14923e-05		0.99973		
0.000307908		0.998801		0.000203307		0.000688004		
0.478755		0.208498		0.0790514		0.233696		
0.997824		0.000890245		0.000192606		0.00109293		
0.996305		0.00114603		0.000737143		0.00181214		
0.665746		0.0566298		0.0538674		0.223757		
0.328773		0.449156		0.0487916		0.173279		
0.269929		0.201908		0.28101		0.247153		
0.277643		0.127119		0.324052		0.271186		
0.000118095		0.00164545		0.000779424		0.997457		
0.243712		0.499721		0.0441587		0.212409		
0.0171875		0.318359		0.383203		0.28125		
0.000131561		0.999789		7.32961e-05		6.07986e-06		
0.000544206		0.000518036		0.998273		0.000664321		
0.316979		0.00771775		0.550717		0.124587		
0.337308		0.174617		0.410562		0.0775128		
0.382152		0.0897638		0.196325		0.331759		
0.0821025		0.419201		0.124674		0.374023		
0.998656		0.000703744		0.000640006		0		
0.0219161		0.508453		0.233563		0.236068		
0.331584		0.259881		0.224554		0.18398		
7.17909e-05		1.22478e-05		6.8305e-05		0.999848		
0.00090635		0.000420669		0.00122376		0.997449		
0.0017927		0.996645		0.000795024		0.000767744		
0.00204469		0.99634		0.000764105		0.000851364		
0.997262		0.000906604		0.00074543		0.00108625		
0.000941458		0.000911451		0.997172		0.000975216		
0.370962		0.0661345		0.257697		0.305207		
0.000726198		0.00104855		0.000842437		0.997383		
3.06312e-05		0.999719		8.32302e-05		0.000167389		
0.414314		0.0873276		0.0814183		0.41694		
0.00113326		0.00164373		0.996406		0.000816761		
0.000197483		0.999492		0.00017228		0.00013805		
0.149058		0.434609		0.128498		0.287836		
0.0735294		0.411029		0.388971		0.126471		
0.279484		0.35336		0.344459		0.0226969		
0.326376		0.189637		0.148255		0.335732		
0.0532276		0.428086		0.103058		0.415629		
0.997762		0.000389434		6.16925e-05		0.00178715		
0.35459		0.0225399		0.540407		0.0824629		
0.000319154		0.998301		0.00105651		0.000323556		
0.997055		0.00105313		0.000829688		0.0010625		
0.155345		0.322801		0.341759		0.180095		
0.109524		0.0738095		0.0238095		0.792857		
0.00030365		0.000329572		0.999133		0.000233966		
0.238602		0.149696		0.534195		0.0775076		
0.178942		0.0321577		0.469398		0.319502		
0.000974346		0.000499021		0.997352		0.00117507		
0.998738		0.000328847		0.000650863		0.000282008		
0.234952		0.326607		0.127565		0.310876		
0.191905		0.167481		0.488486		0.152128		
0.147929		0.16213		0.388757		0.301183		
0.0352357		0.380149		0.466005		0.11861		
0.000404992		0.00111767		0.99773		0.000746868		
0.000246488		0.997574		0.00154692		0.000632369		
0.000362699		0.000180942		0.999152		0.000304015		
0.117723		0.40411		0.253425		0.224743		
0.00073971		0.000918826		0.997652		0.00068912		
0.42911		0.447009		0.029204		0.0946773		
0.308569		0.178742		0.343141		0.169548		
0.0487805		0.452158		0.115072		0.38399		
0.326767		0.0683662		0.596756		0.00811124		
0.255086		0.307071		0.222473		0.21537		
0.27095		0.377095		0.0586592		0.293296		
0.000230054		0.00104451		0.000850436		0.997875		
0.00145098		0.00147758		0.996883		0.000188627		
0.000463394		0.000197571		0.998695		0.000643722		
0.000230517		0.000268505		5.95718e-05		0.999441		
0.624918		0.052459		0.0878689		0.234754		
0.301747		0.416667		0.262769		0.0188172		
0.188071		0.0865126		0.456744		0.268673		
0.614089		0.0849923		0.160031		0.140888		
0.548667		0.120667		0.283333		0.0473333		
0.000111223		0.00142878		0.000678744		0.997781		
0.0011024		0.00154876		0.996852		0.000497279		
0.000165543		0.999465		9.66171e-05		0.000272996		
0.0815062		0.361773		0.401811		0.154909		
0.000664264		0.998422		0.000226725		0.000687136		
0.338534		0.483099		0.00676027		0.171607		
0.996617		0.0012798		0.0015519		0.000551119		
0.110529		0.235602		0.258871		0.394997		
0.996109		0.00107428		0.000285506		0.00253084		
0.559206		0.123993		0.126472		0.190329		
0.000284981		0.00025319		0.00033683		0.999125		
0.000676042		0.997336		0.00104653		0.000941493		
0.219962		0.280998		0.206142		0.292898		
0.337341		0.273102		0.276194		0.113363		
0.175814		0.181395		0.312093		0.330698		
0.000596937		0.00183809		0.000967314		0.996598		
0.99732		0.000682934		0.00113559		0.000861159		
0.000206559		8.15555e-05		4.85449e-06		0.999707		
0.999121		0.000301107		0.000217014		0.000360786		
0.465725		0.0408163		0.162742		0.330717		
0.143184		0.240168		0.371516		0.245132		
0.00105661		0.00120737		0.996461		0.00127508		
0.00122674		0.997402		0.000116351		0.00125456		
0.860132		0.0132159		0.120044		0.00660793		
0.00020186		0.00119583		0.996535		0.00206715		
0.000204576		0.999484		0.000169754		0.000141295		
0.000180653		0.000211511		0.000189867		0.999418		
0.000704809		0.000205752		0.99868		0.000409752		
0.000759875		0.997738		0.000661393		0.000840451		
0.0495423		0.343565		0.325256		0.281637		
0.000530862		0.998387		0.00050207		0.000580349		
0.384254		0.227575		0.372503		0.0156678		
0.00127879		0.000625793		0.996336		0.00175948		
0.996629		0.000954016		0.00157341		0.000843663		
0.121079		0.309912		0.308657		0.260351		
0.000656465		0.997703		0.000530279		0.00111013		
0.335048		0.270389		0.304555		0.0900073		
0.403518		0.32954		0.230729		0.0362131		
0.00673854		0.471024		0.0289757		0.493261		
0.997504		0.000472986		0.0011606		0.000862504		
0.109985		0.50076		0.290421		0.0988343		
0.998914		0.000301709		0.000394789		0.00038944		
9.85754e-05		0.99959		8.7546e-05		0.000224035		
7.36689e-05		0.00146554		0.000699071		0.997762		
0.000180495		0.997391		0.000828939		0.00159994		
0.0138969		0.470759		0.304574		0.21077		
0.99718		2.73817e-05		0.00120822		0.00158471		
0.998352		0.000573044		0.000657336		0.000418057		
0.00108192		0.000473871		0.00095983		0.997484		
0.338449		0.095315		0.3437		0.222536		
0.129802		0.156577		0.364959		0.348661		
0.00029612		8.19746e-05		0.000219562		0.999402		
0.300999		0.172092		0.298743		0.228166		
0.0550293		0.304917		0.439332		0.200722		
0.999711		0.000141452		4.3707e-05		0.000103904		
0.458877		0.212138		0.257516		0.0714691		
0.00012366		0.999703		0.000114876		5.83389e-05		
0.271679		0.333333		0.0481305		0.346858		
1.54737e-05		6.79879e-06		5.07123e-06		0.999973		
0.293769		0.304366		0.0767274		0.325138		
0.38601		0.146373		0.403282		0.0643351		
0.000212098		0.000699538		0.000295395		0.998793		
0.000679594		0.00133343		0.996844		0.00114322		
0.000164637		0.99943		8.28567e-05		0.000322818		
0.323786		0.543587		0		0.132628		
0.999289		1.93365e-06		0.000275867		0.000433137		
0.287527		0.253791		0.185082		0.2736		
0.36892		0.115368		0.229014		0.286698		
0.000490592		0.000307294		0.00262008		0.996582		
0.997203		0.0011363		0.000478079		0.00118249		
0.12315		0.0461812		0.391356		0.439313		
2.2775e-05		1.60579e-05		0.999938		2.36671e-05		
0.327655		0.249003		0.147155		0.276187		
0.312562		0.142619		0.273575		0.271243		
0.211538		0.178686		0.484776		0.125		
0.383184		0		0.320282		0.296534		
0.99977		9.18608e-05		0.000100657		3.79507e-05		
0.000115947		0.997363		0.00102634		0.00149443		
3.59738e-05		0.0004122		0.999355		0.000196357		
0.00119833		0.00118867		0.00151144		0.996102		
0.145047		0.0872642		0.621462		0.146226		
0.36684		0.0719585		0.364985		0.196217		
0.434903		0.101385		0.0138504		0.449861		
6.50956e-05		7.93352e-05		0.999691		0.000164163		
0.292961		0.400761		0.106531		0.199746		
0.293975		0.116053		0.241812		0.34816		
0.00137652		0.00069354		0.000746348		0.997184		
0.998473		0.000315627		0.000809021		0.000402696		
0.0623306		0.196477		0.0934959		0.647696		
0.164557		0.366245		0.251055		0.218143		
0.000970699		0.997738		0.000547174		0.000743846		
0.000231601		0.999375		0.000108173		0.000285226		
0.00107508		0.998316		0.000192568		0.000415947		
0.000353576		0.000221099		0.000190949		0.999234		
0.0326235		0.451291		0.0901676		0.425918		
0.273805		0.238241		0.2		0.287954		
8.10371e-05		0.999668		0.000188561		6.24332e-05		
0.000712825		0.00123838		0.00129879		0.99675		
0.125775		0.020372		0.554473		0.29938		
2.229e-05		0.999949		2.8319e-05		1.72257e-07		
5.07401e-05		7.69313e-06		0.999918		2.3598e-05		
0.000283468		0.999242		3.25885e-05		0.000441756		
0.998977		0.000313297		7.31027e-05		0.000637038		
0.0443379		0.423008		0.263631		0.269023		
0.999492		0.000296796		5.40409e-05		0.000156976		
0.000645896		0.000856825		0.000141811		0.998355		
0.498994		0.292254		0.0895372		0.119215		
0.27365		0.042455		0.28934		0.394555		
0.00115333		0.996262		0.00162429		0.000960661		
6.42032e-05		0.999816		2.41786e-05		9.52119e-05		
0.999059		0.00058173		1.18203e-05		0.000347856		
0.32448		0.390881		0.250553		0.0340859		
0.000148183		0.000108083		0.999625		0.000118734		
0.361548		0.20919		0.355905		0.0733575		
0.000501302		0.000611816		0.998086		0.000800944		
0.0345912		0.39413		0.225891		0.345388		
0.00114072		0.998156		8.38761e-05		0.000619158		
0.600123		0.297597		0.0591497		0.04313		
0.999836		3.44836e-05		0.000128253		1.32629e-06		
0.468062		0.105727		0.238987		0.187225		
0.00181764		0.996586		0.000505104		0.00109132		
0.368547		0.382153		0.0920368		0.157263		
0.352305		0.288545		0.139409		0.219741		
0.18537		0.0482128		0.163757		0.60266		
0.000420019		0.998789		0.000320778		0.00047014		
0.00158999		0.000500796		0.00128422		0.996625		
0.00147231		0.000690583		0.000946484		0.996891		
0.189839		0.283845		0.236082		0.290234		
0.997984		0.000335937		0.00116553		0.000514158		
0.330632		0.315235		0.0295786		0.324554		
0.00103483		0.00121278		0.99709		0.000662546		
0.000347336		0.000211578		0.000472336		0.998969		
0.000956039		0.00112399		0.996848		0.00107231		
0.0012482		2.41587e-05		0.997121		0.00160655		
0.22585		0.55102		0.147619		0.0755102		
0.123461		0.219967		0.326123		0.330449		
0.402908		0.221985		0.136441		0.238666		
0.000342093		0.00309309		0.000463251		0.996102		
0.00047443		0.997914		0.0010593		0.000552206		
0.33166		0.120817		0.298193		0.249331		
0.0455326		0.269759		0.134021		0.550687		
0.110675		0.637197		0.0203012		0.231827		
0.364003		0.271994		0.333333		0.0306699		
0.999418		0.000265154		0.000187867		0.00012901		
0.17735		0.0648148		0.327635		0.430199		
0.25557		0.307129		0.26289		0.174411		
0.108298		0.404594		0.0782935		0.408814		
0.00230515		0.000106468		0.997309		0.000279787		
0.356716		0.144776		0.129851		0.368657		
0.0646531		0.299198		0.366682		0.269467		
0.0208167		0.0120096		0.180144		0.78703		
0.999891		5.10066e-05		3.79263e-05		2.04421e-05		
0.273198		0.286651		0.201449		0.238703		
0.99832		0.000779764		0.00076272		0.000137204		
0.227234		0.326728		0.306071		0.139966		
0.000453885		0.997219		0.00115161		0.00117575		
0.34144		0.228599		0.0744163		0.355545		
0.139454		0.327543		0.215385		0.317618		
0.998965		0.000803502		0.000221935		9.71978e-06		
3.85121e-05		7.81637e-05		0.999793		9.03554e-05		
0.312219		0.051083		0.297916		0.338782		
0.00168031		0.000474441		0.996418		0.00142728		
0.997559		0.000655874		0.00160168		0.000183857		
0.206493		0.342771		0.159683		0.291053		
0.00103665		0.00109375		0.997812		5.70962e-05		
0.247717		0.313927		0.280061		0.158295		
0.000622713		0.996809		0.00190706		0.000661633		
0.0708661		0.331393		0.312564		0.285176		
0.000494321		0.000251717		0.000363337		0.998891		
0.00135801		0.00065215		0.996621		0.00136875		
0.999848		1.10054e-05		8.53224e-05		5.6016e-05		
0.202476		0.333775		0.28382		0.179929		
0.430597		0.391613		0.00708801		0.170703		
0.392706		0.201018		0.167939		0.238338		
0.16826		0.226896		0.354366		0.250478		
0.176177		0.154017		0.553463		0.116343		
0.000310392		0.000724807		0.998477		0.000488238		
0.000192988		0.000352366		0.999051		0.000403865		
0.000499306		0.997402		0.00187714		0.000221212		
0.0211665		0.446849		0.221072		0.310913		
0.000574945		0.000454729		0.998523		0.000446889		
0.233062		0.119241		0.560976		0.0867209		
0.0473637		0.660411		0.0277033		0.264522		
0.352549		0.142449		0.4202		0.0848023		
0.00157727		0.996125		0.000975183		0.00132254		
0.998715		0.000203287		0.000627649		0.00045422		
0.00261945		0.000630962		0.000140214		0.996609		
0.0584416		0.381494		0.458604		0.101461		
0.00111463		0.00109709		0.997672		0.000116406		
0.000328015		0.999148		0.000292946		0.000230602		
0.127859		0.247844		0.370079		0.254218		
0.600739		0.242144		0.0369686		0.120148		
0.000866667		0.00117409		0.996785		0.00117409		
0.147319		0.438834		0.293077		0.12077		
0.184507		0.647887		0.0295775		0.138028		
0.187256		0.205462		0.418726		0.188557		
0.997422		0.00062496		0.000915546		0.00103762		
0.000143152		8.51993e-05		0.999676		9.58673e-05		
0.0912491		0.286462		0.267016		0.355273		
0.321866		0.0221574		0.146356		0.509621		
0.999332		0.000256493		0.000199998		0.000211478		
0.33642		0.16701		0.276749		0.219822		
0.00049981		5.29046e-05		0.000533223		0.998914		
0.000213647		0.99973		1.37985e-05		4.20855e-05		
0.000654052		0.000308353		0.998371		0.000666501		
7.24609e-05		0.999234		0.000317188		0.000375977		
0.000416271		0.99798		1.6486e-05		0.00158677		
0.000551497		0.000469745		0.000119383		0.998859		
0.392476		0.10094		0.158621		0.347962		
0.998297		0.000720973		0.000325202		0.000656951		
0.284156		0.10907		0.494259		0.112514		
0.00158042		0.000401278		0.997352		0.00066674		
0.00110131		0.997848		0.000223917		0.000827121		
0.99782		0.000776514		0.000504053		0.000899121		
0.997109		0.000616189		0.000587924		0.00168651		
0.000639965		0.997781		0.000781148		0.000797637		
0.998414		0.000595133		0.000341746		0.000649058		
0.000418337		0.000990945		0.000137593		0.998453		
0.000842637		0.998223		0.00074056		0.000194147		
0.000789045		0.000571505		0.00110429		0.997535		
0.000786777		0.000546336		0.000370012		0.998297		
0.453052		0.0273865		0.131455		0.388106		
0.997973		0.00056014		0.000762513		0.000704692		
0.196604		0.289811		0.313208		0.200377		
0.00103157		0.99777		0.00117348		2.54184e-05		
0.0778378		0.347387		0.33982		0.234955		
0.407351		0.316233		0.0865237		0.189893		
0.198177		0.3044		0.333333		0.16409		
0.634312		0.173815		0.139955		0.0519187		
0.0006877		0.0011324		0.00183225		0.996348		
0.000638845		0.997875		0.000763252		0.000722903		
0.999125		0.000496238		3.03819e-05		0.00034838		
0.333122		0.182741		0.468274		0.0158629		
0.996363		0.0014236		0.00043567		0.00177745		
4.03152e-05		0.999078		2.5085e-05		0.000856475		
0.00015157		0.000270077		0.999477		0.00010179		
0.00170421		0.000181299		0.996332		0.00178246		
0.0657005		0.328502		0.400966		0.204831		
0.000908044		0.99666		0.00129222		0.00113958		
0.340125		0.388323		0.0591693		0.212382		
0.00145616		2.75052e-05		0.997926		0.000590554		
0.00150965		7.98055e-05		0.00131679		0.997094		
0.999488		0.000218562		0.000153913		0.000139243		
0.178058		0.148831		0.411871		0.261241		
0.372055		0.187652		0.385053		0.0552396		
0.272179		0.018105		0.507544		0.202173		
0.0817391		0.306087		0.52		0.0921739		
0.28816		0.385029		0.23728		0.0895303		
0.377535		0.024961		0.368175		0.229329		
0.997449		0.000871867		0.00084174		0.000837175		
0.000316245		0.000335022		9.09204e-05		0.999258		
9.79014e-05		0.999762		3.69487e-05		0.000103431		
0.275734		0.287481		0.288099		0.148686		
0.463532		0.0102471		0.471971		0.0542495		
0.0878754		0.0333704		0.0634038		0.81535		
0.000340503		0.00084825		0.000237029		0.998574		
0.000456609		0.000655856		0.000239097		0.998648		
0.346501		0.218962		0.282543		0.151994		
6.97362e-05		0.999871		1.07774e-05		4.83927e-05		
0.151535		0.575448		0.0703325		0.202685		
0.000184352		0.000251492		0.999348		0.0002165		
0.397306		0.208754		0.2		0.193939		
0.379821		0.192825		0.370404		0.0569507		
0.451306		0.13658		0.0635392		0.348575		
0.292755		0.220302		0.2637		0.223244		
0.000353444		0.000467427		0.000378348		0.998801		
0.339062		0.36693		0.0659545		0.228054		
0.00115817		0.997141		0.000595903		0.0011053		
0.42819		0.275494		0.0266951		0.269621		
0.262132		0.399834		0.235587		0.102447		
0.101458		0.191981		0.437424		0.269137		
0.207974		0.191451		0.341595		0.25898		
0.999871		3.66139e-05		5.52996e-05		3.69927e-05		
2.5977e-05		0.999887		4.82048e-05		3.90994e-05		
0.000203685		0.000940419		0.997703		0.00115277		
0.000200997		0.996934		0.00153079		0.00133462		
0.286426		0.308666		0.297546		0.107362		
0.464119		0.0661696		0.132339		0.337372		
0.0490956		0.775194		0.0516796		0.124031		
0.201481		0.0592593		0.26963		0.46963		
0.0620048		0.343782		0.31898		0.275233		
0.99975		9.0252e-05		2.96516e-06		0.000156783		
0.999547		0.000158011		0.000256382		3.87316e-05		
0.360158		0.266931		0.295954		0.0769569		
0.000751825		0.00185278		0.00119617		0.996199		
0.298693		0.344742		0.348475		0.00808961		
0.267435		0.0900604		0.146623		0.495881		
9.36527e-06		0.000274368		0.000134236		0.999582		
0.174153		0.0939876		0.342778		0.389081		
0.0820717		0.468526		0.384064		0.0653386		
0.258496		0.310424		0.189385		0.241695		
0.000556483		0.000441744		0.000283022		0.998719		
0.996652		0.00249855		0.000154382		0.00069472		
9.68588e-05		6.93175e-05		0.999746		8.77299e-05		
0.00288022		0.000321545		0.996313		0.000485737		
0.998121		0.000851394		0.000268285		0.000759228		
0.000347103		0.996254		0.000602519		0.00279647		
0.999031		0.000729394		0.000162339		7.70168e-05		
0.205256		0.235161		0.364295		0.195288		
0.303272		0.228607		0.382131		0.0859899		
0.187085		0.378998		0.347013		0.086904		
0.266584		0.244885		0.247055		0.241476		
0.2298		0.175686		0.211268		0.383247		
0.529306		0.347488		0.0633971		0.0598086		
0.299873		0.28689		0.175427		0.237809		
0.258689		0.235353		0.116683		0.389275		
3.9214e-05		0.00157183		0.996461		0.00192802		
0.298578		0.164153		0.333908		0.203361		
0.000114917		0.999668		9.00779e-05		0.000127037		
0.352437		0.20224		0.0698287		0.375494		
0.999953		1.65053e-07		1.92837e-05		2.74263e-05		
0.00192857		0.996344		0.000433036		0.00129464		
0.278926		0.0702479		0.352893		0.297934		
0.495705		0.097524		0.195048		0.211723		
0.134851		0.32662		0.0910683		0.447461		
0.295736		0.239147		0.322093		0.143023		
0.224		0.528727		0.0254545		0.221818		
0.00040744		0.000497769		0.00035651		0.998738		
0.212559		0.348284		0.335413		0.103744		
0.0920802		0.219466		0.396469		0.291985		
0.198937		0.199528		0.100945		0.50059		
0.112554		0.321921		0.307753		0.257773		
