0.218409		0.0780031		0.460218		0.24337		
0.000147035		0.00189449		0.00044676		0.997512		
0.166897		0.0275862		0.307586		0.497931		
0.361178		0.0276442		0.52524		0.0859375		
0.000667604		0.00102558		0.99741		0.000896661		
0.0462555		0.243759		0.17254		0.537445		
0.460625		0.38625		0.138125		0.015		
0.0265957		0.267287		0.626995		0.0791223		
0.19819		0.234397		0.197237		0.370176		
0.0323232		0.353535		0.292929		0.321212		
0.466282		0.113545		0.0167147		0.403458		
0.997355		0.00072203		0.000996205		0.000926296		
3.34821e-06		2.56795e-07		0.999992		4.20749e-06		
0.262538		0.242679		0.16762		0.327163		
0.212819		0.240199		0.165526		0.381456		
0.000663343		0.000390885		0.000668428		0.998277		
0.349544		0.369301		0.0543313		0.226824		
8.49129e-05		0.999391		0.000270899		0.000253563		
0.128762		0.118895		0.436606		0.315738		
0.000642894		0.00138055		0.000343744		0.997633		
1.15626e-05		1.10527e-05		1.2541e-05		0.999965		
0.00115059		0.00124394		0.997293		0.000312506		
0.191781		0.221918		0.2		0.386301		
0.000334622		0.000736559		0.000858506		0.99807		
0.420225		0.142697		0.105056		0.332022		
0.998895		2.54368e-05		0.000442737		0.000637294		
0.00150235		0.998254		0.000214621		2.91271e-05		
0.00138377		0.000452635		0.997059		0.001105		
0.000107196		0.997117		0.00144332		0.0013323		
0.000274964		0.998992		0.000596532		0.000136317		
0.229516		0.197433		0.15153		0.42152		
0.00046035		0.000423762		0.999082		3.38573e-05		
0.120915		0.256536		0.0718954		0.550654		
0.259272		0.273008		0.177198		0.290522		
0.000511352		0.000110563		0.00287808		0.9965		
0.00109214		0.000301487		0.997578		0.00102825		
0.292543		0.235182		0.442957		0.029318		
0.219821		0.335237		0.352773		0.0921697		
0.0002415		0.000303375		0.00015825		0.999297		
0.231152		0.190612		0.420341		0.157895		
0.000136837		0.000105508		0.999641		0.000117029		
0.0286426		0.30303		0.369448		0.298879		
0.131405		0.210553		0.297818		0.360223		
0.998398		0.000621728		0.000853856		0.000125979		
0.000686629		0.998527		0.000118433		0.000667595		
0.39501		0.27079		0.22817		0.106029		
0.0833333		0.521552		0.0416667		0.353448		
0.0680502		0.184363		0.418436		0.329151		
0.000134779		0.00226477		0.997523		7.70165e-05		
0.996773		0.000485833		0.00199614		0.000744591		
0.000209298		0.000641441		0.998625		0.000524261		
0.000249419		0.000690139		0.998492		0.000568255		
0.000703047		6.61403e-05		0.000586281		0.998645		
0.103591		0.486188		0.227901		0.18232		
0.093899		0.22307		0.2245		0.458532		
0.109418		0.247686		0.149701		0.493195		
0.334525		0.304861		0.318442		0.042173		
0.000810986		0.00167822		0.000905329		0.996605		
0.996969		0.000517753		0.0019296		0.000583898		
0.332128		0.465943		0.0837854		0.118143		
0.351273		0.0115741		0.539931		0.0972222		
0.178967		0.366697		0.220941		0.233395		
0.150815		0.339221		0.384511		0.125453		
0.264619		0.304586		0.376946		0.0538494		
2.06731e-05		0.999902		4.01031e-05		3.68801e-05		
0.000227726		0.000909967		0.998352		0.000510744		
0.162713		0.226755		0.175996		0.434535		
0.18764		0.444944		0.0865169		0.280899		
0.462745		0.0560224		0.397759		0.0834734		
0.749285		0.0438513		0.199237		0.00762631		
0.235363		0.267564		0.172131		0.324941		
8.70504e-05		6.70408e-05		0.99973		0.00011544		
0.00107543		7.39973e-06		0.997129		0.00178827		
0.580371		0.119011		0.158423		0.142195		
0.000799101		0.000639944		0.997434		0.00112736		
0.996297		0.00163723		0.00120855		0.000857348		
0.124277		0.368015		0.320809		0.186898		
0.0606695		0.4341		0.353556		0.151674		
0.0930576		0.110044		0.737075		0.0598227		
0.000211212		0.000129833		0.999406		0.000252705		
0.301059		0.212329		0.222914		0.263699		
0.000105266		0.00172408		0.997047		0.00112378		
0.475313		0.0408163		0.254773		0.229098		
0.000722121		0.00020632		0.996867		0.00220437		
0.0806979		0.267176		0.40458		0.247546		
0.0629178		0.279984		0.325206		0.331891		
0.302669		0.320225		0.308287		0.0688202		
0.00129148		0.997359		0.000871283		0.000477867		
0.229749		0.293226		0.0232117		0.453813		
0.99966		0.000117204		5.90726e-05		0.000163567		
0.000385966		0.000971306		0.998062		0.000580228		
0.27936		0.211394		0.122939		0.386307		
0.206508		0.420824		0.306725		0.0659436		
0.245878		0.332616		0.282437		0.139068		
0.232838		0.25		0.413616		0.103547		
0.371891		0.0385572		0.159204		0.430348		
0.000769647		0.997559		8.38395e-06		0.00166338		
0.399303		0.180907		0.119006		0.300785		
0.99707		0.000748698		0.00118118		0.000999814		
8.61742e-05		0.000346158		0.000278606		0.999289		
0.0184295		0.237179		0.203526		0.540865		
0.000665396		0.998504		0.000376639		0.000454059		
0.318667		0.189333		0.210667		0.281333		
0.0637755		0.205995		0.188138		0.542092		
0.184796		0.184391		0.365144		0.265669		
0.22108		0.20994		0.249357		0.319623		
0.000418884		0.000472379		0.998773		0.000335299		
1.71433e-05		2.20374e-05		0.999957		3.78811e-06		
0.252742		0.268539		0.14129		0.337429		
0.0015658		0.997477		0.000570472		0.000387167		
0.000389394		0.000462576		6.99052e-05		0.999078		
0.000178013		0.000135045		0.999141		0.000546317		
0.00163213		0.00154213		0.000513234		0.996313		
0.314717		0.366898		0.161843		0.156543		
0.0937853		0.253107		0.323729		0.329379		
0.00109698		0.996461		0.00186748		0.000574608		
0.998664		0.00015319		0.000559045		0.000623703		
0.116296		0.448889		0.36		0.0748148		
0.998012		0.000914249		0.00081934		0.000254692		
0.999691		0.000147654		6.16686e-05		9.92714e-05		
5.02384e-05		0.000253408		0.999293		0.000403385		
0.283794		0.267281		0.347542		0.101382		
0.267275		0.290417		0.123859		0.318449		
0.153197		0.302178		0.0330288		0.511595		
0.00014833		0.00148873		0.99684		0.0015231		
0.998391		0.000422945		0.000569884		0.000616546		
0.996117		0.00120558		0.00252203		0.000155202		
0.0664809		0.267516		0.273089		0.392914		
0.062037		0.292593		0.381481		0.263889		
0.222976		0.176927		0.299079		0.301018		
0.997266		0.00103769		0.000780944		0.000915737		
0.000838669		0.000869326		0.998012		0.000280286		
0.00112069		0.000769865		0.99675		0.00135945		
4.57066e-06		0.999992		7.90414e-07		2.45143e-06		
0.176529		0.477872		0.309796		0.0358031		
0.997672		0.00123047		7.8125e-05		0.00101953		
0.21831		0.25		0.195423		0.336268		
0.000692248		0.00131266		0.000413063		0.997582		
0.00014387		4.7696e-05		0.000277184		0.999531		
0.0836237		0.402003		0.122822		0.391551		
0.000380495		0.00195749		0.00120108		0.996461		
0.337736		0.150189		0.325283		0.186792		
0.245495		0.494369		0.0309685		0.229167		
0.234001		0.103078		0.485589		0.177333		
0.0825496		0.0433647		0.421108		0.452978		
0.000452303		0.00056164		0.998633		0.000353245		
0.996391		0.00149431		0.00200243		0.000112637		
0.000207823		0.000143453		0.000426068		0.999223		
0.158617		0.249726		0.170143		0.421515		
0.000518915		0.00120833		0.00083916		0.997434		
0.999867		4.10275e-05		1.42705e-05		7.75145e-05		
0.324731		0.250538		0.137276		0.287455		
0.999281		0.000360107		0.000280327		7.83159e-05		
0.543466		0.0869321		0.224902		0.1447		
6.99624e-05		8.02116e-05		0.999754		9.59197e-05		
0.000730232		0.00138383		0.00135078		0.996535		
0.00046204		0.00036369		0.000928177		0.998246		
0.109646		0.62873		0.0131853		0.248439		
0.00104638		0.997055		0.000809989		0.00108895		
0.140152		0.244949		0.315657		0.299242		
0.242533		0.294542		0.278579		0.184346		
0.0218409		0.49298		0.195008		0.290172		
0.255879		0.0985442		0.244681		0.400896		
0.363113		0.238497		0.281442		0.116948		
0.266376		0.0665939		0.359716		0.307314		
0.481224		0.344924		0.0403338		0.133519		
0.234177		0.363528		0.210047		0.192247		
0.000917349		0.000462176		0.996555		0.00206579		
0.330407		0.268961		0.169944		0.230688		
0.388779		0.139027		0.4285		0.0436941		
0.275903		0.220958		0.260597		0.242543		
0.000330286		0.000386882		0.998586		0.000696895		
0.997148		0.00110357		0.000955891		0.000792101		
0.0012028		4.00932e-05		0.998727		3.05472e-05		
0.357202		0.280183		0.0957535		0.266861		
0.263749		0.048492		0.391484		0.296274		
0.285714		0.105171		0.574058		0.035057		
0.000438131		0.000623234		0.000493322		0.998445		
0.000647432		0.997828		0.000753086		0.000771357		
0.420886		0.155515		0.116184		0.307414		
0.000435989		0.000303746		0.998895		0.000365735		
0.00115276		0.000350947		0.997645		0.000851765		
0.998742		0.000297021		0.000156661		0.000804131		
0.054611		0.0582174		0.500258		0.386914		
0.000484731		0.000188868		0.998938		0.000388901		
0.132994		0.550651		0.0350877		0.281268		
0.00124069		0.346154		0.277295		0.37531		
0.000317724		0.00134517		0.00115742		0.99718		
0.000268833		0.000483899		0.998703		0.000544143		
8.53365e-05		0.00018294		9.06701e-06		0.999723		
0.466251		0.225857		0.238837		0.069055		
0.00186788		0.000460436		0.996586		0.00108574		
0.996742		0.000324128		0.000241442		0.00269224		
0.00132655		0.996148		0.00219567		0.00032935		
0.996437		0.00134037		0.00189424		0.000327892		
0.00134157		0.996594		0.00104661		0.00101807		
0.142276		0.294038		0.325881		0.237805		
0.493356		0.0450607		0.164067		0.297516		
0.26095		0.250644		0.232241		0.256165		
0.998367		0.000551769		0.000630499		0.000450545		
0.99782		0.000640414		0.000816195		0.000723079		
0.000106086		0.999777		4.855e-05		6.802e-05		
0.000164179		0.000544333		0.000662581		0.998629		
9.90837e-05		6.52352e-05		0.000116931		0.999719		
0.341263		0.394176		0.256768		0.00779327		
0.00171199		0.997426		0.000405143		0.000457085		
0.338462		0.47033		0.102198		0.089011		
0.000465685		0.000247562		0.00116957		0.998117		
0.997102		0.001551		0.00080943		0.000538004		
7.15613e-05		0.000760547		0.997559		0.0016093		
0.391489		0.110165		0.321513		0.176832		
0.126456		0.329451		0.246811		0.297282		
0.00139835		0.000797829		0.996523		0.00128039		
0.00137261		0.00102827		0.0011499		0.996449		
0.111039		0.124755		0.244938		0.519268		
0.211616		0.305556		0.0828283		0.4		
0.294882		0.324803		0.317717		0.0625984		
0.219854		0.279124		0.274745		0.226277		
0.00148463		0.000817993		0.00125597		0.996441		
0.265219		0.251648		0.323381		0.159752		
1.46604e-05		2.42743e-06		2.4434e-06		0.99998		
0.30898		0.273061		0.196327		0.221633		
0.133217		0.152373		0.404876		0.309534		
0.000174458		0.99907		0.00032928		0.000425949		
0.244035		0.289707		0.0974778		0.36878		
0.333614		0.157961		0.367734		0.140691		
0.996766		0.00101974		0.00113036		0.00108427		
2.08459e-06		4.75511e-06		4.87906e-06		0.999988		
0.00107047		0.99725		0.00144883		0.000230705		
0.621806		0.0562181		0.247019		0.0749574		
0.147129		0.333333		0.323479		0.196058		
0.996777		0.0014758		2.00789e-05		0.00172678		
0.000339816		0.000363178		0.998676		0.000621225		
0.000204095		0.00170774		0.997016		0.00107254		
0.000167532		0.997023		0.00112912		0.00167991		
0.000341165		0.0020905		0.00120896		0.996359		
0.358915		0.406809		0.197923		0.0363531		
0.153343		0.282703		0.292878		0.271076		
0.0443327		0.437843		0.420018		0.0978062		
0.00996483		0.0199297		0.494725		0.475381		
0.327757		0.336502		0.109886		0.225856		
0.21386		0.194113		0.279434		0.312593		
0.111385		0.283692		0.0658462		0.539077		
0.997961		0.000534226		0.000800906		0.000703931		
0.0141104		0.47362		0.366871		0.145399		
0.313805		0.138054		0.330616		0.217524		
0.998004		0.000157854		0.00116354		0.0006747		
0.996176		0.00129381		0.00103504		0.00149537		
0.468192		0.237723		0.0920759		0.202009		
0.00115185		0.000783733		0.00112301		0.996941		
0.10084		0.421849		0.430252		0.0470588		
0.145107		0.256468		0.165917		0.432508		
0.000417602		0.000373245		0.000603684		0.998605		
0.000354961		0.00025037		0.999324		7.04503e-05		
0.287615		0.225688		0.137156		0.349541		
0.394281		0.231977		0.0587998		0.314942		
0.191141		0.188252		0.320173		0.300433		
0.171563		0.333696		0.279289		0.215452		
0.182245		0.173368		0.170757		0.473629		
0.000131338		0.00135857		0.998047		0.000463214		
0.356035		0.310253		0.312524		0.021188		
0.284855		0.223638		0.158882		0.332626		
0.0998996		0.342871		0.144076		0.413153		
0.000188291		0.000107068		0.000142141		0.999563		
0.998477		0.000944345		0.000239075		0.000340017		
0.172762		0.359395		0.371375		0.0964691		
0.279369		0.359398		0.337372		0.023862		
0.381113		0.365093		0.0324621		0.221332		
0.33673		0.35977		0.106779		0.196721		
0.408066		0.323843		0.198695		0.069395		
0.000109402		0.999695		0.000161196		3.40891e-05		
0.556325		0.0320957		0.166772		0.244808		
0.0253906		0.360352		0.181641		0.432617		
0.000106418		0.000112442		0.999648		0.000132703		
0.601852		0.246914		0.107253		0.0439815		
0.0185		0.3725		0.239		0.37		
0.198646		0.0869074		0.244357		0.47009		
0.392272		0.51815		0.0550351		0.0345433		
0.998152		0.000832628		0.000773516		0.000241513		
0.283208		0.276942		0.056391		0.383459		
0.000805169		0.000464901		0.996777		0.00195259		
0.458372		0.217961		0.251169		0.0724977		
0.997301		5.45297e-06		0.001585		0.00110877		
0.000117858		0.00129644		0.996223		0.00236305		
0.140157		0.173622		0.31811		0.36811		
0.00177249		0.996668		0.000187896		0.00137164		
0.000665946		0.000335024		3.41861e-05		0.998965		
0.000939552		0.00155396		0.000443989		0.997062		
0.000623401		0.00162951		0.000305683		0.997441		
0.305658		0.185893		0.278839		0.229611		
0.000814223		0.000450254		0.00144646		0.997289		
0.000814781		0.99802		0.000713809		0.000451879		
0.125864		0.250346		0.228216		0.395574		
0.99918		0.000272928		0.000264972		0.000282413		
0.401886		0.0229008		0.248765		0.326448		
0.196005		0.219725		0.359551		0.224719		
0.999629		6.96128e-05		0.000168798		0.000132683		
0.307024		0.21639		0.258308		0.218278		
0.000388458		0.000334074		0.000125124		0.999152		
0.997227		0.00198903		0.000596709		0.000187697		
0.111628		0.136744		0.0204651		0.731163		
0.607107		0.148223		0.19797		0.0467005		
5.80659e-06		0.000804793		0.000994088		0.998195		
0.00111226		0.00111226		0.997152		0.000623145		
0.997016		0.000120199		0.00162784		0.00123633		
0.0328559		0.656276		0.176917		0.133951		
0.000155631		0.999094		0.00021908		0.000531539		
0.254156		0.412073		0.0608049		0.272966		
0.00107418		0.996746		0.00168694		0.000492792		
0.488095		0.0844671		0.0731293		0.354308		
0.177297		0.487568		0.052973		0.282162		
1.25272e-05		0.000670205		0.00255555		0.996762		
0.310982		0.497888		0.0501584		0.140971		
0.000288692		8.19262e-05		0.998477		0.00115282		
0.33121		0.268577		0.132166		0.268047		
0.188358		0.300521		0.162802		0.34832		
0.0721295		0.0672228		0.375368		0.48528		
0.00055312		0.000451844		0.00129191		0.997703		
0.159016		0.0491803		0.346448		0.445355		
0.998465		0.000478675		0.00053892		0.000517561		
0.306059		0.341037		0.222361		0.130543		
0.193131		0.509572		0.0185811		0.278716		
0.997961		0.000559854		0.000694844		0.000784364		
0.119303		0.402592		0.0375335		0.440572		
2.24676e-05		0.997941		0.00100823		0.00102789		
0.000631405		8.64242e-05		0.999086		0.000196234		
0.00041939		0.000708003		0.998277		0.000595263		
0.997531		0.000644022		0.000422423		0.00140231		
0.0767237		0.466563		0.431312		0.0254018		
0.000350756		0.00129209		0.996801		0.00155638		
0.108442		0.190803		0.110501		0.590254		
0.32984		0.0292333		0.425262		0.215665		
0.999078		0.000533101		0.000284754		0.00010402		
0.999363		0.000223947		0.000121157		0.000291615		
0.366667		0.2		0.184967		0.248366		
0.996676		0.00122683		0.00111765		0.000979739		
0.00043461		0.000524957		0.998863		0.000177151		
0.170213		0.279635		0.0583587		0.491793		
0.00179482		0.996539		0.000170438		0.00149568		
0.336214		0.296889		0.220398		0.1465		
0.1		0.0486301		0.168493		0.682877		
0.161833		0.277479		0.225206		0.335482		
0.000311416		0.997957		0.000834838		0.000896715		
0.320383		0.167508		0.0504541		0.461655		
0.461263		0.257449		0.159714		0.121573		
0.177996		0.398479		0.383721		0.0398032		
0.999984		7.99496e-06		5.85523e-06		1.77481e-06		
0.284024		0.052071		0.132544		0.531361		
0.000291361		0.997652		0.00101662		0.00103968		
0.077343		0.431756		0.313922		0.176979		
0.212366		0.00403226		0.415323		0.36828		
0.999336		0.000351479		0.000287124		2.54593e-05		
9.04306e-05		0.999059		0.000408097		0.000442878		
0.000221129		2.41462e-05		0.000160975		0.999594		
0.551171		0.140567		0.268804		0.0394575		
0.224146		0.211979		0.117922		0.445952		
0.113148		0.0802781		0.363464		0.44311		
0.227346		0.246649		0.293298		0.232708		
0.145015		0.455186		0.292548		0.107251		
0.999855		9.51933e-05		9.09367e-06		4.02443e-05		
0.399676		0.260922		0.175566		0.163835		
0.00115543		0.00234333		0.996434		6.76481e-05		
0.998648		0.000749606		0.000573562		2.83942e-05		
3.83884e-05		0.000153776		1.48672e-05		0.999793		
0.000259685		0.996457		0.00171247		0.00157082		
0.283778		0.343962		0.229972		0.142288		
0.512526		0.27714		0.109603		0.100731		
0.000370457		0.00106592		0.998328		0.000235495		
0.179257		0.350832		0.03137		0.43854		
0.238075		0.302779		0.323102		0.136043		
0.137623		0.210456		0.41689		0.235031		
0.00147932		0.996105		0.000822101		0.00159311		
0.999074		0.000147304		0.000489227		0.000289251		
0.270833		0.158654		0.413462		0.157051		
0.0688453		0.217429		0.334641		0.379085		
0.208543		0.271776		0.315327		0.204355		
0.204255		0.274113		0.296099		0.225532		
0.000311985		0.999125		0.000171723		0.000391292		
0.0762548		0.0550193		0.465734		0.402992		
0.000339607		0.00017128		0.999477		1.25507e-05		
0.044504		0.420912		0.262198		0.272386		
0.355846		0.189542		0.344953		0.109659		
0.102058		0.406173		0.339506		0.152263		
0.178755		0.335315		0.327388		0.158541		
0.00103049		0.000200929		8.10765e-05		0.998687		
0.000979944		0.99684		0.00135811		0.000822101		
0.000874818		0.996238		0.00154065		0.00134625		
0.00123066		3.35296e-05		0.000399872		0.998336		
0.214595		0.128108		0.525405		0.131892		
0.198824		0.271513		0.401924		0.127739		
0.245317		0.274755		0.0900981		0.389831		
0.00139254		0.000165491		0.00116853		0.997273		
0.00107695		0.000968381		0.99757		0.000384357		
0.00209952		0.000695827		0.000204655		0.997		
0.000315041		0.99898		0.000591076		0.000113415		
0.218147		0.350095		0.0971645		0.334594		
0.000418719		0.00165877		0.000633447		0.997289		
0.000371579		0.000225228		0.999062		0.000340693		
0.355909		0.416364		0.0140909		0.213636		
0.000292877		0.000680647		0.000276476		0.99875		
0.00104344		0.997789		0.00019711		0.000970387		
0.998512		0.000353617		0.000693501		0.000441163		
0.000271917		0.000114309		0.998914		0.000699711		
0.433011		0.366276		0.140601		0.0601121		
0.000165437		0.00154566		0.997086		0.00120297		
0.164738		0.433628		0.388019		0.0136147		
0.999746		2.67894e-05		0.000189185		3.79318e-05		
0.33995		0.238922		0.337114		0.0840128		
0.000666854		0.000996342		0.997586		0.000750867		
3.19753e-05		1.2887e-05		0.999863		9.18564e-05		
0.330395		0.191856		0.31738		0.160369		
0.00157409		0.000179682		0.997352		0.000894667		
0.000607481		0.00283159		0.996508		5.31131e-05		
0.310007		0.50105		0.073478		0.115465		
0.000287077		0.996625		0.00165438		0.00143355		
0.2048		0.387733		0.315733		0.0917333		
0.267584		0.34633		0.241208		0.144878		
0.000331236		0.00115693		0.00173059		0.996781		
0.000561657		0.0019697		7.02071e-05		0.997398		
0.000878939		0.000955544		0.000548329		0.997617		
0.434392		0.0305572		0.258838		0.276213		
0.000764162		0.998531		8.7071e-05		0.000617517		
0.457742		0.112876		0.269427		0.159955		
0.347731		0.00145191		0.296552		0.354265		
0.138007		0.212081		0.41843		0.231481		
0.265496		0.172244		0.503017		0.059243		
0.496256		0.255117		0.0214678		0.227159		
0.251803		0.265024		0.185697		0.297476		
0.00146941		0.000723072		0.00155751		0.99625		
0.346512		0.136279		0.18186		0.335349		
5.45835e-05		6.05097e-05		0.999781		0.000103657		
0.419083		0.124415		0.219364		0.237138		
0.000129444		0.0018541		0.996172		0.00184458		
0.245079		0.314936		0.210343		0.229641		
0.272381		0.24254		0.483175		0.00190476		
0.00016051		0.000784983		0.998414		0.000640444		
0.998016		0.000129657		0.0010743		0.000780414		
0.00253196		6.17552e-05		0.000105499		0.997301		
0.000722943		0.00172688		0.996102		0.00144861		
0.233119		0.142283		0.237942		0.386656		
0.228495		0.169739		0.335637		0.266129		
0.996652		0.000247798		0.00170838		0.00139148		
0.345221		0.0797794		0.343015		0.231985		
0.000137744		0.000910191		6.75216e-06		0.998945		
0.00124916		0.000370787		0.996328		0.00205193		
0.997285		0.000402817		0.000693608		0.00161842		
0.420526		0.0337922		0.315394		0.230288		
0.230659		0.55086		0.0315186		0.186963		
0.998711		0.000410766		0.000619245		0.000259051		
0.99893		0.000229095		0.000409046		0.000432172		
0.997387		0.00126098		0.000641027		0.000711276		
0.999969		1.19834e-05		1.45664e-05		4.7002e-06		
0.000289683		0.000411074		0.997934		0.00136565		
0.46736		0.151372		0.198675		0.182592		
0.00103669		0.000530663		0.00105374		0.997379		
0.385088		0.0964912		0.343421		0.175		
0.090299		0.490543		0.109213		0.309945		
0.99682		0.00104552		0.00104403		0.00109014		
0.152955		0.2219		0.37022		0.254925		
0.444033		0.39778		0.0508788		0.107308		
0.158925		0.354736		0.0742259		0.412113		
0.0211268		0.23994		0.34004		0.398893		
0.000427206		0.999313		1.62402e-05		0.000244053		
0.999062		0.00055155		0.00022035		0.0001656		
0.0234345		0.339608		0.335382		0.301575		
0.000952946		0.00136833		0.000542002		0.997137		
0.000859959		0.996953		0.000330315		0.0018566		
0.485686		0.375188		0.00452034		0.134606		
9.47507e-05		0.999824		7.48155e-05		6.21508e-06		
0.568061		0.175604		0.241603		0.0147319		
0.000180618		0.000800812		0.998895		0.000124039		
0.00081897		0.996156		0.00147569		0.00154909		
4.5984e-05		0.998867		0.000444512		0.000642316		
0.264875		0.279674		0.248263		0.207188		
0.263913		0.0522088		0.238669		0.445209		
0.34926		0.339112		0.116702		0.194926		
8.01858e-05		0.997223		0.00209576		0.000601393		
0.426923		0.120513		0.204274		0.248291		
0.000396697		0.997613		0.00183745		0.000152576		
0.11828		0.238514		0.0957967		0.54741		
0.0733411		0.378735		0.186651		0.361273		
0.00130572		0.000810169		0.000364576		0.99752		
0.00103078		0.996195		0.00213049		0.000643416		
0.000702505		0.000121587		0.998129		0.001047		
0.000311398		0.998887		0.000507191		0.000294692		
7.5499e-05		0.000465937		0.998754		0.000704658		
0.000348215		4.48598e-05		0.000208488		0.999398		
0.185312		0.371311		0.0425532		0.400824		
0.320567		0.279119		0.0115425		0.388772		
0.182927		0.341463		0.180566		0.295043		
0.179753		0.558728		0.136275		0.125243		
0.448167		0.411504		0.114412		0.0259166		
0.187465		0.00447678		0.552322		0.255736		
0.999203		0.000310948		0.000234442		0.000251485		
0.000528738		0.997727		0.000441298		0.0013034		
0.000363706		0.999254		0.000365994		1.63935e-05		
0.999336		0.000197914		0.000130998		0.00033515		
0.000290625		0.0013192		0.000827679		0.997563		
0.473548		0.090249		0.391598		0.0446058		
0.143641		0.275283		0.249229		0.331848		
0.000492414		0.000623769		0.99843		0.00045413		
0.0023264		0.00114712		6.16441e-05		0.996465		
0.397707		0.371153		0.0597465		0.171394		
0.000244487		0.998762		0.000389368		0.000604426		
0.999613		6.05431e-05		0.000130672		0.000195504		
0.212943		0.13861		0.315697		0.33275		
0.211277		0.253722		0.242002		0.293		
0.0015375		0.996156		0.00139179		0.000914461		
0.00434028		0.5625		0.153646		0.279514		
0.231041		0.010582		0.472075		0.286302		
0.38002		0.0386876		0.311459		0.269833		
0.338078		0.157295		0.086121		0.418505		
0.000151594		2.4634e-05		0.999453		0.000370647		
0.431131		0.330347		0.162934		0.0755879		
0.123539		0.326795		0.144407		0.405259		
0.0353948		0.384675		0.217814		0.362116		
0.493392		0.0146843		0.139501		0.352423		
0.332252		0.166126		0.317838		0.183784		
0.0189613		0.207749		0.410552		0.362737		
0.131065		0.11768		0.457892		0.293363		
0.000490087		0.000702017		0.99866		0.000147739		
0.000284904		2.28209e-05		0.000211806		0.99948		
0.0441001		0.410608		0.0470799		0.498212		
0.227944		0.303081		0.0510764		0.417898		
0.158946		0.207395		0.226944		0.406715		
0.388223		0.0677436		0.313184		0.230849		
0.31162		0.110977		0.207077		0.370326		
0		0.358524		0.585237		0.056239		
0.000257791		8.6925e-05		0.999402		0.000252941		
0.000274216		0.999512		4.06901e-05		0.000173375		
0.525014		0.0131941		0.4453		0.0164926		
0.260954		0.272601		0.254021		0.212424		
0.429134		0.22126		0.0251969		0.324409		
0.26554		0.047073		0.42064		0.266747		
0.316344		0.0779145		0.478032		0.127709		
0.29146		0.299196		0.282797		0.126547		
0.00115887		0.997		0.00080315		0.00103798		
0.000447256		0.00127388		0.00168121		0.996598		
0.12147		0.391753		0.238906		0.247871		
0.000235833		0.00184081		0.997613		0.000310077		
0.00456621		0.295973		0.303861		0.3956		
0.00142982		0.00223518		0.000233439		0.996102		
0.226519		0.268768		0.320117		0.184595		
0.000458214		0.0007824		0.997809		0.000950793		
0.000800834		0.000493665		0.000924251		0.997781		
0.998535		0.000310425		0.000347316		0.000807104		
0.242857		0.412143		0.305714		0.0392857		
0.000158896		0.000398059		0.00157586		0.997867		
0.000131226		0.999359		0.000273041		0.000236358		
0.997844		0.0007248		0.000347275		0.00108418		
0.426079		0.00043611		0.220672		0.352813		
0.00115206		0.000867011		0.996516		0.00146531		
0.000364254		0.000449961		0.00305688		0.996129		
0.000484319		0.000632464		0.998277		0.000605874		
0.997488		0.000253952		0.000457856		0.00179991		
0.000418158		0.000518266		0.998062		0.00100108		
0.000435669		0.999238		0.00022697		9.90797e-05		
0.000642923		0.996566		0.0017203		0.00107037		
0.997344		0.00121253		0.00127859		0.000165131		
0.000234694		0.000117571		0.999508		0.000139923		
8.47171e-05		0.999844		7.06421e-05		8.90821e-07		
0.26215		0.151694		0.344624		0.241532		
0.253955		0.1199		0.316819		0.309326		
0.000292095		4.21547e-05		0.999629		3.68438e-05		
0.00116813		0.997387		0.000284768		0.00116038		
0.00062787		0.99702		0.00153713		0.000815465		
0.267025		0.195789		0.400986		0.136201		
0.165225		0.28812		0.398726		0.147929		
0.477778		0.0328502		0.448792		0.0405797		
0.131751		0.46072		0.194763		0.212766		
0.0015246		0.000772716		0.000714398		0.996988		
0.369124		0.0133488		0.377249		0.240279		
0.0964706		0.333725		0.215686		0.354118		
0.998965		5.26351e-05		0.000414764		0.000567757		
2.41609e-05		6.65509e-06		1.21528e-05		0.999957		
0.997156		0.000983792		0.000757929		0.00110203		
0.155292		0.293872		0.4039		0.146936		
0.000192887		0.999102		0.000352562		0.000352988		
0.366049		0.0135203		0.310466		0.309965		
0.000492405		0.997801		0.000879498		0.000827316		
0.999746		7.04667e-05		0.000128327		5.51127e-05		
0.262922		0.17094		0.212454		0.353683		
0.0548682		0.232383		0.344809		0.36794		
0.072643		0.396445		0.183926		0.346986		
0.000409613		0.997586		0.000136538		0.00186791		
0.394396		0.38143		0.0924299		0.131744		
0.0481336		0.102161		0.466601		0.383104		
0.339311		0.11693		0.045911		0.497848		
0.000208809		0.000120764		0.999352		0.000318865		
0.298333		0.3225		0.249167		0.13		
0.999926		1.66352e-05		3.50423e-05		2.25412e-05		
0.000655223		0.00046233		0.997578		0.00130432		
0.000119978		0.000170227		0.999496		0.000213701		
0.19186		0.0742894		0.232558		0.501292		
0.997801		0.00101541		0.000460647		0.000723167		
0.499735		0.0969793		0.310016		0.0932697		
0.0015477		0.996324		0.00173357		0.000394511		
0.999156		0.000221191		0.000321187		0.000301372		
0.998828		6.01741e-05		0.000577428		0.000534273		
0.395425		0.380174		0.0119826		0.212418		
0.220832		0.280014		0.178221		0.320933		
0.157969		0.176305		0.0944993		0.571227		
7.14632e-05		0.000660637		0.000189774		0.999078		
0.000244357		0.997402		0.00143657		0.000916728		
0.0119371		0.292458		0.243082		0.452523		
0.124467		0.177323		0.0059676		0.692242		
6.40466e-05		0.00035481		0.000315518		0.999266		
0.998738		0.000501612		0.000537167		0.000222939		
0.427749		0.271157		0.0662061		0.234888		
0.000297738		0.000164181		0.00060058		0.998938		
0.253454		0.352152		0.339124		0.0552704		
0.999148		0.000274379		0.000312281		0.000264903		
0.252865		0.304813		0.066081		0.376241		
0.244726		0.19128		0.331575		0.232419		
0.310247		0.314297		0.0194411		0.356015		
0.311993		0.0977379		0.253521		0.336748		
0.00101306		0.997703		0.00108447		0.00019934		
0.999871		3.45593e-06		1.00222e-05		0.000115428		
4.32804e-06		0.000427995		0.000266896		0.999301		
0.097471		0.113804		0.287144		0.501581		
0.382581		0.118065		0.0632258		0.436129		
0.000623798		0.00168745		0.997297		0.000391873		
0.000706436		0.997211		0.00101482		0.0010678		
0.9995		0.000232412		0.000128978		0.00013861		
0.000382761		0.000178808		0.000211869		0.999227		
0.340089		0.0751359		0.154226		0.430549		
0.000296367		0.000809734		0.000222024		0.998672		
0.000395155		0.998805		0.00057796		0.000222198		
0.0315057		0.243863		0.355974		0.368658		
0.277487		0.12199		0.219372		0.381152		
0.999059		0.00015069		0.000518503		0.000272214		
0.000549256		0.00137314		0.000515105		0.997563		
0.248951		0.302228		0.3103		0.138521		
0.380175		0.146895		0.195462		0.277468		
0.000136797		0.000115301		8.77457e-05		0.99966		
0.00474183		0.278714		0.398841		0.317703		
0.000824764		0.000166893		0.000523968		0.998484		
0.000468912		0.996441		0.00151594		0.00157375		
1.29006e-05		0.00185124		0.996461		0.00167493		
0.404085		0.256217		0.259325		0.080373		
0.0667946		0.376967		0.350864		0.205374		
0.000814245		0.00159747		0.997379		0.000209377		
0.00158203		0.00135352		0.996344		0.000720703		
0.443946		0.241592		0.286435		0.0280269		
0.351822		0.106478		0.393522		0.148178		
0.000729767		0.00109157		0.996477		0.0017021		
0.998258		0.000300019		0.000696578		0.000745591		
0.996559		0.00132263		0.001313		0.000805777		
0.00762674		0.427546		0.201884		0.362943		
0.13698		0.37593		0.407002		0.0800875		
0.345977		0.345211		0.248659		0.0601533		
0.998609		0.000807177		5.04485e-05		0.000533		
0.997656		0.00148427		0.000565733		0.000293746		
0.274063		0.181864		0.18541		0.358663		
0.270674		0.205728		0.217023		0.306575		
0.315657		0.290825		0.298822		0.094697		
0.000321875		0.001625		0.996234		0.00181875		
0.115108		0.441097		0.125		0.318795		
0.25226		0.00688765		0.407232		0.33362		
0.297307		0.172573		0.211552		0.318568		
0.000567286		0.997574		0.000537651		0.00132084		
0.00036515		0.00035837		0.00093273		0.998344		
0.224064		0.395547		0.254856		0.125533		
0.257185		0.443508		0.249752		0.049554		
0.197719		0.151331		0.365019		0.285932		
0.229584		0.360041		0.250642		0.159733		
6.70797e-05		0.000222801		0.999027		0.000682776		
0.997902		0.000265146		0.000653069		0.00117944		
0.000277236		0.998691		0.000123006		0.000908351		
5.27759e-05		0.99752		0.000389537		0.00203816		
0.000398463		0.998988		0.000490298		0.000122957		
0.377976		0.292262		0.304167		0.0255952		
0.042542		0.460084		0.297269		0.200105		
0.0298507		0.288105		0.341474		0.34057		
4.99598e-05		3.02826e-05		0.000111164		0.999809		
0.000905436		0.000884837		0.997613		0.000596446		
0.00014153		7.69443e-05		0.999695		8.62129e-05		
0.144623		0.367553		0.180592		0.307231		
0.169851		0.23482		0.397452		0.197877		
0.000774281		0.0009239		0.00100494		0.997297		
0.000249496		0.998711		0.000435133		0.000604434		
0.234966		0.157706		0.3409		0.266428		
0.104809		0.335388		0.175709		0.384094		
0.28		0.481053		0.108421		0.130526		
0.412579		0.0377358		0.424528		0.125157		
0.999039		0.000566638		0.000270913		0.000123386		
0.998309		0.000749808		0.000767161		0.000174438		
0.000206844		0.000447127		0.000271811		0.999074		
0.146164		0.126984		0.171958		0.554894		
0.279734		0.376761		0.197966		0.14554		
0.000169518		0.000275114		0.0002624		0.999293		
0.000185849		0.0002055		0.000327401		0.999281		
0.530799		0.114024		0.324377		0.0307995		
0.000541667		0.000977273		0.00210606		0.996375		
0.000700902		0.00121878		0.00147876		0.996602		
0.000469311		0.000149999		0.000591628		0.998789		
0.170036		0.491965		0.0233281		0.314671		
0.00693413		0.466568		0.118375		0.408123		
0.000699487		0.00117706		0.000990644		0.997133		
0.000318544		0.000272802		0.998934		0.000475061		
0.168877		0.223479		0.317863		0.289782		
0.996496		0.000584329		0.00156509		0.00135449		
0.34508		0.264289		0.318006		0.0726257		
0.405048		0.143153		0.156392		0.295408		
0.0920564		0.541203		0.356347		0.0103935		
0.996305		0.00256947		0.000484234		0.00064161		
0.593522		0.0218623		0.306073		0.0785425		
7.3439e-06		0.99977		1.44718e-05		0.000208653		
0.29188		0.301709		0.153419		0.252991		
0.00113476		0.000944628		0.997246		0.000674518		
0.0586608		0.255119		0.462092		0.224128		
0.00103981		0.997328		0.000536731		0.00109533		
0.0326158		0.487932		0.178735		0.300718		
0.172937		0.296463		0.250983		0.279618		
0.216596		0.293952		0.219409		0.270042		
0.998133		0.000632548		0.000324474		0.000910166		
0.0567332		0.381546		0.25187		0.30985		
0.000689778		0.00133644		0.00175893		0.996215		
0.000453699		0.000500805		0.997184		0.0018619		
0.00193424		0.581238		0.265957		0.15087		
0.998316		9.59888e-05		0.000329646		0.00125796		
0.00125302		0.99652		0.00127246		0.000954991		
0.324736		0.288003		0.270809		0.116452		
0.331568		0.493644		0.138771		0.0360169		
0.404863		0.358055		0.00729483		0.229787		
0.410858		0.00335121		0.0663539		0.519437		
2.84752e-05		8.54256e-05		0.000475943		0.99941		
0.000367119		1.20586e-05		0.000683323		0.998938		
0.0626598		0.129795		0.482737		0.324808		
0.0854175		0.381301		0.347441		0.185841		
0.000997028		0.0011178		0.00118204		0.996703		
0.661688		0.175504		0.135176		0.0276326		
0.997727		0.000301172		0.00102539		0.000946875		
0.000759547		0.998043		0.000830712		0.000366772		
0.998586		0.000527121		0.000786898		0.000100044		
0.271901		0.0837119		0.471772		0.172615		
0.197469		0.278374		0.235429		0.288727		
0.0607689		0.326995		0.310459		0.301778		
0.00484131		0.514793		0.262507		0.217859		
0.997434		0.000118058		0.00168006		0.000768287		
1.60343e-05		0.000123794		0.999793		6.72026e-05		
2.04644e-06		0.999977		1.69121e-05		4.479e-06		
0.187668		0.37725		0.190732		0.244351		
0.999023		0.000376461		0.000284675		0.000315426		
0.000890148		3.08236e-05		0.000516529		0.998563		
0.345447		0.29286		0.271911		0.089782		
0.207357		0.342765		0.239693		0.210186		
0.0350877		0.267206		0.537787		0.159919		
6.52865e-05		0.000176102		0.000282049		0.999477		
0.998348		0.00094021		6.83264e-05		0.000643808		
0.182968		0.341606		0.180049		0.295377		
0.99841		0.000165179		0.0011746		0.000250062		
0.000632431		0.998211		0.000665031		0.000491601		
0.997082		0.000441895		0.00176028		0.000715797		
0.0011234		0.996797		0.000263813		0.00181591		
0.0006294		0.00171156		0.000741068		0.996918		
0.998621		0.000619042		0.000304517		0.000455346		
0.305337		0.0415573		0.418635		0.234471		
0.267342		0.203429		0.274357		0.254871		
0.125846		0.137348		0.494587		0.242219		
0.00100555		0.000604701		0.000710066		0.99768		
0.996723		0.00151506		0.000690968		0.00107132		
1.34599e-06		0.000406489		0.000869509		0.998723		
0.000119902		0.000674163		0.997613		0.00159265		
0.387938		0.285249		0.120212		0.206601		
0.00557621		0.519517		0.0241636		0.450743		
0.00139711		0.996461		0.000204096		0.00193786		
0.259173		0.0422666		0.287506		0.411054		
0.997578		0.00183451		0.000182378		0.000404987		
0.000103241		0.999527		8.63471e-05		0.000283068		
0.25325		0.125662		0.364949		0.256139		
0.0900066		0.244209		0.637326		0.028458		
0.996176		0.000993304		0.00232433		0.000506585		
0.108364		0.492372		0.305629		0.0936349		
0.00040153		0.00034253		0.000295002		0.998961		
0.0465019		0.398408		0.371596		0.183494		
0.107893		0.14265		0.261405		0.488052		
0.0398252		0.48033		0.35357		0.126275		
0.999137		0.000276609		0.00031156		0.000275112		
0.00115203		0.997812		0.000909107		0.000126367		
0.000479626		0.0015876		0.000749183		0.997184		
0.398069		0.45118		0.0203863		0.130365		
0.000862331		0.997066		0.000992157		0.00107911		
7.05195e-05		0.000150766		0.999633		0.000145902		
0.119016		0.296875		0.303856		0.280253		
0.00109502		0.00110412		0.997441		0.000359447		
0.997727		0.000724825		0.000904026		0.000644586		
0.99641		0.000811872		0.000459735		0.00231824		
0.157375		0.265702		0.339802		0.237121		
0.000875921		0.996992		0.000868682		0.00126321		
7.05076e-05		0.00129441		0.997363		0.0012718		
0.101744		0.453488		0.346415		0.0983527		
0.000385864		0.998469		0.00029198		0.000853407		
0.432049		0.106491		0.310345		0.151116		
0.337946		0.117626		0.29024		0.254188		
0.000530213		0.000435853		0.998902		0.00013159		
1.61538e-05		0.000219087		0.999672		9.28846e-05		
0.000621227		0.00149555		0.00152776		0.996355		
0.00108265		0.00141876		0.996141		0.00135796		
0.250894		0.0608074		0.272356		0.415943		
0.00159967		0.000328659		0.997723		0.000349018		
0.323985		0.257253		0.32205		0.0967118		
0.000142733		0.999082		0.000117545		0.000657691		
0.386021		0.124714		0.108269		0.380996		
0.498015		0.0147476		0.0130459		0.474192		
0.0885287		0.23005		0.42581		0.255611		
0.309569		0.304183		0.24398		0.142269		
0.00152433		0.996902		0.000939096		0.00063423		
0.327056		0.260984		0.104394		0.307565		
0.0902973		0.311834		0.403253		0.194616		
0.291283		0.222836		0.244936		0.240945		
0.196765		0.341644		0.425202		0.0363881		
0.00114808		0.000808785		0.00179314		0.99625		
0.377925		0.417599		0.0371312		0.167345		
3.72155e-05		0.000130254		7.86242e-05		0.999754		
0.000979707		0.000401519		0.000767211		0.997852		
0.224586		0.191962		0.220804		0.362648		
0.0575455		0.482678		0.425719		0.0340575		
0.335878		0.238168		0.229008		0.196947		
0.998941		0.000257297		0.000250996		0.000550301		
0.000610777		0.000622374		0.997953		0.000813725		
0.000126071		0.000204322		0.999551		0.000118826		
0.229293		0.172222		0.141919		0.456566		
0.0035503		0.569231		0.416568		0.0106509		
0.184672		0.276642		0.255109		0.283577		
0.000535742		0.996313		0.00175541		0.00139635		
0.30077		0.17473		0.227427		0.297072		
0.000131947		0.999266		0.000269554		0.000332874		
0.191597		0.0932773		0.307143		0.407983		
0.99982		5.48587e-05		7.5923e-05		4.89058e-05		
0.179409		0.22562		0.314985		0.279986		
0.204707		0.264915		0.152162		0.378216		
0.000302441		0.99923		8.99149e-05		0.000377175		
0.997637		0.000940923		0.00114725		0.000275106		
0.355301		0.209169		0.0613999		0.37413		
0.0566143		0.0532511		0.436099		0.454036		
0.204914		0.041261		0.370422		0.383403		
0.286148		0.462083		0.155713		0.0960566		
0.996348		0.000809734		0.000878066		0.00196454		
0.002295		0.00124009		0.996137		0.000328191		
0.273934		0.202655		0.0789658		0.444444		
0.23198		0.1715		0.22908		0.36744		
0.000832353		0.000227983		0.997492		0.00144748		
0.997609		0.000849867		0.000899859		0.000640899		
0.084545		0.30587		0.341411		0.268174		
0.0003577		0.00104479		0.000992038		0.997605		
0.000500017		0.000303869		0.000278145		0.998918		
8.64535e-05		0.999703		7.94622e-05		0.000130959		
0.047295		0.328003		0.316094		0.308608		
0.996762		0.0013898		0.000775169		0.00107331		
0.00101895		0.00106866		0.00117801		0.996734		
0.273167		0.127317		0.520548		0.0789686		
0.127732		0.42623		0.0259563		0.420082		
0.680577		0.0614568		0.0955994		0.162367		
0.000342737		0.00068762		0.000696206		0.998273		
0.00051568		0.000409965		0.0012892		0.997785		
0.190277		0.0350235		0.391532		0.383168		
0.000232107		0.000479761		0.000299851		0.998988		
0.207597		0.390901		0.0839223		0.31758		
0.00130227		0.997391		0.00112072		0.000186384		
0.165238		0.156664		0.291894		0.386204		
0.335689		0.177385		0.324028		0.162898		
0.000564174		0.00026518		0.998684		0.000487053		
0.000495232		0.00137003		0.997437		0.000697235		
0.0293309		0.135655		0.787351		0.0476627		
0.156299		0.202756		0.33937		0.301575		
0.151376		0.295872		0.161697		0.391055		
0.00150165		1.07645e-05		0.00155009		0.996938		
0.998809		1.6276e-05		0.000367839		0.000807292		
0.45916		0.27042		0.0230734		0.247347		
4.11363e-05		0.00183805		0.000269256		0.997852		
0.00132347		0.000737568		0.00124365		0.996695		
0.000520022		0.998062		0.000939394		0.000478084		
0.055207		0.264743		0.569636		0.110414		
0.0006961		0.997656		0.000863967		0.000783683		
0.214254		0.366977		0.316512		0.102258		
0.0288298		0.411532		0.418881		0.140757		
0.273598		0.34068		0.368951		0.0167705		
7.42314e-06		0.000878714		0.000547457		0.998566		
0.000484852		0.00153448		0.000800983		0.99718		
0.00126522		0.000452981		0.997551		0.000731017		
0.000319404		0.000988273		0.996641		0.0020517		
0.215579		0.226105		0.315789		0.242526		
0.331643		0.331221		0.0109844		0.326151		
0.000608159		0.000119098		0.000542275		0.99873		
0.485091		0.00905218		0.0314164		0.474441		
0.298969		0.0231959		0.228093		0.449742		
0.999328		0.000383501		5.24317e-05		0.000235943		
0.00127386		0.997629		0.000355932		0.000741301		
0.000140013		0.000584797		0.998859		0.000415815		
