0.297328		0.347761		0.210388		0.144524		
0.185313		0.357235		0.376674		0.0807775		
0.0835777		0.0329912		0.352639		0.530792		
0.267917		0.26375		0.28125		0.187083		
0.000169302		0.000543086		0.998898		0.000389175		
2.02442e-05		0.000351462		0.999563		6.57937e-05		
0.997855		0.00105447		0.000232246		0.000857813		
0.000745587		0.996105		0.00126449		0.00188445		
0.99927		0.00032801		0.000359103		4.33552e-05		
0.0997647		0.345412		0.216941		0.337882		
0.000269831		0.999344		0.000175468		0.000210951		
0.374796		0.293638		0.088907		0.242659		
0.308176		0.363881		0.0224618		0.305481		
0.314076		0.162815		0.0976891		0.42542		
0.00146744		0.000916438		0.00101065		0.996605		
0.000512355		0.000635294		0.000442195		0.99841		
0.396612		0.285631		0.113902		0.203855		
0.000700673		0.0010825		0.00179105		0.996426		
0.366943		0.384174		0.104659		0.144225		
0.280847		0.453039		0.0455801		0.220534		
0.266406		0.0660582		0.367232		0.300304		
0.201998		0.466149		0.302997		0.0288568		
0.0948783		0.374895		0.141058		0.389169		
0.00127459		0.000296371		0.997645		0.000784511		
0.0481283		0.00415924		0.55615		0.391563		
0.255858		0.301312		0.266167		0.176664		
0.000538289		0.000123713		0.999289		4.89354e-05		
0.999746		0.000124866		9.3316e-05		3.57238e-05		
0.161017		0.0919166		0.192308		0.554759		
0.459499		0.00192864		0.189007		0.349566		
0.316099		0.277848		0.0407734		0.36528		
0.247657		0.146252		0.313253		0.292838		
0.26224		0.115926		0.308948		0.312887		
0.996227		0.00190874		0.00154168		0.000323018		
0.000583843		0.00195818		0.000477507		0.99698		
0.36256		0.36367		0.119127		0.154643		
0.124074		0.190741		0.354074		0.331111		
0.268565		0.299207		0.173756		0.258472		
0.280652		0.251731		0.226884		0.240733		
0.000112863		0.000137536		0.999605		0.000144132		
0.0701606		0.372358		0.237954		0.319527		
0.000411624		0.00084762		0.00223685		0.996504		
0.0980926		0.0730245		0.399455		0.429428		
0.00117049		0.00179789		0.996422		0.000609752		
0.193075		0.367821		0.0615071		0.377597		
0.250613		0.200327		0.323385		0.225675		
0.00156925		0.00103316		2.25939e-05		0.997375		
0.999973		7.81577e-06		9.70669e-06		9.82129e-06		
0.376718		0.260711		0.28173		0.0808407		
0.415434		0.0752412		0.372347		0.136977		
0.396576		0.173086		0.413695		0.0166429		
0.000590625		0.000246429		0.998594		0.000569196		
0.00076446		0.998105		0.000365611		0.00076446		
0.0133333		0.528696		0.346667		0.111304		
0.000940486		0.997676		0.00108363		0.000300102		
0.996898		0.00128242		0.00155157		0.000267567		
3.43179e-05		1.68533e-05		7.42246e-06		0.999941		
0.0235616		0.431233		0.134795		0.410411		
0.00139787		0.00181954		0.996332		0.000450554		
0.000946803		0.000219328		0.99802		0.000814337		
0.290102		0.206485		0.379693		0.12372		
7.99158e-05		0.000753492		0.99834		0.000826748		
0.148983		0.421751		0.261273		0.167993		
0.000430785		0.999262		9.35543e-05		0.000213942		
0.00088151		0.998266		0.000394531		0.000458333		
0.369141		0.35498		0.0566406		0.219238		
0.252931		0.267809		0.326871		0.15239		
0.000784896		0.00104272		0.996836		0.00133645		
0.325868		0.111422		0.493281		0.0694289		
0.196289		0.249485		0.280412		0.273814		
0.212232		0.362258		0.0292734		0.396236		
0.00125203		0.996824		0.0011972		0.000726546		
0.0853508		0.362741		0.215429		0.336479		
1.03082e-06		0.999973		4.82856e-06		2.14844e-05		
0.000104151		0.000827786		0.998523		0.000544625		
0.195671		0.228799		0.20053		0.375		
0.00067678		0.00123649		0.00145782		0.996629		
0.150415		0.495851		0.0954357		0.258299		
0.00105048		0.000303276		0.997227		0.00141968		
0.127703		0.240474		0.128218		0.503605		
0.219152		0.232653		0.312402		0.235793		
0.000505555		0.000950862		0.997992		0.000551395		
0.244009		0.0528322		0.460784		0.242375		
0.112573		0.460526		0.173246		0.253655		
0.000300984		0.000369408		0.998988		0.000341327		
0.229536		0.265598		0.194047		0.310819		
0.00014761		9.96447e-05		0.999687		6.52455e-05		
6.8667e-06		3.99852e-07		0.999988		4.4522e-06		
0.996488		0.0030906		0.000378295		4.28258e-05		
0.000306822		0.00036906		0.998437		0.000886618		
0.121377		0.104469		0.371981		0.402174		
0.218937		0.354756		0.25407		0.172237		
0.000948822		0.000947788		0.997805		0.000298703		
0.378315		0.0858034		0.196958		0.338924		
0.00180184		0.00181128		0.996336		5.09422e-05		
0.108023		0.163604		0.366203		0.362169		
0.133932		0.165951		0.365873		0.334244		
0.00162868		0.997012		0.000500407		0.00085919		
0.154211		0.333333		0.163701		0.348754		
0.433191		0.0921293		0.28798		0.186699		
0.000135537		0.999613		4.24817e-05		0.0002087		
0.998082		0.00090869		0.000861221		0.000148058		
0.256514		0.124404		0.319266		0.299817		
0.58499		0.0186017		0.323926		0.0724824		
0.30418		0.233359		0.311533		0.150929		
0.376475		0.0841857		0.382376		0.156963		
0.337565		0.0882862		0.253318		0.320831		
0.212622		0.523666		0.229902		0.0338092		
0.000488744		0.996535		0.000317102		0.002659		
0.0173776		0.744866		0.131122		0.106635		
0.000227356		0.000606867		0.000353277		0.998812		
0.367273		0.151919		0.248889		0.231919		
0.00146		0.000454781		0.996996		0.00108913		
0.263832		0.0210334		0.342021		0.373114		
0.122936		0.424771		0.0261468		0.426147		
0		0		0		1		
4.55513e-05		0.00010237		0.999738		0.000113798		
0.312145		0.14522		0.167959		0.374677		
0.122271		0.621335		0.184654		0.0717405		
0.221479		0.275016		0.236456		0.267049		
0.290941		0.108014		0.179443		0.421603		
0.000620039		0.00039457		0.000965859		0.99802		
4.77564e-05		0.999777		7.89737e-05		9.59262e-05		
6.0874e-05		5.32647e-05		0.999824		6.16426e-05		
0.000374102		0.998668		0.000204056		0.000753873		
0.999113		0.000551204		0.00031621		1.93054e-05		
0.999707		0.000172571		9.23052e-05		2.80929e-05		
0.214137		0.141372		0.109494		0.534997		
0.000307512		0.000582257		0.998285		0.000825074		
0.460827		0.0669206		0.40914		0.0631121		
0.562366		0.177477		0.248753		0.0114041		
0.000289433		0.000105102		0.000296871		0.999309		
0.135876		0.238975		0.554827		0.0703218		
0.0960171		0.446657		0.133001		0.324324		
0.186357		0.406327		0.0553633		0.351953		
0.434527		0.0847304		0.446307		0.0344359		
4.97355e-05		0.999508		9.172e-05		0.000350732		
0.00174145		0.00169095		0.996152		0.000415255		
0.434811		0.101257		0.416281		0.0476506		
0.000405296		0.000294021		0.000308496		0.998992		
0.000666144		0.998289		0.000583557		0.000461236		
0.41942		0.162684		0.162176		0.255719		
0.473807		0.231665		0.206636		0.0878929		
0.150447		0.214098		0.216202		0.419253		
0.236181		0.326214		0.204774		0.232831		
0.343703		0.00379363		0.0500759		0.602428		
0.342949		0.0797276		0.334535		0.242788		
0.0141916		0.396858		0.234668		0.354283		
6.15212e-05		0.997797		0.00152805		0.00061355		
0.997824		0.000902326		0.00100007		0.000273389		
0.567251		0.0409357		0.127485		0.264327		
0.000939038		0.99818		0.000660585		0.000220689		
0.138765		0.37284		0.161975		0.32642		
0.0990991		0.493416		0.366597		0.040887		
0.000806162		0.000388252		0.996414		0.00239152		
0.257501		0.311573		0.320804		0.110122		
0.35538		0.438302		0.0088845		0.197433		
0.000545538		0.000348281		0.99882		0.000285868		
0.395332		0.0360679		0.250354		0.318246		
0.998363		0.000822438		0.000474431		0.00033985		
0.324649		0.197896		0.263527		0.213928		
0.99816		0.000616498		0.00030644		0.000916906		
0.08619		0.313418		0.300686		0.299706		
0.00145085		0.000539269		0.997539		0.000470817		
0.997352		0.00136022		0.000776128		0.000512085		
0.343226		0.135484		0.178065		0.343226		
0.00068488		0.996328		0.00118559		0.00180141		
0.0164534		0.352834		0.372943		0.25777		
0.237069		0.39727		0.141523		0.224138		
0.0419274		0.397372		0.128285		0.432416		
0.147059		0.43712		0.0578093		0.358012		
0.239347		0.338169		0.366274		0.0562103		
0.328612		0.135977		0.318225		0.217186		
1.85442e-05		0.00248493		0.000523874		0.996973		
0.0941685		0.287689		0.389201		0.228942		
0.00059689		0.99875		1.31579e-05		0.000639952		
0.240128		0.00106724		0.529349		0.229456		
0.000673975		0.00135		0.00137055		0.996605		
0.997332		0.000663877		0.000917645		0.00108645		
0.27116		0.0564263		0.230408		0.442006		
0.288959		0.235605		0.0174326		0.458003		
0.00108563		0.000410777		0.000581722		0.997922		
0.000168253		0.000139972		0.000355837		0.999336		
0.0526316		0.0153509		0.130482		0.801535		
0.000930916		0.0013337		0.997242		0.0004932		
0.323944		0.0539334		0.332532		0.289591		
0.123082		0.247559		0.320432		0.308926		
0.0693576		0.318363		0.426379		0.185901		
0.000652462		0.99698		0.00105939		0.00130768		
0.996945		0.00170855		0.00112118		0.000224951		
0.268944		0.481366		0.0571429		0.192547		
0.000611174		0.00013656		0.000224923		0.999027		
0.000499672		0.0011108		0.998141		0.000248907		
0.161705		0.331582		0.462931		0.0437828		
0.00199205		0.00015101		0.00142335		0.996434		
0.27163		0.370624		0.172636		0.185111		
0.000301492		0.0012009		0.99659		0.00190776		
0.00179894		0.000769546		0.997352		7.99528e-05		
5.08879e-07		0.000373517		3.61304e-05		0.99959		
0.00125733		0.99684		0.000565952		0.00133687		
0.0008505		0.00158175		0.00139587		0.996172		
0.450664		0.317362		0.0322581		0.199715		
0.0979061		0.45614		0.0979061		0.348048		
0.997344		0.000276849		0.00146842		0.000910982		
0.00156474		7.96858e-05		0.996598		0.00175792		
0.000463037		0.999148		0.000292725		9.58008e-05		
0.996859		1.41597e-05		0.000303018		0.00282345		
0.270353		0.25192		0.306708		0.171019		
0.000852825		0.997789		0.00135565		2.46481e-06		
0.251617		0.325356		0.228978		0.194049		
0.998488		0.000670249		0.000700249		0.000141221		
0.00181716		0.00142623		0.996641		0.000115989		
0.996988		0.000457121		0.00107597		0.00147863		
0.00161668		0.00170616		0.996148		0.000528726		
0.180205		0.693744		0.0812325		0.0448179		
0.998488		0.000160875		0.000652865		0.000697978		
0.729483		0.236322		0.00531915		0.0288754		
0.0235656		0.455943		0.369877		0.150615		
0.47056		0.379392		0.0460589		0.103989		
0.00737554		0.224954		0.600492		0.167179		
0.999336		0.000217039		9.40647e-05		0.000352958		
0.00014989		0.000215139		0.00011544		0.99952		
0.13432		0.45743		0.00423057		0.404019		
0.229716		0.241886		0.196755		0.331643		
6.09995e-05		0.000494096		0.000175373		0.99927		
0.998824		0.000551336		0.000552007		7.24383e-05		
0.224374		0.158314		0.322893		0.294419		
0.207045		0.291876		0.178289		0.322789		
0.205581		0.146925		0.30467		0.342825		
0.00470219		0.387931		0.280956		0.326411		
0.289242		0.0793651		0.301235		0.330159		
0.0787602		0.343496		0.409553		0.168191		
0.00055358		0.998113		0.000538871		0.000794267		
0.17748		0.217694		0.482038		0.122788		
0.22446		0.307213		0.26071		0.207616		
0.000125887		0.000117979		0.999699		5.69151e-05		
4.22297e-05		0.999473		6.22889e-05		0.000422825		
0.998922		0.000465597		0.000213717		0.000398811		
0.000708908		0.000339864		0.000962947		0.997988		
0.207364		0.358043		0.305233		0.12936		
0.115475		0.305979		0.515826		0.0627198		
0.0726343		0.279795		0.325831		0.321739		
0.99973		0.000141014		2.51354e-05		0.000103382		
0.250811		0.27255		0.222583		0.254056		
0.311597		0.203409		0.33568		0.149315		
0.000658169		0.00102419		0.99732		0.000997327		
0.379532		0.243231		0.229922		0.147315		
0.000628459		0.000568881		0.998437		0.00036516		
0.00120828		0.997711		9.12727e-05		0.000989512		
0.295159		0.183392		0.288863		0.232586		
0.400751		0.216656		0.17846		0.204133		
0.998121		0.000602529		0.000279131		0.000997247		
0.999687		1.04246e-05		0.000113723		0.000188353		
4.88586e-05		0.000206083		2.63085e-05		0.999719		
0.0714976		0.741063		0.0173913		0.170048		
0.000590988		0.00144356		0.000902952		0.997062		
0.271154		0.421795		0.0461538		0.260897		
0.000779838		0.000338943		4.9187e-05		0.998832		
0.207677		0.198819		0.313976		0.279528		
0.300544		0.106715		0.295463		0.297278		
0.00119057		0.99773		0.000689629		0.000389328		
0.00130218		0.000649528		0.996777		0.00127095		
0.00200017		0.996719		0.000991022		0.000290055		
0.165923		0.14881		0.361607		0.323661		
0.000830433		0.0010878		0.00123021		0.996852		
0.000797351		0.0011943		0.996855		0.00115288		
0.328197		0.179764		0.476631		0.0154083		
0.997281		4.67638e-05		0.00143194		0.00124005		
0.0004358		0.000704949		0.998516		0.000343626		
0.998473		0.000205503		0.000708813		0.000613027		
3.54007e-05		0.00127049		0.997926		0.000768326		
0.317368		0.333333		0.176101		0.173198		
0.21413		0.295109		0.170109		0.320652		
0.99784		0.000346462		0.00108589		0.000727803		
0.460186		0.0475698		0.164943		0.327301		
0.000711726		0.000819739		0.000636503		0.997832		
0.35048		0.28422		0.288143		0.0771578		
1.93318e-05		0.00103855		0.998633		0.000309309		
0.335101		0.122481		0.443796		0.0986214		
0.0869285		0.303928		0.366388		0.242756		
0.999949		1.38096e-05		2.69427e-05		1.00289e-05		
8.33976e-05		0.99982		1.2288e-05		8.40019e-05		
0.000982905		0.000267702		0.00180799		0.996941		
0.300199		0.361829		0.280981		0.0569914		
0.226819		0.230513		0.265977		0.27669		
0.00123744		0.000999118		0.997496		0.000267348		
0.221405		0.285619		0.00468227		0.488294		
0.996738		0.00126987		3.956e-05		0.00195228		
0.000336102		0.998		0.000479233		0.00118466		
0.0684376		0.16434		0.422332		0.34489		
0.00508906		0.262087		0.401527		0.331298		
0.000618811		0.99766		0.000546359		0.00117467		
0.000116923		0.000708035		0.00099926		0.998176		
0.547078		0.212662		0.088474		0.151786		
1.7258e-05		0.000614385		0.998547		0.000821482		
0.998156		0.000148887		0.000985101		0.000709762		
0.000710603		0.000692248		0.998102		0.000495587		
0.301312		0.334491		0.0354938		0.328704		
0.314503		0.326728		0.181282		0.177487		
0.397768		0.428571		0.0558036		0.117857		
0.000845481		0.000201262		0.998078		0.000875131		
0.310526		0.21866		0.0578947		0.412919		
0.999348		6.94151e-05		6.78374e-05		0.000515091		
0.17369		0.42426		0.0415718		0.360478		
0.000178321		0.000396345		0.000206584		0.999219		
0.0516975		0.440586		0.0763889		0.431327		
0.0385728		0.131148		0.045323		0.784957		
0.660247		0.221109		0.000770416		0.117874		
0.200315		0.311777		0.469506		0.0184017		
0.999223		0.000177445		0.000136611		0.000463288		
0.191619		0.284389		0.234165		0.289827		
0.0015216		0.996879		0.00117849		0.000421008		
0.000323809		0.00256958		0.996691		0.000415206		
0.998684		0.000971257		7.47121e-05		0.000270437		
0.000245494		0.000159203		9.3649e-06		0.999586		
0.108641		0.406771		0.432036		0.0525518		
0.0423538		0.345952		0.258246		0.353448		
0.296956		0.146251		0.112101		0.444692		
0.319593		0.475827		0.00508906		0.199491		
0.257645		0.120413		0.266055		0.355887		
0.458024		0.20217		0.115934		0.223872		
0.000605973		0.000361275		0.000821815		0.998211		
0.164738		0.380787		0.175926		0.278549		
0.000877701		0.00213989		0.000326155		0.996656		
0.465788		0.0834903		0.220339		0.230383		
4.3885e-06		2.42091e-05		4.17149e-05		0.99993		
6.07671e-05		6.04152e-05		0.999777		0.000101474		
0.000508027		0.996762		0.00189497		0.000835283		
0.21181		0.287548		0.114891		0.385751		
0.996148		0.00169726		0.001672		0.000482307		
0.0883978		0.3407		0.424494		0.146409		
0.155402		0.185989		0.475086		0.183522		
0.448387		0.129032		0.109677		0.312903		
0.67688		0.135097		0.04039		0.147632		
0.000443508		0.000710797		0.000248039		0.998598		
0.0361681		0.0723363		0.650049		0.241447		
0.32605		0.415167		0.141817		0.116967		
0.000471663		0.00178558		0.996102		0.00164119		
0.00164113		0.996238		0.000727708		0.00139288		
0.149529		0.304852		0.266112		0.279508		
0.161431		0.0405993		0.353794		0.444176		
0.187648		0.693587		0.0855107		0.0332542		
3.31606e-05		5.42067e-05		7.2789e-05		0.99984		
0.370414		0.255621		0.218935		0.15503		
0.174624		0.313931		0.509483		0.00196207		
0.280557		0.101599		0.273337		0.344507		
0.00164504		0.996625		0.000327552		0.00140241		
0.000157234		8.80803e-05		3.20292e-05		0.999723		
0.321227		0.230831		0.257062		0.19088		
0.000638317		0.000642248		0.000363967		0.998355		
0.000340203		0.00330427		0.996297		5.86556e-05		
0.266494		0.316364		0.0961039		0.321039		
0.231214		0.142341		0.343208		0.283237		
2.23428e-05		0.999828		8.89135e-05		6.06187e-05		
0.520607		0.0732104		0.199024		0.207158		
0.10582		0.323927		0.0858319		0.484421		
0.427494		0.117073		0.308647		0.146785		
0.190736		0.265213		0.380563		0.163488		
0.0441533		0.353712		0.196992		0.405143		
0.327213		0.286006		0.0709914		0.315789		
0.375806		0.0326128		0.322336		0.269245		
0.000691525		0.00126562		0.997918		0.000124885		
0.340404		0.233664		0.314403		0.111529		
0.000805748		1.64199e-05		0.998121		0.00105674		
0.276208		0.245353		0.228253		0.250186		
0.0013207		0.000858008		0.000426758		0.997395		
0.167145		0.645624		0.102582		0.0846485		
0.519473		0.0898742		0.336729		0.0539245		
0.260131		0.157298		0.359041		0.223529		
0.495012		0.344763		0.130299		0.0299252		
0.996281		0.00167279		0.00160846		0.0004375		
0.00121659		0.000636103		0.00136606		0.996781		
0.43653		0.198166		0.284908		0.0803949		
0.997836		0.000329736		0.000968425		0.000865902		
0.00237001		0.000354695		0.996582		0.000693267		
9.93771e-05		0.000117144		5.6916e-05		0.999727		
0.998828		0.000333995		0.000297126		0.000540754		
0.1058		0.207304		0.429646		0.25725		
0.0014348		0.00122625		0.000909262		0.99643		
0.433286		0.0801509		0.12777		0.358793		
0.294521		0.36758		0.0114155		0.326484		
8.20168e-05		0.999855		4.31457e-05		1.93688e-05		
0.0001148		0.999461		0.000318446		0.000105816		
0.0862319		0.423913		0.21087		0.278986		
0.256152		0.273901		0.315853		0.154094		
0.000362779		0.998809		0.000496972		0.000331655		
0.000606244		0.998629		0.000312381		0.000452469		
0.0453258		0.0424929		0.51983		0.392351		
0.339736		0.34934		0.170868		0.140056		
1.40279e-05		0.999949		1.78956e-05		1.88578e-05		
0.00136565		0.000711677		0.997215		0.00070783		
0.330327		0.175605		0.304699		0.189369		
8.69737e-06		0.00202649		0.000882783		0.997082		
0.000389917		0.997844		0.000766599		0.000999734		
0.258964		0.385885		0.100171		0.25498		
0.0697368		0.281579		0.109868		0.538816		
0.178349		0.42134		0.397975		0.00233645		
0.354813		0.259766		0.256142		0.129279		
0.999504		8.1454e-05		0.000128387		0.000286253		
0.309738		0.0477122		0.33946		0.30309		
0.320792		0.448515		0.107921		0.122772		
0.113998		0.293213		0.388123		0.204666		
0.00150906		0.000855766		0.00139298		0.996242		
0.998773		0.000174132		8.85936e-05		0.000963837		
0.000933394		0.00129933		0.997578		0.000189154		
0.00217412		0.00146957		0.996266		9.06853e-05		
0.997047		0.00112142		0.00121319		0.000618523		
0.162273		0.295909		0.125455		0.416364		
0.000440822		0.999437		0		0.000121678		
0.000824227		0.996156		0.000787242		0.00223228		
0.997043		0.000931596		0.000897577		0.00112786		
0.998504		0.000731336		0.00033323		0.000431528		
0.00108381		0.997359		0.000964489		0.00059233		
0.000871759		0.00124005		0.996098		0.00179053		
0.00100078		0.00105739		0.997355		0.000586368		
0.000864749		0.000656927		0.998477		1.7612e-06		
0.00148354		0.997133		0.00119383		0.000189814		
0.193601		0.0861362		0.431501		0.288761		
0.996313		0.000275096		0.00173553		0.00167687		
0.0590758		0.38161		0.380657		0.178657		
0.996918		0.000408748		0.000968951		0.00170433		
0.145713		0.151499		0.511836		0.190952		
0.424284		0.388273		0.0470914		0.140351		
0.00106457		0.000946133		0.000172891		0.997816		
0.00107384		0.996754		0.00146405		0.000708211		
0.997062		0.00120362		0.00114101		0.000592866		
0.000819646		0.000792513		4.40913e-05		0.998344		
0.000138825		0.99975		3.68195e-05		7.43553e-05		
0.00154742		0.000897082		0.997316		0.000239094		
0.000563158		0.996145		0.00141512		0.00187719		
0.00065426		0.000500869		0.997898		0.000946434		
0.219375		0.206875		0.52625		0.0475		
0.000264706		0.000384651		0.000264706		0.999086		
0.106986		0.0465702		0.468848		0.377596		
0.128606		0.435697		0.102764		0.332933		
0.996891		0.00149911		0.00140224		0.000208033		
0.000808275		0.000890504		0.000293408		0.998008		
0.000283203		0.000186523		0.000108398		0.999422		
3.91546e-05		4.96137e-05		0.999871		4.01379e-05		
0.200872		0.270998		0.296751		0.231379		
0.000313318		0.000430572		0.000439703		0.998816		
0.161689		0.372867		0.319539		0.145904		
0.45209		0.00578778		0.411576		0.130547		
0.00045497		0.997766		0.000425662		0.00135374		
0.00109785		0.997098		0.00127554		0.000528951		
0.997363		0.000928233		0.000445283		0.0012632		
0.000406675		0.000423445		5.65991e-05		0.999113		
0.197498		0.113232		0.254115		0.435155		
0.000193544		0.997699		0.00190934		0.000197893		
0.999219		0.000133289		7.49144e-05		0.000573046		
0.556849		0.289726		0.0616438		0.0917808		
0.643731		0.111621		0.244648		0		
3.16238e-06		0.000149335		0.999633		0.00021469		
0.999359		0.000165965		0.000348527		0.000126133		
0.450962		0.0591201		0.405591		0.0843263		
0.0113636		0.317149		0.445764		0.225723		
0.220991		0.304815		0.316245		0.157949		
0.180704		0.328358		0.348614		0.142324		
0.000950395		0.997609		0.000435191		0.00100504		
0.352159		0.234635		0.0452658		0.36794		
0.162706		0.134186		0.344424		0.358684		
0.110299		0.329506		0.297843		0.262352		
0.304975		0.355443		0.230714		0.108868		
0.000917812		0.00186996		0.996176		0.00103644		
0.997734		0.00171153		0.000194959		0.000359134		
0.999953		2.48832e-05		3.02278e-06		1.8969e-05		
0.00589391		0.376719		0.455796		0.161591		
0.000614451		0.00136963		0.00107842		0.996938		
0.000332936		0.000731976		0.998887		4.83685e-05		
0.000475806		0.000385081		0.999062		7.66129e-05		
0.161326		0.460773		0.223204		0.154696		
4.5328e-05		0.000903323		0.998152		0.000899006		
0.000105614		0.000941639		0.000976185		0.997977		
0.00100506		0.000682942		0.00115575		0.997156		
0.251019		0.0910739		0.2628		0.395106		
0.13241		0.145112		0.342186		0.380293		
0.178007		0.163426		0.193196		0.465371		
0.198456		0.527012		0.092613		0.181918		
0.00127027		0.997207		0.0011465		0.000376196		
0.000684264		0.000610812		0.000576019		0.998129		
0.00153956		0.000721486		0.996605		0.00113348		
0.000494276		0.000375677		0.00012614		0.999004		
0.260547		0.202734		0.293359		0.243359		
0.504065		0.11266		0.124274		0.259001		
0.00155968		0.00135891		0.00024938		0.996832		
0.32978		0.264099		0.121389		0.284732		
0.164523		0.184834		0.313473		0.33717		
0.0019396		7.18369e-05		0.996715		0.00127372		
0.428162		0.101671		0.33222		0.137947		
0.12807		0.347368		0.194737		0.329825		
0.0343602		0.552133		0.239336		0.174171		
0.0956625		0.544266		0.157457		0.202614		
0.388716		0.124224		0.0998965		0.387164		
1.1194e-05		4.8041e-05		0.999867		7.35774e-05		
0.998789		0.000454364		0.000314277		0.000442296		
0.000576133		0.000705373		0.998645		7.3963e-05		
0.0754848		0.41205		0.0817175		0.430748		
0.440647		0.189448		0.0779376		0.291966		
0.000846492		0.000318103		9.71238e-05		0.998738		
0.996992		0.000882002		0.000670818		0.00145499		
0.187378		0.381605		0.0738748		0.357143		
0.999047		0.000332801		0.000510522		0.000109802		
0.38343		0.029975		0.313072		0.273522		
0.996555		0.00205327		0.00044589		0.000946156		
0.99643		0.00174717		9.76681e-05		0.00172547		
0.240246		0.294148		0.361396		0.104209		
0.00117202		0.99666		0.0002102		0.00195762		
0.00191265		0.000457995		0.00115279		0.996477		
0.164884		0.163102		0.642602		0.0294118		
0.137897		0.232143		0.359623		0.270337		
0		0.99718		0.0017312		0.00108911		
0.000217987		0.99866		0.000428189		0.000693667		
0.00053344		0.997461		0.00125909		0.000746537		
0.998313		0.000291597		0.000580372		0.000815531		
0.00109111		0.189307		0.361157		0.448445		
0.000342124		9.61794e-05		0.999191		0.000370291		
0.331498		0.284404		0.293578		0.0905199		
0.0421196		0.0529891		0.860054		0.044837		
4.41968e-06		0.999938		2.33955e-05		3.46849e-05		
0.00132079		0.000369164		0.00142333		0.996887		
0.0869955		0.23139		0.343946		0.337668		
0.216008		0.312478		0.20762		0.263894		
0.998395		0.000728414		0.000395336		0.000481718		
0.0768811		0.355507		0.289531		0.278081		
0.356204		0.363869		0.00547445		0.274453		
0.99977		0.000143933		4.63587e-05		4.01775e-05		
0.4179		0.141992		0.421265		0.0188425		
0.217847		0.260578		0.392124		0.129451		
0.34725		0.395626		0.162359		0.0947647		
0.38034		0.0756562		0.415852		0.128152		
0.287495		0.090209		0.296296		0.325999		
0.000416425		0.999145		0.000187913		0.000251131		
0.162133		0.541893		0.118607		0.177367		
0.0717131		0.239841		0.0900398		0.598406		
0.00137358		0.997508		0.000196015		0.000922596		
0.164424		0.25395		0.538327		0.0433002		
0.244109		0.110273		0.216777		0.428841		
0.996871		0.0015368		0.000462225		0.00112988		
0.0004866		0.000262313		0.999102		0.000149525		
0.997965		0.00117061		0.000806174		5.83727e-05		
0.00123218		0.000489689		0.000793757		0.997484		
0.243075		0.0138504		0.337258		0.405817		
0.998449		0.000640936		0.000382135		0.00052771		
0.00133998		0.000273344		0.00209762		0.996289		
0.00120719		0.000601118		0.997359		0.000832317		
0.000442972		0.00142344		0.00107499		0.997059		
0.000221185		0.000593178		0.999148		3.71993e-05		
0.00112808		0.000838878		0.00106039		0.996973		
5.57315e-05		0.000193849		0.00220745		0.997543		
0.276909		0.276909		0.248599		0.197582		
0.000486		0.998641		0.000274489		0.000598885		
0.999363		0.000231985		0.00022113		0.000183603		
0.000137667		7.16462e-05		0.999598		0.00019303		
0.00134566		0.997035		0.000908632		0.000710556		
0.00101322		0.000589186		0.996715		0.00168275		
0.00154709		0.996922		0.000981431		0.000549601		
0.0678541		0.698897		0.0805768		0.152672		
0.0195695		0.425636		0.485323		0.0694716		
0.000563353		0.000212644		0.000138065		0.999086		
0.996395		0.00136074		0.000384054		0.00186067		
0.999027		0.000891351		5.57094e-05		2.55962e-05		
0.432719		0.312442		0.246083		0.00875576		
8.48599e-05		0.00145785		0.000918228		0.997539		
0.00153147		0.000491017		0.996828		0.00114939		
0.000582319		0.000902544		0.000604981		0.99791		
0.998133		0.000354399		0.000479413		0.00103338		
0.998297		0.00108768		0.000194351		0.000421093		
0.580584		0.215834		0.196984		0.00659755		
0.440018		0.175022		0.0282005		0.356759		
6.20957e-05		0.99716		0.00127089		0.00150686		
0.276907		0.362591		0.355799		0.00470219		
0.144793		0.180779		0.382727		0.291702		
0.441807		0.309904		0.15016		0.0981287		
0.996309		0.00265107		0.000901424		0.000138908		
0.000125348		0.00177216		0.000821244		0.997281		
0.236489		0.240072		0.294715		0.228725		
0.271713		0.318327		0.137052		0.272908		
0.000265101		0.996988		0.00142981		0.00131681		
0.000998717		0.997391		0.00111493		0.000495727		
0.000101211		0.99641		0.00305848		0.000430149		
0.000940752		0.00152982		0.997148		0.00038099		
0.00089891		0.998875		7.99031e-05		0.000146186		
0.298156		0.146004		0.163934		0.391906		
0.000538834		0.000758428		0.000976176		0.997727		
0.000883389		0.997328		0.00118397		0.000604512		
0.35639		0.327288		0.244201		0.0721215		
0.053102		0.343849		0.212934		0.390116		
0.366308		0.0891283		0.48237		0.0621939		
0.99757		0.00115022		0.000780738		0.000498732		
0.000213919		0.999055		0.00027551		0.000455884		
0.241009		0.340063		0.273186		0.145741		
0.00040508		0.000293549		0.999184		0.000117777		
0.000829685		0.000579766		0.998379		0.000211643		
0.997488		0.00132036		0.000840401		0.000350958		
0.00124943		0.996777		0.00136327		0.000609958		
0.000514648		0.996879		0.00140283		0.00120361		
0.00010791		0.000121926		6.31334e-05		0.999707		
0.000759437		0.996496		0.00152196		0.00122251		
0.000118611		3.8478e-05		8.11921e-05		0.999762		
0.277329		0.149303		0.336757		0.23661		
0.385035		0.21136		0.0966685		0.306936		
0.268172		0.263842		0.176616		0.29137		
0.000483779		0.998273		0.000793193		0.00044959		
0.283566		0.188188		0.232942		0.295304		
0.000662684		0.000633576		0.998348		0.000356083		
0.214545		0.148571		0.226494		0.41039		
0.121697		0.221836		0.629346		0.027121		
0.251326		0.318966		0.159483		0.270225		
0.000122159		0.997035		0.00210312		0.00073956		
0.000182641		0.000215012		0.000188284		0.999414		
0.313015		0.118616		0.341433		0.226936		
0.0417271		0.358491		0.305878		0.293904		
0.0763824		0.335052		0.259606		0.32896		
0.00113802		0.00110961		0.0011469		0.996605		
0.997414		0.000833185		0.00114807		0.000604686		
0.396		0.2555		0.222		0.1265		
0.0746667		0.0728889		0.730667		0.121778		
0.327273		0.39596		0.145051		0.131717		
0.292266		0.158795		0.37577		0.173169		
0.0744961		0.2156		0.0692375		0.640666		
4.9934e-05		0.000210273		0.000103075		0.999637		
0.328552		0.14484		0.380842		0.145766		
0.00192049		0.000208132		0.996457		0.00141435		
0.438882		0.0128056		0.287544		0.260768		
6.77818e-05		0.00147071		0.998129		0.000332604		
0.00717703		0.563397		0.1561		0.273325		
0.000148943		0.00114101		0.000581143		0.998129		
0.492419		0.0758123		0.00649819		0.425271		
0.295568		0.379961		0.0593449		0.265125		
0.220375		0.398551		0.250213		0.130861		
0.265352		0.130257		0.260514		0.343878		
0.0606061		0.207386		0.238636		0.493371		
0.0366123		0.109837		0.438024		0.415527		
0.996992		0.0012501		0.000330834		0.00142688		
0.00130445		0.00151626		0.000687097		0.996492		
0.00103853		0.000976099		0.996586		0.00139943		
0.998668		0.000323542		0.000651387		0.000357101		
0.997535		0.000168356		0.000610292		0.0016862		
0.000816414		0.000288434		0.00132484		0.99757		
0.268966		0.455172		0.0890805		0.186782		
0.320747		0.290456		0.251452		0.137344		
0.000343115		0.000263831		0.000357897		0.999035		
0.00127222		0.000881178		0.997273		0.000573167		
0.303407		0.462412		0.134667		0.0995133		
0.000398076		0.00133853		0.996348		0.00191574		
0.997293		9.71616e-05		0.00221043		0.000399442		
0.000317234		0.000268703		0.999414		0		
0.0014141		0.00125639		0.000860759		0.996469		
0.000832736		0.997328		0.000961098		0.00087804		
0.000955001		0.998012		3.28771e-05		0.0010004		
0.000484599		0.998727		0.000329746		0.000459093		
0.00066234		0.000177542		0.998609		0.000550743		
0.197873		0.00739713		0.352288		0.442441		
0.294794		0.350913		0.353617		0.000676133		
0.150745		0.296041		0.217581		0.335634		
0.000666428		0.000775698		0.997809		0.000749281		
0.000146896		0.000861483		0.99793		0.00106193		
0.276202		0.1685		0.124493		0.430805		
0.194608		0.722831		0.0235889		0.0589722		
0.00163516		0.000482715		0.997859		2.27457e-05		
0.000400957		0.999441		3.07584e-05		0.000126878		
9.22326e-05		6.14534e-05		5.72515e-05		0.999789		
0.0824972		0.133222		0.239688		0.544593		
0.382726		0.0284069		0.366219		0.222649		
0.00173623		0.00164671		0.000456902		0.99616		
7.56839e-05		4.17898e-05		0.999711		0.000171589		
0.246263		0.186861		0.299371		0.267506		
0.000920312		0.996125		0.00128763		0.00166706		
0.101406		0.745984		0.0542169		0.0983936		
0.00505618		0.380899		0.0567416		0.557303		
0.0178174		0.126392		0.51559		0.3402		
0.209862		0.140434		0.34359		0.306114		
0.327404		0.165349		0.390646		0.116601		
0.27222		0.36994		0.238716		0.119125		
0.000438487		0.997324		0.00106944		0.00116785		
0.000189214		0.999609		3.0327e-05		0.000171084		
0.000516031		0.998754		0.000545166		0.000184897		
0.111872		0.0605023		0.432078		0.395548		
0.188883		0.119806		0.536427		0.154884		
0.298819		0.188673		0.200834		0.311675		
0.99909		6.28796e-05		0.000752424		9.48523e-05		
0.000301399		0.998906		0.00017285		0.000619501		
0.21567		0.0749789		0.377001		0.33235		
0.000126731		0.000117273		0.998621		0.0011349		
0.183618		0.39919		0.29658		0.120612		
7.7452e-05		0.997699		0.00187252		0.000350812		
0.414768		0.190888		0.268657		0.125687		
0.000266725		8.75489e-05		7.15073e-05		0.999574		
0.158163		0.0379009		0.388484		0.415452		
0.251519		0.259974		0.238573		0.249934		
0.265258		0.320926		0.221663		0.192153		
0.999301		0.000345293		0.000328508		2.54174e-05		
0.151844		0.405098		0.41269		0.0303688		
0.715232		0.031457		0.148179		0.105132		
0.368059		0.261425		0.213759		0.156757		
0.406491		0.167217		0.049505		0.376788		
0.289803		0.211184		0.233553		0.265461		
0.0001808		0.000641459		0.000119148		0.999059		
0.999195		0.000331462		0.000209076		0.00026415		
0.99998		6.69943e-06		1.16347e-05		1.19708e-06		
0.286796		0.61312		0.0319596		0.0681245		
0.0963406		0.572069		0.0612397		0.270351		
0.0612245		0.221514		0.403486		0.313776		
0.997805		0.000824764		0.000787229		0.00058332		
0.313856		0.0792988		0.359766		0.247078		
0.115962		0.1794		0.309004		0.395634		
0.31992		0.124346		0.203219		0.352515		
0.00158979		0.000714998		0.996148		0.00154677		
2.98109e-05		0.996602		0.00152333		0.00184529		
0.155545		0.19011		0.457993		0.196351		
0.00019208		8.97764e-05		0.00165564		0.998062		
0.250252		0.188194		0.414733		0.146821		
0.0010135		0.000927182		0.000715573		0.997344		
7.2331e-06		0.999941		1.33448e-05		3.80158e-05		
0.319812		0.127242		0.371477		0.181469		
0.000643087		0.00106076		0.996781		0.0015149		
0.000628555		0.000386242		0.997207		0.00177817		
0.000400942		0.00145742		0.99666		0.00148148		
0.00103443		0.000946013		0.000335967		0.997684		
0.996512		0.00166288		0.000554294		0.0012711		
0.000188851		0.000442363		0.000294567		0.999074		
0.0946502		0.00411523		0.333333		0.567901		
0.199581		0.326459		0.147501		0.326459		
3.39377e-07		0.999418		0.000251818		0.000329874		
0.755328		0.038674		0.0465667		0.159432		
0.261806		0.1628		0.1686		0.406794		
0.00102964		3.49029e-05		0.998539		0.000396398		
2.13984e-05		2.08277e-05		0.999934		2.41801e-05		
0.193409		0.330632		0.0113452		0.464614		
0.146897		0.236449		0.239199		0.377455		
0.00891266		0.331551		0.100713		0.558824		
0.000877481		0.00218072		0.000293359		0.996648		
0.000912973		0.00109208		0.000358224		0.997637		
0.998469		0.000267529		0.000491056		0.000772665		
0.000854232		3.06298e-05		0.000287013		0.998828		
0.00115622		0.996141		0.00113708		0.00156608		
0.000135071		0.99973		0.000124399		1.00617e-05		
0.234488		0.377236		0.260373		0.127903		
8.80626e-05		0.000132094		0.999293		0.000486875		
0.0327662		0.0491493		0.47511		0.442974		
0.370493		0.146584		0.425522		0.0574004		
0.000349254		0.00148215		0.996195		0.00197329		
0.0553539		0.30127		0.335299		0.308076		
0.99968		0.000130443		6.89945e-05		0.000120875		
0.000794874		0.000880806		0.997316		0.00100791		
5.41775e-05		0.000360233		0.999039		0.000546527		
0.442887		0.390966		0.145898		0.0202492		
0.0021207		0.000950058		0.000679237		0.99625		
0.99818		0.00116453		0.000267607		0.000388176		
0.0374053		0.353693		0.329545		0.279356		
0.157454		0.128141		0.0552764		0.659129		
0.0694915		0.292655		0.394915		0.242938		
0.472663		0.0376249		0.44856		0.0411523		
0.00014299		6.52359e-05		0.999773		1.83366e-05		
0.000726164		0.997398		0.00044517		0.00143023		
3.52496e-05		4.19046e-05		0.999887		3.61271e-05		
0.558566		0.245629		0.0961538		0.0996503		
0.00112863		0.99684		0.000791974		0.00123956		
0.00201547		0.997328		0.000225548		0.000430854		
0.0999454		0.425451		0.238667		0.235937		
0.314111		0.301442		0.0572302		0.327217		
0.00105246		0.00204478		0.99623		0.000672287		
0.00084739		0.000687737		8.59671e-05		0.998379		
0.294655		0.119902		0.277778		0.307665		
0.433816		0.157704		0.0930714		0.315408		
0.000641648		0.00129745		0.00180699		0.996254		
5.09345e-05		5.31144e-05		2.87636e-05		0.999867		
0.124082		0.348571		0.233878		0.293469		
5.44949e-05		0.00137016		0.00189175		0.996684		
0.000685128		0.99807		0.00121269		3.18664e-05		
0.170915		0.293743		0.133256		0.402086		
0.0879414		0.307129		0.494337		0.110593		
5.02717e-05		0.000113451		0.999797		3.94022e-05		
9.73734e-05		0.999711		6.46804e-05		0.000127009		
0.497715		0.0132047		0.248349		0.240731		
0.138602		0.0972644		0.46079		0.303343		
0.274955		0.324866		0.223708		0.176471		
0.144495		0.224771		0.174312		0.456422		
0.19425		0.168609		0.307692		0.329448		
0.00184216		0.996785		0.000438185		0.000934496		
0.0485981		0.366355		0.0211838		0.563863		
0.139584		0.222163		0.232818		0.405434		
1.75594e-05		0.000180771		0.999789		1.26067e-05		
0.273074		0.333616		0.164691		0.22862		
0.000793797		0.996258		0.00164258		0.00130581		
0.381683		0.11117		0.366331		0.140815		
0.114801		0.267733		0.223862		0.393604		
0.422368		0.174123		0.167105		0.236404		
0.000247635		0.000612776		0.999129		1.06823e-05		
0.998363		0.00077953		0.000795259		6.19299e-05		
0.000436929		0.000391265		0.0002304		0.998941		
0.000167201		0.000293531		0.00266036		0.996879		
0.0164905		0.415645		0.383087		0.184778		
0.000884264		0.998258		6.02052e-05		0.000797719		
0.406667		0.0952381		0.326667		0.171429		
0.0608487		0.238191		0.390312		0.310649		
0.000998225		0.000539187		0.996809		0.00165399		
0.00050764		0.997582		0.000563747		0.00134658		
0.244398		0.152684		0.463783		0.139135		
0.000993993		0.00195936		0.000288831		0.996758		
0.161616		0.231962		0.262626		0.343795		
5.08466e-05		0.999781		7.98364e-05		8.8067e-05		
0.228996		0.33043		0.40625		0.0343238		
0.000417174		0.000584994		0.998691		0.000306426		
0.000215706		7.7426e-05		0.000109211		0.999598		
0.185185		0.24359		0.17284		0.398386		
0.998266		0.000386725		0.000490768		0.000856881		
0.267996		0.308601		0.229605		0.193798		
0.295875		0.421053		0.209815		0.0732575		
0.996445		0.000150279		0.000982597		0.00242181		
0.362406		0.264662		0.0552632		0.317669		
0.0192024		0.308715		0.422452		0.249631		
0.999695		0.000149973		8.98058e-05		6.49091e-05		
0.000859232		0.998082		0.000368404		0.000690333		
0.000989194		0.997578		0.00138707		4.56067e-05		
0.204661		0.227457		0.380952		0.18693		
0.123463		0.278406		0.468273		0.129857		
0.000145535		0.000725504		0.99907		5.86485e-05		
0.00073953		0.996207		0.00152179		0.00153165		
0.195258		0.596932		0.0516039		0.156206		
0.0115385		0.222436		0.334615		0.43141		
0.318465		0.254838		0.154805		0.271892		
0.0238971		0.478554		0.395221		0.102328		
6.72958e-05		0.996941		0.00140816		0.00158313		
0.000761079		0.000258601		0.998195		0.000785007		
0.447319		0.153312		0.271924		0.127445		
0.335489		0.312204		0.12376		0.228547		
8.00699e-05		0.000155594		0.99975		1.43357e-05		
0.99827		0.000449993		0.000266226		0.00101425		
0.0252765		0.317141		0.310821		0.346761		
0.422018		0.223242		0.230232		0.124509		
0.996992		0.0011617		0.000574846		0.00127127		
0.280922		0.30566		0.105241		0.308176		
0.376471		0.141176		0.0980392		0.384314		
0.340627		0.111885		0.100448		0.447041		
0.000195773		0.00119436		0.997586		0.00102393		
0.18595		0.131198		0.201446		0.481405		
0.000688449		0.000595146		0.000505467		0.998211		
0.000478832		0.998492		0.000435302		0.000593678		
5.38617e-05		0.00211999		0.00152536		0.996301		
0.324037		0.259817		0.0722936		0.343853		
0.022233		0.321411		0.460126		0.19623		
0.451529		0.219909		0		0.328562		
0.429136		0.0914737		0.173348		0.306042		
0.176829		0.0914634		0.565549		0.166159		
0.000554996		0.998758		0.000344166		0.000343026		
0.418026		0.00777001		0.205128		0.369075		
0.31705		0.235632		0.246169		0.201149		
0.000136792		7.66509e-05		0.000599057		0.999188		
0.999109		0.000579697		9.7118e-05		0.00021381		
0.00039359		0.000229145		0.998047		0.00133039		
0.998156		0.000427132		0.000776994		0.000639625		
0.293212		0.30091		0.16725		0.238628		
0.0017643		1.70007e-05		0.996492		0.00172652		
0.000642361		0.000369911		0.997977		0.00101116		
0.324415		0.248495		0.305351		0.121739		
8.15645e-05		0.000142267		0.000100387		0.999676		
0.173745		0.186615		0.343629		0.29601		
1.97416e-05		5.92698e-06		0.999953		2.12064e-05		
0.346939		0.264031		0.207908		0.181122		
0.999629		0.000112699		6.68483e-05		0.000191546		
0.000113921		7.69653e-05		7.86451e-05		0.99973		
0.00104247		0.000102082		0.000460915		0.998395		
0.998074		0.000461058		0.000774704		0.000690019		
0.300214		0.0459402		0.132479		0.521368		
0.00131256		0.000190954		0.997586		0.00091055		
0.331479		0.301075		0.215795		0.15165		
0.999664		3.28513e-05		0.000157761		0.000145325		
0.000280171		0.996551		0.00226939		0.000899661		
0.297017		0.0700083		0.219553		0.413422		
0.00267857		0.374107		0.344196		0.279018		
0.479334		0.044417		0.297347		0.178902		
0.000671693		0.998852		0.000189404		0.00028734		
0.000267835		0.997133		0.00115612		0.00144323		
0.000178665		0.00101702		0.997301		0.00150354		
0.11413		0.24683		0.362319		0.276721		
0.467342		0.119494		0.386835		0.0263291		
0.000386887		0.000353262		0.000224695		0.999035		
0.0524064		0.470053		0.0326203		0.44492		
0.305694		0.433941		0.0784964		0.181868		
0.000715301		0.00187496		0.00120662		0.996203		
0.000689748		0.000252184		0.998375		0.000683068		
0.118689		0.360496		0.292737		0.228078		
0.226515		0.269408		0.257001		0.247076		
0.528177		0.0607735		0.0237569		0.387293		
0.0757576		0.354798		0.29335		0.276094		
0.302865		0.140518		0.46794		0.0886767		
0.185306		0.251429		0.315918		0.247347		
0.34065		0.38367		0.0838455		0.191835		
0.290818		0.03199		0.354383		0.322808		
