0.0879321		0.27168		0.252274		0.388114		
0.156576		0.376827		0.409186		0.0574113		
0.000150504		0.999422		0.000256982		0.000170639		
0.996391		0.00134551		0.00131347		0.000950398		
0.0612583		0.112583		0.0281457		0.798013		
0.00113857		0.997086		0.00163812		0.000137377		
0.237281		0.302266		0.0949124		0.365541		
0.17121		0.461502		0.125299		0.241989		
0.567393		0.20904		0.0185634		0.205004		
0.337596		0.0869565		0.4789		0.0965473		
0.145833		0.5325		0.205833		0.115833		
0.776388		0.0469116		0.0734949		0.103206		
0.0552826		0.422604		0.330467		0.191646		
0.28081		0.0202465		0.1875		0.511444		
0.323801		0.280246		0.0620326		0.33392		
0.0153593		0.350521		0.207899		0.426221		
0.997687		0.000480418		0.000940678		0.000891404		
0.999277		4.76846e-05		0.000213573		0.000461399		
0.353406		0.222113		0.174729		0.249753		
0.126743		0.518378		0.302915		0.0519645		
0.000613911		0.00065447		0.000555838		0.998176		
0.0682515		0.562117		0.343558		0.0260736		
0.0918204		0.350441		0.334002		0.223737		
0.0197276		0.295444		0.342414		0.342414		
0.00125072		8.38782e-05		0.000380248		0.998285		
0.00124749		0.00100688		0.996629		0.00111672		
0.408502		0.292379		0.0684292		0.230689		
0.00032334		0.996621		0.00206129		0.000994271		
0.000283458		0.999656		5.44306e-05		5.86175e-06		
0.118502		0.283958		0.110676		0.486864		
0.504237		0.0635593		0.0432203		0.388983		
0.143316		0.23324		0.267764		0.35568		
0.115595		0.184853		0.40558		0.293971		
0.000121512		7.7116e-05		0.999766		3.57472e-05		
0.00089008		0.997781		0.00125127		7.73983e-05		
0.000109478		5.92546e-05		0.00018283		0.999648		
0.0014457		0.997371		0.000748318		0.000434886		
0.175176		0.266008		0.278984		0.279831		
0.997738		0.000332894		0.00109855		0.000830276		
0.431007		0.377198		0.145445		0.0463506		
0.000304444		0.000895247		0.00214015		0.99666		
0.000395918		0.996414		0.00164472		0.0015453		
0.132736		0.187704		0.293974		0.385586		
6.33629e-05		7.92653e-05		0.000107372		0.99975		
0.000410955		0.000386657		3.16932e-06		0.999199		
0.0011496		0.00122897		0.996855		0.000765959		
0.000814477		0.996129		0.00164759		0.00140903		
0.000235891		0.99952		0.000195128		4.94502e-05		
0.420247		0.0901744		0.125904		0.363675		
0.0868666		0.278697		0.21303		0.421406		
0.0600642		0.375516		0.135259		0.429161		
0.12761		0.167827		0.176334		0.528229		
0.0876206		0.096463		0.640675		0.175241		
0.350343		0.110815		0.346915		0.191927		
0.4636		0.427199		0.00151668		0.107685		
0.000111735		0.999176		0.000455821		0.000256663		
0.998211		0.000923972		0.000447266		0.000417825		
0.34355		0.338204		0.131148		0.187099		
0.000747488		0.00187955		0.000658115		0.996715		
0.997637		0.000771484		0.000566406		0.00102539		
0.0480349		0.352074		0.151747		0.448144		
8.52911e-05		0.000557131		0.999012		0.000345859		
0.194574		0.0690971		0.4078		0.328529		
0.000167246		0.998711		0.000167246		0.000954571		
0.290463		0.191739		0.241437		0.27636		
0.192239		0.15388		0.431757		0.222123		
0.332529		0.267402		0.330462		0.0696072		
0.436259		0.424728		0.0595772		0.0794363		
0.000531991		0.00142423		0.00157503		0.996469		
0.000500719		0.000719512		8.05505e-05		0.998699		
0.130191		0.445567		0.280584		0.143659		
0.133784		0.151351		0.0506757		0.664189		
0.00126702		0.000395092		0.996676		0.00166211		
0.384572		0.256381		0.028928		0.330119		
0.272501		0.254666		0.0808793		0.391954		
0.172035		0.148243		0.351391		0.328331		
0.183378		0.232503		0.314603		0.269515		
0.000173343		0.99948		0.000116976		0.000229212		
0.00012703		0.000722119		0.000756319		0.998395		
0.000298036		0.999254		0.000113519		0.000334539		
0.215704		0.351986		0.00406137		0.428249		
0.1601		0.0987531		0.309227		0.43192		
0.494222		0.0168889		0.452444		0.0364444		
0.137466		0.343666		0.450135		0.0687332		
0.997328		2.85645e-05		0.00177979		0.000863525		
0.396787		0.195984		0.337349		0.0698795		
0.176569		0.169906		0.309828		0.343698		
0.0028858		0.996563		0.000346579		0.000205118		
0.00126925		0.000362879		0.000203809		0.998164		
0.000628903		0.999066		0.000191739		0.000112952		
0.000122796		0.000110595		0.000102547		0.999664		
0.303378		0.300829		0.313257		0.0825366		
0.235088		0.177388		0.28655		0.300975		
0.0780261		0.350485		0.295234		0.276255		
0.000918754		0.00181312		0.996805		0.000463442		
0.256965		0.271628		0.116202		0.355205		
0.0863531		0.306091		0.233231		0.374325		
0.267626		0.439329		0.21199		0.0810552		
0.165348		0.406497		0.357351		0.0708038		
0.0246277		0.202176		0.372852		0.400344		
0.276696		0.545723		0.019469		0.158112		
0.291959		0.522936		0.0717755		0.11333		
0.000370484		0.000464623		0.000383643		0.998781		
0.191626		0.010467		0.396538		0.401369		
0.168871		0.429012		0.00308642		0.39903		
0.000154441		2.7349e-05		0.999801		1.74283e-05		
0.299368		0.35624		0.247235		0.0971564		
0.997523		0.000295316		0.000836242		0.001345		
0.572926		0.165939		0.0873362		0.173799		
8.59466e-06		0.999508		0.000158142		0.000325451		
0.000600055		0.998895		0.000450863		5.45505e-05		
0.292502		0.185598		0.328879		0.193022		
0.329356		0.383652		0.176014		0.110979		
0.642479		0.0839002		0.129252		0.144369		
0.267751		0.215237		0.235947		0.281065		
0.996656		9.87243e-05		0.00166544		0.00157959		
0.597416		0.000994036		0.365805		0.0357853		
0.999391		0.000278168		1.06841e-05		0.000320523		
0.231459		0.167989		0.282511		0.318041		
0.403121		0.193325		0.381881		0.0216732		
0.00062695		0.997953		0.000750018		0.000669907		
0.00049542		0.997297		0.000954044		0.00125366		
4.77063e-05		0.000129951		0.999633		0.00018953		
0.00107342		0.000346708		0.997535		0.00104472		
0.000139924		0.00141815		0.000695837		0.997746		
0.361731		0.479378		0.108181		0.0507099		
0.321133		0.311983		0.327669		0.0392157		
0.210665		0.174526		0.362715		0.252093		
9.12644e-05		6.58084e-05		0.999828		1.48022e-05		
0.449772		0.370776		0.137443		0.0420091		
0.1303		0.248707		0.395036		0.225957		
0.000370185		0.000622117		0.998832		0.000175667		
0.152572		0.330342		0.210908		0.306179		
0.00596252		0.605622		0.305792		0.0826235		
0.368785		0.0448895		0.109116		0.47721		
0.000921745		0.000714748		0.000297101		0.998066		
0.998359		0.000872743		0.000755867		1.20152e-05		
0.230508		0.0435835		0.413559		0.312349		
0.999359		0.000211532		0.000164129		0.000264963		
0.341281		0.0227758		0.335231		0.300712		
0.998234		0.000454195		0.000734773		0.000576657		
0.996535		0.00026065		0.00296601		0.00023818		
0.241924		0.0439863		0.589691		0.124399		
6.95235e-05		4.05405e-05		0.99975		0.000139936		
0.0869145		0.364075		0.481893		0.0671173		
0.2846		0.327485		0.293372		0.0945419		
0.000247095		0.999066		0.000343801		0.000342698		
0.152587		0.261831		0.184874		0.400708		
0.177663		0.281607		0.176189		0.364541		
0.347458		0.387712		0.0301907		0.23464		
0.134659		0.3125		0.139205		0.413636		
0.384349		0.179853		0.00951146		0.426286		
0.277376		0.0140271		0.300905		0.407692		
5.71769e-05		2.82106e-05		0.999883		3.17999e-05		
0.181062		0.172105		0.247601		0.399232		
0.999828		4.47756e-05		7.39503e-05		5.3149e-05		
0.468691		0.126502		0.112587		0.29222		
0.440205		0.389018		0.0353653		0.135412		
0.000693702		0.998207		0.00076475		0.000334516		
0.0228571		0.0888889		0.511746		0.376508		
0.0450771		0.197509		0.445433		0.311981		
0.311186		0.261695		0.385085		0.0420339		
0.000371503		0.000125864		0.998789		0.00071357		
0.00155356		0.00123993		0.000960415		0.996246		
0.362107		0.162019		0.423196		0.0526782		
0.000658378		0.000421892		0.99825		0.00066973		
0.185967		0.132345		0.233885		0.447804		
0.141753		0.0854811		0.346649		0.426117		
0.389466		0.0867953		0.383531		0.140208		
0.000892323		0.997469		0.000391312		0.00124761		
0.279649		0.331795		0.222427		0.166128		
0.307925		0.045283		0.560755		0.0860377		
0.0466847		0.234777		0.578484		0.140054		
0.000634861		0.000705401		0.997898		0.000761301		
0.00101131		0.997473		0.000143409		0.00137263		
0.315108		0.316079		0.259786		0.109026		
0.257016		0.403742		0.318562		0.0206795		
9.26568e-05		0.999766		6.73262e-05		7.43921e-05		
6.06927e-05		0.99859		0.000852542		0.000496921		
0.502898		0.0618158		0.159047		0.27624		
0.0974605		0.588881		0.188058		0.125601		
0.365455		0.205455		0.10303		0.326061		
0.166181		0.261419		0.123907		0.448494		
0.000388758		0.00114363		0.997094		0.00137386		
0.998359		6.52743e-05		0.000919685		0.000655665		
0.176338		0.122357		0.283401		0.417904		
0.996719		0.000873843		7.2338e-05		0.00233507		
0.233988		0.298036		0.087959		0.380017		
0.000381879		0.998195		0.00114564		0.00027717		
0.307061		0.303495		0.288873		0.100571		
0.120972		0.305335		0.34654		0.227153		
0.282543		0.0605449		0.254289		0.402624		
0.260058		0.22562		0.202768		0.311555		
0.000397321		0.000185858		0.999305		0.000112133		
0.997711		0.000351075		0.000928485		0.0010095		
0.000233869		0.00177156		0.00160785		0.996387		
0.405891		0.18319		0.268678		0.142241		
0.000491583		0.997555		0.000783292		0.00117044		
0.327407		0.301821		0.188205		0.182567		
0.00173672		0.00115519		0.000447932		0.99666		
0.997988		0.000226521		0.000792822		0.000992376		
0.351703		0.36523		0.149299		0.133768		
1.88347e-05		0.999906		3.43891e-05		4.05262e-05		
0.191499		0.336547		0.387818		0.0841367		
0.000552778		0.998754		0.00023289		0.000460426		
0.000148732		0.00182634		0.00180228		0.996223		
0.997547		0.00123122		0.000512362		0.000709543		
0.318884		0.266465		0.156922		0.257728		
0.000230371		0.998164		0.000455467		0.0011501		
0.00127594		0.000224728		0.996859		0.00163996		
0.34853		0.282488		0.0771197		0.291862		
0.147024		0.203356		0.251698		0.397922		
0.41716		0.321499		0.0453649		0.215976		
0.145675		0.0288316		0.298938		0.526555		
0.000264472		0.998906		0.000523341		0.000305936		
0.000643799		0.998422		0.000550109		0.000384217		
0.219872		0.328969		0.203088		0.24807		
0.00141399		0.99818		0.00011377		0.00029255		
3.79826e-07		0.000111669		0.000286389		0.999602		
3.77922e-05		0.000699155		0.998672		0.000591178		
1.97294e-05		0.00018292		0.99975		4.73506e-05		
0.000348477		0.000742655		0.000658868		0.99825		
0.240843		0.256397		0.414451		0.0883091		
0.300589		0.279517		0.207313		0.212581		
0.998766		0.000347385		9.2636e-06		0.000877726		
0.000800611		0.997945		0.000758728		0.000495348		
0.00106298		5.48636e-05		0.00119465		0.997687		
0.245882		0.274034		0.284516		0.195568		
0.000146809		4.17021e-05		0.9995		0.000311489		
0.0497258		0.361243		0.249726		0.339305		
0.001229		0.000723685		0.000746538		0.997301		
6.56934e-05		0.00110949		0.000824818		0.998		
0.000903758		0.000606124		0.998059		0.000431524		
0.149468		0.418325		0.198519		0.233688		
0.418372		0.280819		0.293194		0.00761542		
0.997457		0.000445885		0.00141502		0.000682061		
0.226302		0.234842		0.428693		0.110162		
0.329716		0.219311		0.306138		0.144835		
0.182692		0.185577		0.219712		0.412019		
0.390195		0.0565283		0.234117		0.31916		
0.175874		0.11556		0.346173		0.362392		
0.998691		0.000338368		0.000342855		0.000627371		
0.34772		0.339367		0.268361		0.0445527		
6.4314e-06		4.02993e-06		0.999984		5.16367e-06		
0.000227398		0.000179356		0.999496		9.71514e-05		
0.303725		0.348138		0.188157		0.159981		
0.315673		0.0375276		0.084621		0.562178		
0.693191		0.11977		0.0935193		0.0935193		
0.0481862		0.479155		0.338928		0.13373		
0.252463		0.317767		0.230573		0.199197		
0.108341		0.483221		0.139022		0.269415		
0.352287		0.115006		0.289012		0.243694		
0.002059		0.00142401		0.000364647		0.996152		
0.000158697		0.000353422		0.998836		0.000651944		
0.0010099		0.00102839		0.997465		0.000496863		
0.304955		0.114445		0.236218		0.344382		
0.319596		0.241058		0.0513219		0.388025		
0.0936047		0.330233		0.491279		0.0848837		
0.250147		0.278886		0.200293		0.270674		
0.252329		0.3895		0.0110076		0.347163		
0.0101523		0.107324		0.226976		0.655547		
0.000508963		0.000862682		0.998398		0.000229918		
0.000623682		0.99898		0.000174066		0.000221783		
0.307435		0.196283		0.218587		0.277695		
0.482111		0.384615		0.00715564		0.126118		
0.000467793		0.00086685		0.998168		0.000497388		
0.000367413		0.999137		0.000392147		0.000103721		
0.000458131		0.998348		5.02827e-05		0.00114393		
0.000671433		0.998844		0.000456921		2.78962e-05		
0.000304113		0.00061338		0.997758		0.00132469		
0.998293		0.000315721		0.000499445		0.000891866		
0.000490566		0.998945		0.000322101		0.000242021		
0.150883		0.29364		0.288693		0.266784		
0.996141		0.00140341		0.00132997		0.00112599		
0.244581		0.0245052		0.432611		0.298303		
0.276382		0.40603		0.253266		0.0643216		
0.998324		0.000203619		0.000487667		0.000984496		
0.136364		0.227273		0.303922		0.332442		
0.000147193		0.000278032		0.00295368		0.996621		
0.439373		0.180728		0.242969		0.136929		
0.320151		0.194979		0.308459		0.17641		
0.00144956		0.997449		1.12369e-05		0.00108998		
0.0769524		0.256381		0.351238		0.315429		
0.364821		0.401117		0.199628		0.0344346		
0.28013		0.384365		0.134365		0.20114		
0.200683		0.42357		0.0482494		0.327498		
0.020532		0.320112		0.235184		0.424172		
0.000247783		0.000258381		0.999383		0.000111023		
7.29945e-05		0.999742		9.06348e-05		9.41832e-05		
0.000215568		4.35305e-05		0.999578		0.000162776		
0.463206		0.198423		0.22339		0.11498		
0.000584017		0.000550348		0.000635167		0.99823		
0.00112829		0.000968163		0.997035		0.00086839		
1.18588e-05		8.45654e-06		3.1222e-06		0.999977		
0.378282		0.0560681		0.393187		0.172463		
2.83197e-05		0.000193397		0.999633		0.000145471		
0.000486416		0.00051952		0.000267502		0.998727		
0.156553		0.132585		0.445181		0.265681		
1.25852e-05		6.92387e-07		0.999957		2.96912e-05		
0.996199		0.00153307		0.00218864		7.90767e-05		
0.089083		0.344105		0.524891		0.0419214		
0.34928		0.000464468		0.45007		0.200186		
0.162143		0.281141		0.0709812		0.485734		
0.338068		0.27036		0.276515		0.115057		
0.996836		0.00158286		0.00089618		0.00068502		
0.324092		0.240924		0.089769		0.345215		
0.147004		0.166152		0.292773		0.39407		
0.999113		6.6848e-05		0.000431235		0.000388636		
0.425926		0.0483539		0.396091		0.12963		
0.000292539		0.000199123		0.998793		0.000715369		
0.302377		0.22775		0.0138198		0.456053		
0.000153871		0.998477		0.00072237		0.000647197		
0.000135334		0.999648		0.000170185		4.6044e-05		
0.00112407		0.000155332		0.997348		0.00137294		
0.227581		0.232762		0.286967		0.25269		
0.333564		0.175615		0.313821		0.177		
0.377381		0.136198		0.21362		0.272801		
0.0110011		0.317932		0.220022		0.451045		
0.1649		0.125053		0.318779		0.391267		
0.165324		0.267357		0.366321		0.200997		
0.364905		0.0957129		0.453639		0.0857428		
0.000599554		0.997078		1.51786e-05		0.00230714		
0.99634		0.00117557		0.00152983		0.000954754		
0.000694412		0.997641		0.000929943		0.00073502		
0.000103542		0.00101215		0.998285		0.000599148		
0.000479463		0.0005298		0.0005298		0.998461		
0.000785686		0.000210125		0.00123856		0.997766		
3.29662e-05		3.06718e-05		2.22995e-05		0.999914		
0.001		0.000656794		0.998		0.000343206		
0.106628		0.366571		0.165418		0.361383		
0.00147484		0.00132101		0.000336967		0.996867		
0.270423		0.238028		0.0133803		0.478169		
0.997918		0.000257621		0.000899243		0.000925167		
0.000593047		0.998762		0.000143122		0.000502113		
0.996441		0.00048633		0.000321984		0.00275028		
0.000164434		1.73365e-05		0.999707		0.000111199		
0.000356451		0.000382442		0.999074		0.000186889		
0.0893946		0.40065		0.355953		0.154002		
0.400501		0.355388		0.105263		0.138847		
0.304046		0.372701		0.0555783		0.267675		
0.262372		0.0961718		0.579832		0.0616246		
0.414231		0.00317662		0.400254		0.182338		
0.281128		0.233787		0.227626		0.257458		
0.000551091		0.000605858		0.996293		0.00255008		
0.00131917		0.000543063		0.996184		0.00195417		
0.229712		0.0221729		0.31929		0.428825		
0.440814		0.315479		0.0540975		0.189609		
0.174943		0.375859		0.336134		0.113063		
0.289499		0.168593		0.480732		0.0611753		
0.187339		0.329388		0.42666		0.0566135		
0.288063		0.327377		0.237312		0.147248		
0.00070962		0.00137336		0.997152		0.000764677		
0.000505302		0.00134063		0.000591573		0.997563		
0.996238		0.00142109		0.000498577		0.00184205		
0.99798		0.000459817		0.000849263		0.000710451		
0.99866		0.000407931		0.000228582		0.00070333		
0.000235845		0.998273		4.00491e-05		0.00145067		
0.158177		0.322788		0.510456		0.00857909		
0.330193		0.0879318		0.402423		0.179453		
0.000112078		0.99975		0.000123022		1.48998e-05		
0.00147191		0.000761334		0.99682		0.000946442		
0.081171		0.522954		0.0206254		0.37525		
0.260452		0.283998		0.309947		0.145603		
0.000613021		0.000122876		0.000232853		0.999031		
0.200653		0.34671		0.0578628		0.394774		
0.00100969		0.00114245		0.00165254		0.996195		
0.996121		0.000751866		0.00144213		0.00168491		
0.323047		0.192969		0.339453		0.144531		
0.000607405		0.997992		0.000213717		0.00118669		
0.373918		0.563185		0.0178881		0.0450087		
0.000302452		0.999395		0.000271417		3.15995e-05		
0.00110929		0.000596168		0.998094		0.000200788		
0.998918		0.000184926		0.000392215		0.000504891		
0.000439656		0.999305		9.4311e-05		0.000161346		
0.179658		0.26711		0.0617871		0.491445		
0.000526666		0.998062		0.000871762		0.000539072		
0.999293		0.00036775		0.000250144		8.91373e-05		
0.0257202		0.438786		0.461934		0.0735597		
0.279336		0.0323983		0.338601		0.349664		
0.0978593		0.269725		0.49419		0.138226		
0.00061877		0.000931868		0.000172018		0.998277		
0.174603		0.278388		0.280525		0.266484		
0.00198221		0.996625		0.00011102		0.00128177		
0.00029833		0.99898		0.000386075		0.000335126		
0.483976		0.450842		0.0369364		0.0282455		
0.10726		0.295082		0.283841		0.313817		
0.208751		0.193254		0.188241		0.409754		
0.000569076		0.000316726		0.00175873		0.997355		
0.0675241		0.0578778		0.559486		0.315113		
0.501661		0.0112957		0.255814		0.231229		
0.23415		0.150465		0.0397295		0.575655		
0.314472		0.155734		0.38007		0.149725		
0.000332769		0.000111559		0.000403328		0.999152		
0.163823		0.366894		0.285552		0.183732		
0.00123999		0.99625		0.00219046		0.000319556		
0.344118		0.210924		0.381933		0.0630252		
0.183375		0.229741		0.339181		0.247703		
0.99952		0.000157083		1.97588e-05		0.000303627		
0.00114575		0.00171862		0.000108287		0.997027		
0.449616		0.159964		0.251695		0.138726		
0.00898693		0.0890523		0.722222		0.179739		
0.000559935		0.00113026		0.997113		0.00119652		
0.366024		0.275456		0.273848		0.0846731		
0.170415		0.284858		0.422289		0.122439		
9.58358e-05		0.999078		0.000337059		0.00048898		
0.47371		0.392892		0.0886076		0.0447907		
0.000256171		0.998863		0.000605376		0.000275171		
0.386128		0.158383		0.433643		0.021846		
0.342842		0.285788		0.251037		0.120332		
0.000624184		0.998414		0.000114646		0.000847107		
0.256315		0.263354		0.275776		0.204555		
0.316388		0.452843		0.0354515		0.195318		
0.000535677		0.000338091		0.00199342		0.997133		
0.196903		0.0238938		0.438496		0.340708		
0.390659		0.264513		0.284155		0.0606722		
0.0353826		0.433879		0.201238		0.3295		
0.198787		0.342044		0.029398		0.429771		
0.00118045		0.00083957		0.996531		0.00144873		
0.000731013		0.000949055		0.000534776		0.997785		
0.00209584		0.00113462		0.996555		0.000214861		
0.462173		0.0950533		0.42677		0.0160039		
0.00130587		0.000160593		0.00121713		0.997316		
2.68763e-05		7.39683e-05		3.58741e-05		0.999863		
0.506434		0.129596		0.303309		0.0606618		
0.00112023		0.998008		0.000778602		9.33528e-05		
0.0210773		0.0487119		0.462763		0.467447		
0.996609		0.00148117		0.000990419		0.000919038		
0.303677		0.33182		0.0449387		0.319564		
0.000615662		0.998711		0.000288693		0.000384708		
0.12751		0.0110442		0.221888		0.639558		
0.000312054		0.999461		8.57073e-05		0.000141301		
0.388205		0.275437		0.0337006		0.302657		
0.387522		0.164323		0.0123023		0.435852		
0.000473485		0.00190341		0.000591856		0.997031		
0.000453602		0.000490631		0.998625		0.000430768		
5.10571e-05		7.9023e-06		3.54064e-06		0.999938		
0.997012		0.00122806		0.00127434		0.000485885		
0.000349368		0.000199741		0.000165735		0.999285		
0.00132546		0.000704369		0.00169673		0.996273		
0.204707		0.254763		0.303325		0.237206		
0.326763		0.144807		0.320318		0.208112		
0.241427		0.423868		0.0130316		0.321674		
0.00020158		0.00175944		0.99723		0.00080851		
0.519654		0.185876		0.227848		0.0666223		
0.386689		0.0909857		0.41786		0.104465		
0.000780731		0.00152676		0.996516		0.00117688		
0.998977		1.70573e-05		0.000512236		0.000494145		
2.1321e-05		1.86753e-06		0.999961		1.5874e-05		
0.000398395		0.999113		0.000180358		0.000307965		
0.000969715		6.68769e-05		0.996828		0.00213528		
0.000669902		0.000867202		0.000361334		0.998102		
0.0875274		0.338804		0.345368		0.228301		
0.000935914		0.00109522		0.996469		0.00150012		
0.000517434		0.000347357		0.000283647		0.998852		
0.704762		0		0.125		0.170238		
0.000501382		0.998102		0.00118287		0.000214183		
0.000122554		5.69318e-05		0.00013692		0.999684		
0.336412		0.0156306		0.31794		0.330018		
0.120773		0.393988		0.0177134		0.467525		
0.403758		0.207933		0.132359		0.25595		
0.155122		0.0341463		0.457561		0.353171		
0.000361345		0.998723		0.000584709		0.00033129		
0.000606057		0.99727		0.00176463		0.000359779		
0.529915		0.0384615		0.312576		0.119048		
0.000658029		0.997664		0.000518954		0.00115895		
0.0644307		0.45278		0.137688		0.345102		
9.66076e-05		8.28626e-05		0.000187717		0.999633		
0.264262		0.185403		0.412332		0.138003		
0.350854		0.201051		0.182654		0.26544		
0.00111972		0.000235858		0.997836		0.000808484		
0.999777		8.3303e-05		8.4958e-05		5.43952e-05		
0.996379		0.000795159		8.18546e-05		0.00274408		
0.345352		0.286707		0.0304083		0.337533		
0.000634674		3.73337e-05		0.00091393		0.998414		
0.000407388		0.000253967		0.999113		0.000225364		
5.28383e-05		0.000529107		0.998789		0.000628993		
0.000169785		0.00112224		0.99775		0.000957975		
0.00131771		0.000362165		0.000339658		0.99798		
0.295189		0.431574		0.246614		0.0266231		
0.199272		0.393694		0.0711399		0.335893		
0.00173474		0.000281655		0.00119063		0.996793		
0.000979287		0.00178483		0.000606977		0.996629		
0.551598		0.288584		0.0493151		0.110502		
0.0285878		0.372213		0.329903		0.269297		
0.316043		0.130419		0.256391		0.297147		
0.0331492		0.607735		0.0515654		0.307551		
0.996781		0.00103408		0.00139091		0.000793764		
0.0719071		0.291648		0.286735		0.34971		
0.000424918		0.000316054		0.000223872		0.999035		
0.998551		0.000900022		1.10207e-05		0.000538176		
0.999801		6.27587e-06		6.77472e-05		0.000125196		
0.219321		0.346885		0.0906378		0.343156		
0.00151278		0.00178123		0.000522398		0.996184		
0.00066604		0.000376984		0.99893		2.72884e-05		
0.652142		0.0332349		0.0760709		0.238552		
0.172595		0.231		0.272931		0.323474		
0.0560486		0.133582		0.393741		0.416628		
0.000340832		0.00160446		0.00107814		0.996977		
0.998195		0.000748285		0.000836319		0.000220084		
0.000689767		0.000725568		0.000666696		0.997918		
0.243046		0.107285		0.100662		0.549007		
0.127939		0.378896		0.107162		0.386003		
0.0286765		0.439706		0.410294		0.121324		
0.000968967		0.000603186		0.997246		0.00118175		
0.116063		0.506964		0.082637		0.294336		
0.0379965		0.463731		0.2962		0.202073		
0.997223		0.00040918		0.00119277		0.00117539		
0.000441309		0.00163838		0.000205468		0.997715		
0.247138		0.328824		0.147242		0.276795		
0.000409938		3.58895e-05		0.000280735		0.999273		
0.000162766		0.999477		0.000175695		0.000184977		
0.350275		0.164835		0.25		0.23489		
0.248159		0.222663		0.316714		0.212465		
0.996852		0.00208779		8.93174e-06		0.00105171		
0.000582724		0.000362482		0.000175888		0.998879		
0.405493		0.27095		0.320764		0.0027933		
0.999293		9.68208e-05		0.000219939		0.000390272		
0.153314		0.299135		0.515274		0.0322767		
0.000132243		0.000963481		0.000673807		0.99823		
0.000484569		0.000423168		0.00149851		0.997594		
0.000126822		0.999684		0.000176957		1.26265e-05		
0.127459		0.27541		0.371311		0.22582		
6.3449e-05		0.99893		0.000927812		7.90513e-05		
0.390445		0.140033		0.313427		0.156096		
0.00188486		0.00080746		0.000139707		0.997168		
0.0010937		0.00084403		0.996297		0.00176539		
0.000423231		0.000467757		0.000417606		0.998691		
0.293269		0.229701		0.420406		0.0566239		
0.341035		0.268207		0.0758413		0.314917		
0.000311095		0.000472616		0.000247538		0.998969		
0.217961		0.2969		0.283797		0.201342		
0.186375		0.177129		0.192214		0.444282		
0.160343		0.5		0.0299878		0.30967		
0.996285		0.000666188		0.00230907		0.000739581		
0.619016		0.184918		0.0845902		0.111475		
0.0013122		0.996719		0.00105036		0.000918691		
0.217984		0.173365		0.307902		0.300749		
0.000417609		0.000166006		0.998953		0.00046326		
0.000845476		0.00186282		0.00010811		0.997184		
0.269565		0.324224		0.171429		0.234783		
0.252336		0.560748		0.0342679		0.152648		
0.998848		0.000342211		0.000215503		0.000594629		
0.000136259		0.00105175		0.000655745		0.998156		
0.225191		0.385496		0.316249		0.0730643		
0.000230871		1.37833e-05		0.000681127		0.999074		
0.338804		0.17099		0.465855		0.0243515		
0.197395		0.199452		0.203564		0.399589		
0.525981		0.0800636		0.290032		0.103924		
0.99852		0.000371134		0.000196243		0.000913091		
0.00066126		0.000155296		0.999016		0.00016782		
0.187857		0.307857		0.262857		0.241429		
0.534003		0.169243		0.0904173		0.206337		
0.357781		0.265162		0.207804		0.169252		
0.325288		0.142622		0.413055		0.119035		
0.183919		0.431608		0.0850277		0.299445		
0.000558684		0.00069733		0.998297		0.000447111		
0.999559		0.000179655		0.000174864		8.68876e-05		
2.09467e-05		0.999914		3.78934e-05		2.70974e-05		
0.000488916		0.000466531		0.998738		0.000306272		
0.00113406		0.998102		0.000585097		0.000179281		
0.000608766		0.99673		0.00107259		0.00158818		
0.519169		0.123536		0.276358		0.0809372		
0.99641		0.000122046		0.00165815		0.00180965		
0.998367		0.000627612		0.000775586		0.000229614		
0.000294385		0.000758578		0.000365006		0.998582		
0.999664		0.000211932		6.48111e-07		0.000123357		
0.00137153		0.000588745		0.996988		0.00105145		
0.186457		0.26371		0.167382		0.382451		
0.137102		0.0610786		0.493177		0.308642		
0.49743		0.0296973		0.339235		0.133638		
0.000155034		0.000458144		0.000625103		0.998762		
0.998273		4.92366e-06		0.00154603		0.00017561		
0.000208346		2.77055e-05		0.000236605		0.999527		
0.525834		0.00523218		0.228908		0.240026		
5.01999e-05		0.000299975		7.5606e-05		0.999574		
0.00148701		0.00038307		0.000344763		0.997785		
0.997113		0.000858963		0.000910601		0.00111716		
0.196352		0.00536481		0.10515		0.693133		
0.218304		0.337559		0.303487		0.14065		
0.067052		0.0427746		0.556647		0.333526		
0.168247		0.319635		0.305234		0.206884		
0.340747		0.154427		0.394041		0.110785		
0.997352		0.000714268		0.00184826		8.59085e-05		
0.00104756		0.996344		0.0013627		0.00124598		
0.232565		0.28753		0.288416		0.191489		
0.029912		0.564809		0.0111437		0.394135		
0.168465		0.324341		0.441247		0.0659472		
0.000357138		0.99959		2.39319e-05		2.90865e-05		
0.997234		0.00102781		0.00117053		0.000567277		
6.36106e-05		4.39846e-05		7.59986e-05		0.999816		
0.00041041		0.000327951		0.998855		0.00040617		
0.000411726		0.998563		0.000716388		0.000309385		
0.220789		0.304659		0.138351		0.336201		
0.996809		0.00160212		5.13501e-06		0.00158415		
0.36256		0.380535		0		0.256905		
0.300765		0.21837		0.0481765		0.432688		
0.465493		0.312708		0.116611		0.105188		
0.999008		0.000280697		0.000631569		7.99208e-05		
0.998055		0.000236164		0.000932484		0.000776664		
0.998473		0.000502949		0.000303002		0.000721392		
0.304595		0.331291		0.204814		0.1593		
0.000854407		0.000791506		0.997754		0.000600181		
0.102008		0.0522088		0.666667		0.179116		
0.342409		0.27104		0.251238		0.135314		
6.60718e-05		6.20848e-05		0.000477312		0.999395		
2.69804e-05		7.9684e-05		0.999871		2.22419e-05		
0.000615804		0.00013782		0.998855		0.000390907		
0.0797973		0.197593		0.562381		0.160228		
0.0371945		0.440489		0.044102		0.478215		
9.98392e-05		0.999828		6.31893e-05		8.84651e-06		
0.000398896		0.000252634		0.998793		0.0005555		
0.277096		0.178324		0.111052		0.433529		
0.997879		0.000335666		0.00111801		0.000667413		
0.0932945		0.112731		0.631681		0.162293		
0.11039		0.544156		0.176623		0.168831		
3.93611e-05		0.000333163		0.998234		0.0013931		
0.00070632		0.00191514		0.996965		0.000413701		
0.000728456		0.998012		0.000439905		0.000819921		
0.998984		0.000416376		0.000535017		6.42322e-05		
0.119789		0.201583		0.337203		0.341425		
0.00175705		0.00117397		7.28851e-05		0.996996		
0.000142147		0.000443775		0.998273		0.00114064		
0.00176382		0.997324		0.000111923		0.00080004		
0.0879604		0.00879604		0.476636		0.426608		
0.52459		0.120407		0.267383		0.0876201		
0.000193133		5.50121e-05		0.999563		0.000189355		
0.391081		0.104059		0.231561		0.273299		
0.000645763		0.000605835		0.000494496		0.998254		
0.383546		0.269988		0.114716		0.23175		
0.217789		0.268149		0.32276		0.191302		
0.000580193		9.57351e-05		0.999215		0.000109228		
0.000546992		0.00209766		0.00113269		0.996223		
0.0011207		2.10286e-05		0.997773		0.00108483		
6.28522e-06		0.999379		0.000287977		0.000326831		
6.55307e-05		0.000185737		0.000154982		0.999594		
0.999906		5.27786e-05		1.52351e-05		2.57364e-05		
0.235656		0.150273		0.306011		0.30806		
0.438642		0		0.229765		0.331593		
0.00182332		0.000285212		2.03723e-05		0.997871		
0.364583		0.604818		0.0195312		0.0110677		
0.000628318		0.998609		0.000348632		0.000413675		
0.129259		0.323418		0.151433		0.39589		
0.999715		0.000100622		0.00012587		5.8665e-05		
0.000328947		0.000309211		0.999195		0.00016653		
0.254809		0.240303		0.277515		0.227373		
0.110362		0.310868		0.318029		0.260741		
0.273769		0.273769		0.399771		0.0526919		
0.000409798		0.000421007		0.000337164		0.998832		
0.260141		0.422931		0.114116		0.202812		
0.243243		0.264264		0.370871		0.121622		
0.418875		0.165969		0.125988		0.289168		
0.997914		0.000231606		0.00074975		0.00110458		
0.0761301		0.073751		0.114988		0.735131		
0.251449		0.256637		0.208727		0.283186		
0.000320672		0.000954532		0.000748234		0.997977		
0.000505703		0.998355		0.00107777		6.1056e-05		
0.0974478		0.0243619		0.161253		0.716937		
0.22886		0.368503		0.0969744		0.305663		
0.296623		0.280519		0.258701		0.164156		
0.997297		0.000407625		0.00108515		0.00121035		
0.998313		8.12554e-05		0.000316316		0.00128993		
0.231481		0.270833		0.231096		0.26659		
0.00115298		0.000539889		0.997578		0.000729003		
0.367862		0.386012		0.0681718		0.177955		
2.64379e-06		1.00423e-06		0.99998		1.58832e-05		
0.000833617		0.996762		0.00168006		0.000724606		
0.000317328		0.00273391		0.000198766		0.99675		
0.000453656		0.000959826		0.000441987		0.998145		
0.218834		0.397309		0.222422		0.161435		
0.000362116		0.99902		0.000325373		0.00029298		
0.99825		0.000885847		0.000403151		0.000461002		
0.997816		0.000927819		0.00109001		0.000165767		
0.156796		0.402427		0.18932		0.251456		
0.000439885		0.998437		0.000767423		0.000355192		
0.997652		0.001153		0.000147675		0.00104698		
0.997328		0.00132058		0.000115619		0.00123567		
0.353705		0.240642		0.0336134		0.37204		
2.9229e-06		0.999988		2.95005e-06		5.8458e-06		
0.000301853		0.000467678		0		0.99923		
0.122936		0.32844		0.282569		0.266055		
0.308061		0.155626		0.199521		0.336792		
0.127294		0.18578		0.357416		0.329511		
0.000185119		0.000670543		0.997793		0.00135137		
0.28806		0.149134		0.245451		0.317355		
0.0357724		0.434146		0.493496		0.0365854		
0.0522472		0.226404		0.50618		0.215169		
0.245392		0.357527		0.373656		0.0234255		
0.000183483		0.00135591		0.00103092		0.99743		
0.118207		0.511549		0.245245		0.125		
0.998582		0.000433947		0.00015891		0.000825111		
0.996234		0.00118114		0.000799123		0.00178536		
0.00019599		0.999586		2.43419e-05		0.000193731		
0.000378436		2.82341e-05		0.000210517		0.999383		
0.997188		0.000394525		0.00199683		0.000421149		
0.211606		0.387871		0.0955497		0.304974		
0.178235		0.27335		0.26621		0.282205		
2.61015e-05		0.00112474		0.99809		0.000759317		
0.999824		0.000134988		3.02611e-05		1.0532e-05		
0.24939		0.20179		0.269731		0.279089		
0.127052		0.364739		0.133476		0.374732		
0.123577		0.156098		0.0780488		0.642276		
0.000154385		0.000812422		0.000427724		0.998605		
0.189503		0.0646409		0.470166		0.275691		
0.000308494		0.000171875		0.997594		0.00192588		
0.996531		0.00131674		0.00100123		0.00115078		
0.246154		0.1699		0.312375		0.271572		
0.384044		0.0809542		0.264763		0.270239		
0.110837		0.0147783		0.502463		0.371921		
0.000662126		0.996574		0.00125068		0.00151297		
0.364859		0.229942		0.181981		0.223218		
0.266522		0.177474		0.294756		0.261247		
0.346815		0.176946		0.0465116		0.429727		
0.2686		0.0359395		0.621059		0.074401		
0.000723506		0.000749199		0.998332		0.000195264		
0.141056		0.238896		0.195078		0.42497		
0.076081		0.313629		0.0689655		0.541325		
0.00103696		0.998684		0.000200884		7.85579e-05		
0.000647846		0.000667792		0.997934		0.000750768		
0.000250139		0.000274003		0.000155546		0.99932		
0.360042		0.0442804		0.453347		0.14233		
0.000187355		0.000229027		0.999277		0.000306273		
0.361217		0.124932		0.199891		0.31396		
0.261223		0.309933		0.223973		0.204871		
0.405371		0.395141		0.0664962		0.132992		
0.000120864		7.10234e-05		0.999363		0.000444831		
0.00012439		0.000301692		0.999449		0.000124699		
0.283718		0.232133		0.183235		0.300913		
0.355763		0.578193		0.0174455		0.0485981		
0.997355		0.000691398		0.000516531		0.0014366		
0.188691		0.0597205		0.235705		0.515883		
0.000873933		0.998172		0.000595503		0.000358689		
0.000635734		0.998613		0.000588891		0.000162094		
0.125828		0.12299		0.697256		0.0539262		
0.00194249		0.000969054		7.6735e-05		0.997012		
0.385156		0.359766		0.144531		0.110547		
0.0566038		0.272672		0.328667		0.342057		
0.35262		0.0742597		0.174943		0.398178		
0.000112871		0.999715		0.000109466		6.28195e-05		
0.00204417		0.000440947		0.99698		0.000534409		
0.0344998		0.327748		0.358797		0.278955		
0.523349		0.231884		0.231079		0.0136876		
5.79791e-05		0.99966		0.000148082		0.000133783		
0.0720165		0.467593		0.350309		0.110082		
0.244666		0.148649		0.506401		0.100284		
0.474478		0.200696		0.0968677		0.227958		
0.48358		0.047619		0.341544		0.127258		
0.177948		0.338868		0.297999		0.185185		
0.00120804		0.996926		0.00131042		0.000555758		
0.242804		0.181477		0.198999		0.376721		
0.499247		0.123494		0.259789		0.11747		
0.230013		0.224207		0.140241		0.405538		
0.000753083		0.000998442		0.996473		0.00177582		
0.997816		0.000736445		0.000127269		0.00131988		
0.000479147		0.000458359		0.000105463		0.998957		
0.263971		0.192628		0.261593		0.281807		
0.00157919		0.997793		0.000153133		0.000474713		
0.221498		0.0925081		0.257329		0.428664		
0.00030755		0.999383		0.00024945		6.0188e-05		
0.0961071		0.0590024		0.586375		0.258516		
0.00132018		0.996449		0.000790834		0.00143976		
0.285145		0.196336		0.266428		0.252091		
0.000726941		0.998066		0.000855327		0.000351326		
0.00151779		0.000470438		0.000875053		0.997137		
0.000388667		0.000434937		0.998781		0.000395145		
0.00142328		0.000822274		0.00125054		0.996504		
0.42953		0.113061		0.289623		0.167785		
0.000168686		0.00118468		0.000779446		0.997867		
8.96078e-06		4.45221e-06		0.999938		4.9087e-05		
0.429893		0.433788		0.0326193		0.1037		
0.227773		0.419983		0.0198984		0.332345		
2.70479e-05		8.97222e-05		0.999828		5.5105e-05		
0.444568		0.123614		0.0437916		0.388027		
0.00083567		0.000885323		0.00030635		0.997973		
0.156004		0.259323		0.290797		0.293876		
0.000908503		0.000658217		0.00132781		0.997105		
0.000677265		0.000609108		0.998234		0.000479251		
9.85941e-05		5.99393e-05		0.999648		0.000193029		
0.996309		0.00166633		0.00121316		0.000811921		
0.00343769		0.000214002		4.55324e-06		0.996344		
7.10879e-05		7.14452e-05		1.76231e-05		0.99984		
0.998031		0.000748937		0.000909278		0.000310535		
0.00514801		0.255684		0.410124		0.329043		
0.493377		0.398675		0.0913907		0.0165563		
0.288751		0.0765365		0.370313		0.264399		
0.0526742		0.0672609		0.569692		0.310373		
9.34412e-05		0.998258		0.0011631		0.000485649		
0.166334		0.077179		0.253493		0.502994		
0.997086		0.00126712		0.000798565		0.000848378		
0.21093		0.308491		0.130533		0.350045		
0.32532		0.284219		0.181078		0.209383		
0.00190853		9.3099e-05		0.00014681		0.997852		
8.42539e-05		0.000124451		0.000189732		0.999602		
0.000820389		0.00120965		0.996996		0.000973863		
0.00113364		0.000722064		0.00100367		0.997141		
0.384161		0.279354		0.312845		0.0236407		
0.000135507		0.00100414		0.998695		0.00016504		
0.000775915		0.00133113		0.997582		0.000310921		
0.000167659		0.000618085		0.997855		0.00135879		
0.00030683		0.99884		0.000410333		0.000442994		
0.146299		0.487091		0.166954		0.199656		
0.997633		0.000105558		0.000377313		0.00188432		
0.256086		0.287244		0.237585		0.219085		
0.00127219		0.997832		0.000724245		0.000171532		
0.000527441		0.0011978		0.00102085		0.997254		
0.997672		0.00131838		0.000399203		0.000610546		
0.134689		0.343438		0.344206		0.177667		
0.000596249		3.36507e-05		0.998371		0.000999006		
0.167098		0.101036		0.465674		0.266192		
0.244094		0.240389		0.245484		0.270032		
7.59574e-05		1.94739e-05		4.91e-05		0.999855		
0.306116		0.208453		0.198847		0.286583		
0.997984		0.000896931		0.000502808		0.000615885		
4.97931e-05		0.999902		3.48037e-05		1.30594e-05		
0.000281792		0.000163204		0.000570629		0.998984		
0.00138023		0.99718		0.00112539		0.000314698		
0.000904591		0.00053554		0.000677056		0.997883		
0.261347		0.363593		0.032967		0.342093		
0.316583		0.271357		0.3		0.11206		
0.00104547		0.000178622		0.000689973		0.998086		
0.100584		0.096828		0.40025		0.402337		
0.0588529		0.310224		0.387531		0.243392		
0.000616479		0.000866896		0.998437		7.91249e-05		
0.997039		0.00120672		0.00122534		0.000528872		
0.143151		0.187951		0.273429		0.395469		
0.000998654		0.000750673		0.998125		0.000125673		
0.335829		0.228877		0.382888		0.0524064		
0.00204198		0.000887503		0.996695		0.000375205		
0.343931		0.316185		0.135838		0.204046		
0.251915		0.0157729		0.382605		0.349707		
0.328886		0.382831		0.25174		0.0365429		
0.000390522		0.000289276		0.997437		0.0018827		
0.000273537		0.997859		0.00107826		0.000788831		
0.447192		0.151468		0.146316		0.255023		
0.346394		0.0341809		0.24802		0.371405		
0.996164		0.00142277		0.0011955		0.00121767		
0.000623508		0.000204057		0.000863842		0.998309		
0.22753		0.208097		0.376923		0.187449		
0.101176		0.45		0.241765		0.207059		
0.999777		9.51142e-05		0.000108017		1.95252e-05		
0.00163626		0.00157332		0.996512		0.000278703		
0.000827544		0.000970715		0.997957		0.000244709		
0.00021377		0.000889318		0.998445		0.0004516		
0.996969		0.000681066		0.00109987		0.00125031		
0.383675		0.293322		0.0117852		0.311218		
0.000682445		0.997852		0.000762221		0.000703771		
0.205664		0.402179		0.114161		0.277996		
0.99777		0.000695143		0.00126615		0.000269172		
0.277286		0.0462144		0.619469		0.0570305		
0.127258		0.382176		0.347652		0.142914		
0.263236		0.217391		0.26501		0.254363		
0.295187		0.243689		0.202625		0.258499		
0.999711		8.13967e-05		6.78306e-05		0.000139835		
0.138655		0.00887021		0.453315		0.39916		
0.000477576		0.000415066		0.999012		9.56401e-05		
0.424748		0.162791		0.346204		0.0662571		
0.433775		0.331126		0.100993		0.134106		
0.193738		0.747554		0.0450098		0.0136986		
0.135747		0.140271		0.386124		0.337858		
0.000579283		0.000566781		0.00101409		0.99784		
0.280457		0.357868		0.290609		0.071066		
0.999973		4.96505e-06		1.13692e-05		1.10095e-05		
0.000496638		0.000864517		0.000818532		0.99782		
0.999086		0.000219523		0.000357585		0.000336955		
0.143182		0.0477273		0.327273		0.481818		
0.188163		0.519263		0.292574		0		
0.997801		0.000645526		0.000901838		0.000651855		
5.80261e-05		0.000135622		0.999684		0.000122758		
0.000174331		0.00028992		0.000234968		0.999301		
0.000785365		0.996902		0.000143932		0.00216836		
0.000112291		0.000359331		0.000489316		0.999039		
0.375931		0.363897		0.222923		0.0372493		
0.390268		0.435523		0.139173		0.0350365		
0.106473		0.371122		0.212562		0.309843		
0.236165		0.370013		0.0109395		0.382883		
0.00168294		0.000703055		5.93202e-05		0.997555		
0.996613		0.00159754		0.00167993		0.000109249		
0.237169		0.186258		0.254139		0.322434		
0.00181162		0.996637		0.00142571		0.000125956		
6.76263e-05		0.99966		0.000137992		0.000134225		
0.99843		0.000485279		0.000747827		0.000337207		
0.00115041		0.000212992		0.00108973		0.997547		
0.000460825		0.99909		3.65734e-05		0.000412757		
0.9975		0.00101186		0.000682747		0.000805397		
0.429124		0.146263		0.158505		0.266108		
0.0137804		0.378962		0.361507		0.245751		
0.000959781		5.52392e-05		0.998484		0.000500605		
0.000189917		0.999266		0.000343004		0.000201454		
0.122995		0.153552		0.60657		0.116883		
0.330105		0.345684		0.251368		0.0728421		
