0.000372895		0.0013214		0.000520551		0.997785		
0.182957		0.277778		0.250627		0.288638		
0.107345		0.236723		0.39209		0.263842		
0.337182		0.178214		0.262125		0.222479		
0.000324274		0.000360067		0.999023		0.000292221		
0.258824		0.496359		0.192157		0.0526611		
0.258092		0.253407		0.417802		0.0706985		
0.996984		0.000704748		0.000805675		0.0015052		
0.106219		0.413981		0.0281434		0.451657		
0.0013916		0.996574		0.00149418		0.000539996		
0.166667		0.419085		0.30299		0.111258		
0.297401		0.191209		0.276227		0.235162		
0.000706604		0.000256144		0.998215		0.000822408		
5.28861e-06		0.99993		2.65731e-05		3.84508e-05		
2.45545e-05		4.22469e-05		4.25736e-05		0.999891		
0.335813		0.0947421		0.366567		0.202877		
0.000416128		0.0011144		0.996953		0.00151634		
0.183563		0.215269		0.389654		0.211514		
0.000267697		0.999234		0.000307336		0.000190592		
0.106952		0.350564		0.209745		0.332739		
0.102122		0.20557		0.325818		0.36649		
0.148857		0.301967		0.136098		0.413078		
0.000371009		0.998945		0.000211484		0.000472194		
3.08113e-05		0.999609		0.000359291		5.22226e-07		
0.000903263		0.000983947		0.000194821		0.997918		
0.000327269		0.000295103		0.000178409		0.999199		
0.399341		0.133388		0.100865		0.366406		
1.07555e-05		2.20967e-05		0.999914		5.30853e-05		
0.00144761		0.996352		0.00120743		0.000993395		
0.000241071		0.997109		0.00147098		0.00117857		
0.000155326		0.00023089		0.999566		4.73775e-05		
0.311655		0.0639958		0.144121		0.480229		
0.000311298		0.000317164		2.38816e-05		0.999348		
0.000100516		0.00014851		0.000165036		0.999586		
0.275986		0.293907		0.123208		0.3069		
6.44502e-05		0.000337515		0.998879		0.000719128		
0.00011054		0.000335553		0.999344		0.000210157		
3.00024e-05		6.72623e-05		0.999832		7.0704e-05		
0.00138053		0.00178999		0.000563848		0.996266		
0.36018		0.177841		0.242437		0.219542		
0.34462		0.356636		0.191152		0.107591		
1.5625e-05		0.999609		0.000149554		0.000225446		
0.00044972		0.998484		0.000683295		0.00038261		
0.997332		0.000708809		0.00105824		0.000900916		
0.346626		0.348817		0.00964067		0.294917		
0.297441		0.1014		0.481893		0.119266		
0.998641		0.000497089		0.000420371		0.000441915		
0.000443994		0.998355		0.000590775		0.000609762		
0.313757		0.144974		0.208995		0.332275		
0.28706		0.0934775		0.316359		0.303104		
0.0400875		0.177114		0.0612245		0.721574		
0.130937		0.43897		0.203285		0.226809		
0.154033		0.4906		0.29715		0.0582171		
0.810498		0.0400356		0.0854093		0.0640569		
0.000535035		0.00102153		0.997762		0.000681721		
0.00181467		4.52724e-05		0.99691		0.0012299		
0.000500952		0.000109524		0.999		0.000389524		
0.358498		0.356175		0.215641		0.0696864		
0.0254054		0.149189		0.307568		0.517838		
0.0012073		0.00051866		0.997402		0.000871697		
0.451091		0.0379951		0.228779		0.282134		
0.275912		0.130733		0.357891		0.235464		
0.000134034		0.000157957		0.000122072		0.999586		
0.249683		0.302598		0.17237		0.275349		
0.000227036		0.000289265		0.999328		0.000155574		
0.234915		0.026362		0.261863		0.47686		
0.400379		0.212967		0.144345		0.24231		
1.68104e-05		2.91164e-05		2.8292e-05		0.999926		
0.00167534		0.996961		0.000475796		0.000887929		
0.00066889		0.000867079		0.99732		0.00114372		
0.0484282		0.0713679		0.192014		0.68819		
0.999902		6.00201e-06		6.15736e-05		3.00807e-05		
0.000256211		0.997125		0.00134		0.00127879		
0.000892216		0.000386863		0.99784		0.000881076		
0.425938		0.446346		0.040158		0.0875576		
0.129976		0.365468		0.178417		0.326139		
0.34621		0.178571		0.119898		0.355321		
0.323616		0.0840727		0.377271		0.21504		
0.125726		0.328579		0.464342		0.0813524		
0.547486		0.120112		0.21648		0.115922		
0.670911		0.161606		0.0714985		0.0959843		
0.000237747		0.998961		0.000569901		0.000231414		
0.996328		0.00177856		0.000809262		0.00108405		
0.228585		0.296133		0.105727		0.369555		
0.0781826		0.403602		0.408514		0.109701		
0.000130279		0.000255583		0.999336		0.000278201		
0.361425		0.0367647		0.456448		0.145362		
0.999141		0.000103566		0.000458333		0.000297476		
0.350408		0.366274		0.0652765		0.218042		
0.000837402		0.997074		0.00107666		0.00101172		
0.341791		0.184125		0.305545		0.168539		
3.79316e-05		0.000206119		0.000267668		0.999488		
8.25009e-05		0.000214438		7.41545e-05		0.999629		
0.443262		0.109929		0.203901		0.242908		
0.00118154		0.000616681		0.00104162		0.99716		
0.342946		0.0199645		0.319432		0.317657		
0.378615		0.359112		0.231338		0.0309348		
0.210053		0.17672		0.153968		0.459259		
0.00030445		0.99893		0.000580486		0.000185377		
0.000422666		0.998695		0.000453485		0.000428536		
0.331332		0.0225141		0.315197		0.330957		
0.000377853		0.000330935		0.000216993		0.999074		
2.50301e-05		0.999477		0.000388187		0.00011022		
0.00016566		0.999594		9.87165e-05		0.000141873		
0.22306		0.148707		0.559267		0.0689655		
0.99809		0.000219657		0.00155914		0.000131364		
0.00101373		0.00107291		0.000284455		0.997629		
0.350934		0.235581		0.129976		0.283509		
0.208751		0.502372		0.0253031		0.263574		
0.000446412		0.998535		0.000475268		0.000543163		
0.000130363		0.998316		0.000432424		0.00112081		
0.000615816		0.00323473		0.996105		4.39869e-05		
0.190301		0.189199		0.271492		0.349008		
0.147474		0.383079		0.0893067		0.380141		
0.090212		0.225079		0.42535		0.259359		
0.000490437		0.000861819		0.000479775		0.998168		
0.398268		0.235065		0.0168831		0.349784		
0.00154763		0.0014947		0.000102202		0.996855		
4.2501e-05		0.0010434		0.00159379		0.99732		
0.00100337		0.996113		0.00198502		0.000898328		
0.0611332		0.439364		0.0208748		0.478628		
0.310041		0.136817		0.290076		0.263065		
0.996543		5.27791e-05		0.00182352		0.00158073		
0.996633		0.00153078		0.00143151		0.000404898		
0.297565		0.196347		0.212329		0.29376		
0.29675		0.497603		0.136388		0.0692595		
0.999453		0.000190801		0.000171852		0.000184222		
0.999422		0.000436828		3.28367e-05		0.000108461		
0.0687161		0.0542495		0.614828		0.262206		
0.000433068		0.000169167		0.998961		0.000436827		
0.996652		0.00186572		0.000918442		0.000563489		
0.570701		0.0101911		0.375796		0.0433121		
0.301115		0.149938		0.0644362		0.484511		
0.185143		0.292986		0.16365		0.35822		
0.226648		0.288462		0.227106		0.257784		
0.357478		0.0724336		0.247004		0.323085		
0.36195		0.498145		0.0885003		0.0514043		
0.000265961		0.998969		0.00040343		0.000361859		
9.6722e-05		0.000228492		5.75985e-05		0.999617		
0.366453		0.377408		0.189649		0.0664904		
0.999484		0.000113872		0.000204078		0.000197675		
0.412068		0.242826		0.166299		0.178808		
0.000828964		0.998465		0.000667636		3.85565e-05		
0.996625		0.000163087		0.00142248		0.00178943		
0.175779		0.33218		0.326644		0.165398		
0.242919		0.00326797		0.246732		0.507081		
0.999164		9.9161e-05		0.000122618		0.000614158		
0.176016		0.422028		0.0236747		0.378281		
0.099445		0.344588		0.117946		0.43802		
0.000245272		0.000717154		0.000646949		0.998391		
0.00126205		0.997004		0.00148984		0.000244202		
0.268317		0.0252653		0.329459		0.376958		
0.351249		0.100424		0.303159		0.245167		
0.196854		0.390306		0.273384		0.139456		
0.301058		0.380797		0.0325468		0.285598		
5.05875e-05		4.69974e-05		0.000152415		0.99975		
0.37323		0.03746		0.161261		0.428049		
0.000300436		0.000282714		0.000342632		0.999074		
0.327164		0.0298507		0.580896		0.0620896		
0.46604		0.0517241		0.285266		0.19697		
0.208478		0.198097		0.234429		0.358997		
4.64318e-05		0.99659		0.000877045		0.00248668		
0.000775117		0.000778367		0.996973		0.00147386		
0.000309521		0.00034451		0.99927		7.64381e-05		
0.505236		0.128796		0.256545		0.109424		
0.162888		0.246432		0.225441		0.365239		
0.111898		0.0736544		0.383853		0.430595		
0.997496		0.0010662		0.000273346		0.00116436		
0.000725077		0.000944313		0.99743		0.000900923		
0.254109		0.493679		0.235145		0.017067		
0.344583		0.308703		0.109414		0.2373		
0.00158913		0.996504		0.000966723		0.000940237		
0.340528		0.349833		0.102345		0.207294		
5.13804e-05		0.000608002		0.998699		0.000641399		
0.997277		0.00106211		0.0012246		0.000435942		
0.227723		0.539985		0.0274181		0.204874		
0.000447561		0.998652		0.00049066		0.000409436		
0.262689		0.230929		0.268923		0.237459		
0.000369111		0.997918		0.00089039		0.000822531		
0.32133		0.311981		0.149931		0.216759		
0.210854		0.491993		0.141459		0.155694		
0.00073601		0.00124172		0.00141289		0.996609		
0.23267		0.343857		0.17639		0.247083		
0.000710903		0.000605193		0.998484		0.000199529		
0.00146516		0.996809		0.00114563		0.00058061		
0.0107896		0.453163		0.23639		0.299657		
0.325546		0.0700863		0.345861		0.258507		
0.000790625		0.000348653		0.000837285		0.998023		
0.263368		0.178911		0.10045		0.457271		
8.33207e-05		0.999641		0.000120371		0.000155683		
0.2368		0.445333		0.0784		0.239467		
0.174289		0.383601		0.338278		0.103832		
0.00275392		0.996254		8.26812e-05		0.000909493		
0.00161119		0.997563		0.00018968		0.000636628		
0.143996		0.278525		0.387643		0.189836		
0.00067987		0.997621		0.000586404		0.00111263		
0.326065		0.228279		0.196252		0.249404		
0.448235		0.201077		0.314183		0.0365051		
0.798999		0.0617181		0.0975813		0.0417014		
0.000227652		0.99793		0.000287039		0.00155562		
0.549064		0.0546816		0.11985		0.276404		
0.000587067		0.997715		0.000959789		0.0007383		
0.998141		0.00109315		0.000157332		0.000608894		
0.310749		0.116938		0.275244		0.297068		
0.369432		0.120584		0.185868		0.324117		
0.00145394		0.000776338		0.99757		0.000199409		
0.997809		0.00108746		0.000185046		0.000918895		
0.368564		0.269841		0.0596206		0.301974		
0.000904339		0.997309		0.0015161		0.000270969		
0.109109		0.427427		0.04004		0.423423		
0.239269		0.121918		0.411416		0.227397		
0.263861		0.101578		0.299474		0.335087		
0.00107238		0.0010032		0.000131453		0.997793		
0.998672		0.000431394		0.000641617		0.000255114		
0.0610042		0.233693		0.359456		0.345847		
0.332317		0.47378		0.0189024		0.175		
0.997461		0.000609696		0.00115521		0.000774153		
0.000535998		0.998516		0.000891757		5.66195e-05		
0.209104		0.160384		0.300498		0.330014		
0.156863		0.335948		0.379739		0.127451		
0.000138773		7.19421e-06		0.999691		0.000162627		
0.000221815		3.0951e-05		0.99973		1.67651e-05		
0.246407		0.399726		0.290897		0.0629706		
0.259594		0.0285929		0.278405		0.433409		
0.000220141		0.000143348		0.999324		0.000312293		
8.98363e-05		0.999605		0.000134755		0.00016994		
0.418315		0.0637363		0.0490842		0.468864		
0.202989		0.24748		0.339242		0.210288		
0.000771444		0.00129818		0.997812		0.00011788		
0.263111		0.00355556		0.393333		0.34		
0.000641963		0.998066		0.000794751		0.00049688		
0.0395824		0.399739		0.278817		0.281862		
0.000131136		4.61555e-06		0.000176748		0.999687		
0.350989		0.214689		0.114407		0.319915		
0.996715		0.000258383		0.000369119		0.00265765		
0.000183725		0.998684		0.000721034		0.000411648		
0.000729462		0.000828864		0.998238		0.000203393		
0.999258		0.00016078		0.000208689		0.000372718		
0.000271167		0.000419296		0.99898		0.000329068		
0.00144517		0.00042944		0.00148476		0.996641		
0.471211		0.206486		0.139643		0.18266		
0.99732		0.000952577		0.0009053		0.000821811		
0.0192644		0.54641		0.223584		0.210741		
0.997496		9.09287e-05		0.00151885		0.000894132		
0.000707212		0.996988		0.00159082		0.000713685		
0.99759		0.0012027		0.000521329		0.000686126		
0.000847165		0.997637		0.000383549		0.00113257		
0.000165295		0.000226577		0.999551		5.73471e-05		
0.322569		0.0344702		0.300435		0.342525		
0.352155		0.451709		0.0594354		0.136701		
0.665693		0.10073		0.127007		0.106569		
0.000140067		0.000269279		0.000367998		0.999223		
8.36548e-05		0.000475854		0.999305		0.000135803		
0.997141		0.000978592		0.000630721		0.00125006		
0.353674		0.44396		0.0286426		0.173724		
0.000517734		0.000516151		0.000989553		0.997977		
0.196078		0.39951		0.155882		0.248529		
0.0016917		0.00097843		0.00060721		0.996723		
0.000688636		0.00172159		0.996844		0.000746023		
0.998906		0.000531548		0.000519899		4.23031e-05		
0.077439		0.0286585		0.477439		0.416463		
0.211732		0.302475		0.387718		0.0980752		
0.0910605		0.400333		0.506941		0.00166574		
0.000849866		0.997848		0.00100779		0.000294685		
0.00226431		0.996738		1.38915e-05		0.000983517		
0.120495		0.29801		0.318451		0.263045		
0.00182428		0.996125		0.00182937		0.000221356		
0.610113		0.200266		0.135729		0.0538922		
0.999543		0.000125554		7.99705e-06		0.000323481		
9.78916e-05		0.00124548		0.9975		0.00115663		
0.000195719		0.000198633		0.999277		0.000328304		
0.288141		0.227564		0.316346		0.167949		
0.0269517		0.447491		0.0724907		0.453067		
0.997219		0.00106637		0.000302528		0.00141235		
0.000162658		0.000223798		0.999211		0.000402606		
2.90929e-05		0.999918		1.36829e-05		3.92554e-05		
0.209666		0.210688		0.284547		0.295099		
5.34886e-05		0.000287562		0.000346449		0.999313		
0.0012222		0.00119257		0.99643		0.00115554		
0.999348		0.000233237		0.000171824		0.000247283		
0.00131568		0.00161066		0.000491626		0.996582		
0.00111254		0.00221044		0.996348		0.00032937		
0.141912		0.398677		0.251353		0.208058		
0.0730701		0.568061		0.0960519		0.262817		
0.00129126		8.01028e-06		0.998102		0.000599169		
0.997926		0.000162106		0.000930881		0.000981232		
0.000532451		0.998227		0.000815446		0.000425541		
0.00043169		0.000517794		0.998844		0.000206766		
0.138721		0.363691		0.168275		0.329312		
0.000160641		0.999699		3.14224e-05		0.000108718		
0.996434		0.00241863		0.00113633		1.14491e-05		
0.000709079		0.00139395		0.997855		4.15071e-05		
0.000673507		4.3778e-05		0.99859		0.000692871		
0.000497183		0.00132582		0.997043		0.00113403		
0.5		0.022864		0.00361011		0.473526		
0.00533808		0.0898577		0.123665		0.781139		
0.315565		0.313433		0.0906183		0.280384		
0.379133		0.339225		0.185291		0.0963512		
0.284968		0.361432		0.134651		0.218948		
0.000859521		0.000251668		0.998164		0.000724748		
2.5035e-05		2.51606e-05		0.999945		4.49185e-06		
0.436654		0.136364		0.329304		0.0976789		
0.296316		0.425789		0.164211		0.113684		
0.000455044		0.00025996		0.998984		0.000300621		
0.144319		0.305527		0.165302		0.384852		
0.314219		0.309911		0.130925		0.244945		
0.177841		0.504545		0.0585227		0.259091		
0.206578		0.0525101		0.214657		0.526255		
0.000445742		0.998879		0.000412046		0.000263305		
2.46718e-05		0.000175239		0.000198527		0.999602		
0.306131		0.231434		0.213299		0.249136		
0.323798		0.402985		0.238806		0.0344113		
0.417605		0.275333		0.0475947		0.259468		
0.000138889		0.000130208		0.000449653		0.999281		
0.147829		0.250172		0.26878		0.333218		
0.00124296		0.00117552		0.000222146		0.997359		
0.000696644		0.00188431		0.996965		0.000454199		
0.324357		0.348893		0.112507		0.214243		
0.104655		0.32216		0.268529		0.304655		
0.996559		0.000715651		0.00104543		0.00168032		
0.329477		0.0380165		0.481543		0.150964		
7.02437e-06		0.000358243		0.00028317		0.999352		
0.185359		0.121539		0.249179		0.443923		
4.70297e-05		0.00017254		0.999555		0.000225743		
0.000611558		0.000400548		0.998797		0.000191019		
0.00601892		0.00687876		0.466896		0.520206		
0.268787		0.0810905		0.323314		0.326809		
0.161255		0.0572372		0.409466		0.372042		
0.00342759		0.479006		0.382177		0.13539		
0.285364		0.205144		0.295162		0.214329		
0.000619524		0.000176548		0.998938		0.000266427		
0.00174497		0.997953		0.000233621		6.82891e-05		
0.000899097		0.00108131		0.000808655		0.997211		
0.00155225		0.996445		0.000654358		0.00134808		
0.359592		0.265987		0.167748		0.206673		
0.000195841		0.000486598		0.000934749		0.998383		
0.000810698		0.00104007		0.997445		0.000703923		
0.116306		0.354714		0.154946		0.374034		
0.997789		0.000117235		0.0012445		0.000849204		
4.8655e-05		0.000304531		0.999633		1.40014e-05		
0.244607		0.340037		0.097989		0.317367		
0.379797		0.36456		0.0711061		0.184537		
6.03251e-05		0.00074401		0.998707		0.000488634		
0.339648		0.0929515		0.263877		0.303524		
0.340191		0.25991		0.0286001		0.3713		
0.00115029		0.000775584		0.000117095		0.997957		
0.000825498		0.998074		0.00107064		2.96449e-05		
0.000474856		0.998371		0.000618802		0.000535248		
0.0974401		0.199835		0.503716		0.199009		
0.124851		0.168459		0.563919		0.142772		
0.000569581		0.000652226		0.0001571		0.998621		
0.998285		0.00105387		0.000658666		2.31111e-06		
0.000429376		0.00167863		0.000141998		0.99775		
0.000129008		0.000148531		8.57418e-05		0.999637		
0.478287		0.0773349		0.393218		0.05116		
0.00164795		0.00185922		8.45102e-06		0.996484		
0.99827		0.000594973		0.000120854		0.00101464		
0.281726		0.187817		0.419416		0.111041		
0.000137547		0.00125302		0.00116412		0.997445		
2.81329e-05		0.000569997		0.000612808		0.998789		
0.00221917		0.00117235		0.000139734		0.996469		
0.251259		0.0342397		0.308157		0.406344		
8.62089e-05		7.69819e-05		5.1653e-05		0.999785		
2.90849e-05		0.999898		2.98824e-05		4.25953e-05		
0.174762		0.439282		0.201162		0.184794		
0.0830204		0.355027		0.372132		0.189821		
0.000309183		0.00162402		0.00130508		0.996762		
0.000292057		3.94045e-05		0.997617		0.00205135		
0.331804		0.174694		0.151758		0.341743		
1.10677e-05		5.1261e-06		5.02124e-05		0.999934		
0.998168		0.000253073		0.000735013		0.000843945		
0.000410904		0.99952		3.19736e-05		3.75906e-05		
0.295087		0.116083		0.306528		0.282301		
0.660028		0.0540541		0.180654		0.105263		
0.00512821		0.673504		0.287179		0.034188		
0.420118		0.0639053		0.0822485		0.433728		
0.0197203		0.345285		0.340265		0.294729		
0.0434783		0.428231		0.23109		0.297201		
0.239819		0.253394		0.297946		0.208841		
0.239268		0.309641		0.350457		0.100633		
0.00128179		0.000148834		0.996559		0.00201078		
0.396246		0.0641293		0.0990615		0.440563		
0.999043		1.88022e-06		0.000393906		0.000561245		
0.203997		0.1403		0.385512		0.270192		
1.09509e-05		1.03687e-05		0.999973		6.02413e-06		
0.99893		0.000296203		0.00019415		0.00057996		
0.000139303		0.997824		0.000700938		0.00133554		
0.190794		0.243504		0.315516		0.250186		
0.000212983		0.000369918		0.00046788		0.998949		
0.000220742		0.000785841		0.997027		0.00196607		
0.311051		0.339258		0.106646		0.243045		
0.996938		0.00084		0.00059675		0.00162575		
0.00903862		0.437962		0.121611		0.431389		
0.421275		0.0844238		0.23301		0.261292		
0.210884		0.452072		0.301793		0.0352505		
0.996773		0.00117063		0.00130636		0.000749574		
0.00156062		0.000555525		0.997168		0.000715883		
0.319583		0.280228		0.129919		0.27027		
0.000157073		0.000229392		0.999379		0.000234628		
0.997637		0.000311195		0.00142218		0.000629908		
0.152593		0.11273		0.374625		0.360051		
0.00104501		0.00088904		0.997184		0.000882355		
0.000591379		6.20784e-05		0.996125		0.00322154		
0.997699		0.00131337		0.000416966		0.000570442		
0.998531		0.000870938		0.00058109		1.6722e-05		
0.000294639		0.00014351		0.000296226		0.999266		
0.000624482		0.000597909		0.998148		0.000629172		
0.32139		0.0796791		0.180749		0.418182		
0.000419658		0.000341491		0.998734		0.000504476		
0.0189452		0.47619		0.0742448		0.43062		
0.000156808		0.997805		0.000920022		0.00111848		
0.000296941		1.63093e-05		0.999207		0.000479718		
0.435785		0.00548847		0.341932		0.216795		
0.391287		0.215798		0.13355		0.259365		
0.000427317		0.998293		0.000955311		0.000324403		
0.217418		0.0815318		0.536751		0.164299		
0.481379		0.0234483		0.344828		0.150345		
0.000145011		0.999621		7.27461e-05		0.00016115		
0.998781		0.000314189		0.000521326		0.000383235		
0.000219321		0.000242801		0.99941		0.000127722		
0.087396		0.0820452		0.533888		0.296671		
0.000285394		0.000139275		0.999535		4.01754e-05		
0.996371		0.00106809		0.00148787		0.00107295		
0.287948		0.233671		0.299601		0.17878		
0.996875		0.00115418		0.000551684		0.00141913		
0.123301		0.317061		0.362355		0.197282		
0.996211		0.00302195		0.000689625		7.74859e-05		
0.288114		0.157528		0.288748		0.26561		
0.384097		0.0727763		0.384771		0.158356		
0.998695		0.000661087		0.000634858		8.74275e-06		
0.00053919		0.99773		0.00011982		0.00161052		
2.86751e-05		0.00023657		0.999453		0.00028163		
0.997848		0.000232516		0.0012757		0.000644132		
0.00141543		0.68436		0.236377		0.0778485		
0.272771		0.244487		0.107862		0.37488		
0.000154203		0.000312574		0.000193379		0.99934		
0.00038534		0.000264347		0.999336		1.43754e-05		
0.0562103		0.425657		0.212149		0.305984		
0.345838		0.29975		0.219007		0.135406		
0.336337		0.25703		0.109589		0.297044		
0.568493		0.167808		0.222603		0.0410959		
0.00065154		5.68321e-05		0.999172		0.000119753		
0.364073		0.0115274		0.243036		0.381364		
0.218295		0.253985		0.299723		0.227997		
0.0860866		0.23127		0.41973		0.262913		
0.102578		0.345584		0.545804		0.00603401		
0.149489		0.382544		0.306407		0.16156		
0.334081		0.207773		0.113602		0.344544		
0.0806363		0.373012		0.188151		0.358201		
0.291388		0.111679		0.358632		0.238301		
0.999215		0.000387194		5.09079e-05		0.000347055		
0.000689747		0.000947136		0.000874836		0.997488		
0.11775		0.504394		0.289982		0.0878735		
9.62481e-05		8.65389e-06		0.999715		0.000180254		
0.228029		0.301069		0.187648		0.283254		
0.259508		0.195078		0.195526		0.349888		
0.000413814		0.000594231		0.99773		0.00126149		
0.996512		0.00114836		0.00173531		0.000604609		
0.0380435		0.27795		0.315994		0.368012		
0.287571		0.171609		0.306231		0.234588		
0.996961		0.00113266		0.000425717		0.00148069		
0.0506838		0.069992		0.078037		0.801287		
0.224028		0.239118		0.323854		0.213001		
0.218368		0.14851		0.264289		0.368832		
0.341428		0.168539		0.339253		0.150779		
0.999406		0.000216869		0.00023176		0.000145121		
0.000406804		0.999105		0.000389307		9.84203e-05		
0.351046		0.131148		0.34935		0.168457		
0.236533		0.530031		0.209288		0.0241486		
0.347552		0.202797		0.266434		0.183217		
0.997734		0.000382885		0.000609976		0.00127276		
0.00033742		0.998969		0.00040023		0.0002936		
0.999586		0.00015098		2.1036e-05		0.000242047		
0.0336307		0.142073		0.528483		0.295813		
0.212963		0.380556		0.195833		0.210648		
0.00108014		0.000457884		0.000559636		0.997902		
0.335454		0.0624639		0.488722		0.11336		
0.431091		0.0627041		0.446114		0.0600914		
0.00121814		0.00169346		0.00088137		0.996207		
0.214775		0.284247		0.400196		0.100783		
0.255074		0.250298		0.337445		0.157183		
0.154045		0.020654		0.547332		0.277969		
0.113505		0.411456		0.0735681		0.401471		
0.999406		0.000315681		0.000103114		0.000174956		
0.996473		0.00159646		0.00119987		0.000731012		
0.342872		0.134075		0.501855		0.0211977		
0.00154289		0.996371		0.00107666		0.00100936		
0.000887583		4.61802e-06		0.000810924		0.998297		
0.260943		0.319647		0.205633		0.213777		
0.402653		0.187589		0.359545		0.0502132		
0.99723		0.000345444		0.00119933		0.00122475		
0.0948837		0.79907		0.0772093		0.0288372		
8.3222e-05		0.000118683		9.8876e-05		0.999699		
0.99725		0.00166494		0.000310579		0.000774482		
0.0506772		0.164264		0.363041		0.422018		
0.997695		0.0011682		0.000826998		0.00030949		
0.000515992		0.000841324		0.000416122		0.998227		
0.410044		0.163755		0.372926		0.0532751		
0.00107193		0.000810453		0.997664		0.000453556		
0.999359		0.000276966		9.09149e-05		0.000272745		
0.000671741		0.99766		0.000718881		0.000949222		
0.129219		0.188042		0.353423		0.329315		
0.00101467		0.000684699		0.997492		0.00080844		
0.026654		0.277011		0.316516		0.379819		
0.300134		0.23046		0.38544		0.0839661		
0.0620504		0.421763		0.421763		0.0944245		
0.99693		0.000248134		0.00183237		0.000989808		
0.196682		0.212796		0.354028		0.236493		
0.0371094		0.463542		0.015625		0.483724		
0.0328812		0.278668		0.327579		0.360871		
0.244526		0.389468		0.361314		0.00469239		
0.00029887		0.00131533		0.997023		0.00136236		
7.91223e-05		0.00311544		0.996281		0.000524186		
0.283698		0.297066		0.101745		0.31749		
0.996148		0.00180726		0.00145263		0.000591673		
0.28857		0.278319		0.236289		0.196822		
9.35071e-06		0.999398		0.000475847		0.000116364		
0.150838		0.136313		0.615642		0.0972067		
0.00138712		0.00053412		0.000266263		0.997812		
0.000385235		0.000989656		0.00100792		0.997617		
0.000189664		0.000310869		0.000913529		0.998586		
0.999949		2.39114e-05		1.24132e-05		1.44566e-05		
0.000523014		0.000292109		0.997535		0.00164972		
0.738191		0.122498		0.0240192		0.115292		
0.225041		0.211948		0.184534		0.378478		
0.236655		0.31554		0.38019		0.0676157		
0.273279		0.131916		0.32726		0.267544		
0.176033		0.383884		0.0677686		0.372314		
0.00018035		8.70657e-05		0.000306803		0.999426		
0.356852		0.2673		0.360923		0.0149254		
0.0491607		0.324341		0.411271		0.215228		
0.000171397		5.35447e-05		0.000107089		0.999668		
0.418925		0.163483		0.106619		0.310973		
0.0877193		0.44582		0.206398		0.260062		
0.306033		0.166446		0.270806		0.256715		
0.179636		0.355273		0.277455		0.187636		
0.000158863		0.99923		0.000353311		0.000257358		
8.64333e-05		0.000198905		0.99941		0.000304505		
0.000153576		0.000273681		0.998945		0.000627431		
0.99934		0.000200879		0.000376485		8.27919e-05		
0.174319		0.164202		0.359144		0.302335		
0.460687		0.199185		0.223063		0.117065		
0.000503086		0.000352638		0.998863		0.000280996		
0.00124903		0.00101339		0.00161649		0.996121		
0.165948		0.40431		0.190948		0.238793		
0.000378779		0.000276135		0.000348992		0.998996		
0.266279		0.275977		0.249377		0.208368		
0.00048501		0.998895		0.000482926		0.000137532		
0.168719		0.44186		0.0633835		0.326037		
0.000828998		0.00148619		0.996492		0.00119262		
0.281494		0.255232		0.0763233		0.386951		
0.306658		0.402689		0.166453		0.1242		
0.000205635		0.000356715		0.999		0.00043765		
0.00118159		0.99657		0.00152111		0.000726986		
0.280788		0.439409		0.0995074		0.180296		
0.00147156		0.00067301		0.99766		0.000195278		
0.997766		0.000985787		0.000462482		0.000786105		
0.363139		0.381995		0.228102		0.026764		
0.198888		0.478073		0.199506		0.123533		
0.351139		0.129249		0.192006		0.327606		
0.437756		0.44642		0.0756954		0.0401277		
0.997687		0.00154167		0.000273207		0.000497627		
0.0599893		0.51473		0.344938		0.0803428		
0.000987263		0.000779547		0.99768		0.000553503		
0.997016		7.71441e-05		0.0019815		0.000925729		
0.285221		0.205801		0.251381		0.257597		
0.323314		0.168988		0.204912		0.302786		
0.00037317		0.000360848		0.999113		0.0001527		
0.000269345		0.998184		0.000457441		0.00108962		
0.999809		3.4523e-05		2.4035e-05		0.000132848		
1.12309e-06		0.99975		0.000107143		0.000141734		
0.41996		0.128458		0.297925		0.153656		
0.300038		0.157126		0.288129		0.254706		
0.00091933		0.000849285		0.99777		0.000461854		
0.00138017		0.00066195		0.996879		0.00107898		
0.000309904		0.000478233		0.000637644		0.998574		
0.450262		0.354276		0.0069808		0.188482		
0.341524		0.274573		0.12037		0.263533		
0.22033		0.378067		0.396094		0.00550826		
0.000828356		0.000701852		0.00066901		0.997801		
0.000730934		0		0.998648		0.000620629		
0.251597		0.0990415		0.284744		0.364617		
0.000620799		0.998953		5.33399e-05		0.000372736		
0.99698		0.00116337		0.000399616		0.00145655		
0.000788029		0.000788029		0.997746		0.000677849		
0.000528085		0.00204972		0.000855789		0.996566		
0.402513		0.276884		0.118593		0.20201		
0.353564		0.183486		0.376147		0.0868031		
0.54225		0.393397		0.0117515		0.0526021		
0.997484		0.000592735		0.000889103		0.00103379		
4.60709e-05		0.0007877		0.000896697		0.99827		
0.152012		0.0655738		0.329359		0.453055		
0.997789		0.000851921		0.000463993		0.000895024		
0.99973		0.000129483		9.33654e-06		0.000130712		
0.998109		0.000488599		0.00071224		0.000689786		
5.60564e-05		4.47553e-05		0.999879		2.02821e-05		
0.328358		0.14262		0.0903814		0.43864		
0.172127		0.376096		0.347946		0.10383		
0.474911		0.293462		0.228586		0.00304105		
0.306608		0.124021		0.294081		0.27529		
0.205579		0.438017		0.0268595		0.329545		
0.000445407		0.998402		1.69448e-05		0.0011353		
0.304435		0.400403		0.0387097		0.256452		
0.246978		0.236994		0.150815		0.365213		
0.000987551		0.00121815		0.99775		4.42965e-05		
0.214241		0.305207		0.193225		0.287327		
0.195511		0.469825		0.0977556		0.236908		
0.278151		0.245712		0.264728		0.211409		
0.996805		0.000468579		0.00226314		0.000463594		
0.998992		0.000415341		0.000382765		0.000209706		
0.998742		0.0002125		0.000321094		0.000724219		
0.999891		3.75113e-05		6.09657e-05		1.0898e-05		
0.0893632		0.304631		0.27822		0.327786		
0.998687		4.9302e-05		0.000597621		0.000665577		
0.30563		0.503128		0.124218		0.0670241		
0.374135		0.204364		0.407664		0.0138371		
0.000509498		0.998477		0.000554999		0.000458941		
0.287174		0.207893		0.209302		0.295631		
0.237991		0.331878		0.0524017		0.377729		
0.152249		0.331747		0.364187		0.151817		
0.000751725		0.000583614		0.000758411		0.997906		
0.998645		0.000785412		0.000295887		0.00027417		
0.00142793		7.25186e-05		0.000792525		0.997707		
0.274493		0.128615		0.413897		0.182995		
0.000122378		0.999785		5.85284e-05		3.39378e-05		
0.0567775		0.452174		0.297698		0.19335		
0.256712		0.0810174		0.241639		0.420631		
0.183126		0.274209		0.354746		0.187919		
0.225029		0.128672		0.532315		0.113984		
0.23555		0.21382		0.411995		0.138635		
0.235567		0.289317		0.399469		0.075647		
0		1		0		0		
0.2252		0.22567		0.208745		0.340386		
0.305699		0.240192		0.243153		0.210955		
8.33068e-05		4.68351e-05		0.999844		2.61081e-05		
0.0400609		0.21856		0.320487		0.420892		
0.000496324		0.998359		0.000874475		0.000269827		
0.00041229		0.000488971		0.000473739		0.998625		
0.179426		0.468421		0.0870813		0.265072		
0.996723		0.000719166		0.00119176		0.00136642		
0.401077		0.366797		0.109696		0.122429		
0.0013095		0.996656		0.00113655		0.000897706		
0.378947		0.186842		0.396316		0.0378947		
0.000645466		0.000763169		0.000692927		0.997898		
0.157723		0.29678		0.29818		0.247317		
0.0653465		0.377228		0.361881		0.195545		
0.371142		0.477623		0.141204		0.0100309		
0.24319		0.13107		0.296486		0.329254		
0.363035		0.238641		0.00352889		0.394795		
0.577864		0.387387		0		0.034749		
1.10609e-05		0.999957		1.03373e-07		3.18045e-05		
0.000571477		0.998098		0.000974937		0.00035593		
0.000875134		0.998043		0.000788583		0.000293314		
0.998316		0.000626921		0.000243111		0.000813562		
0.297153		0.100237		0.541518		0.0610913		
0.322559		0.262246		0.294902		0.120293		
0.999062		0.000658929		0.000211607		6.69643e-05		
0.00117879		0.00205908		0.000516036		0.996246		
0.000207203		0.000833315		0.99807		0.00088917		
0.23087		0.363913		0.391304		0.013913		
0.000572739		0.00193052		0.000676424		0.99682		
0.204377		0.303468		0.292733		0.199422		
0.527443		0.340027		0.0649264		0.0676037		
0.213961		0.347117		0.155918		0.283005		
0.0586701		0.214472		0.447197		0.279661		
0.000193667		0.000249237		0.999152		0.000404752		
0.0495217		0.315138		0.23354		0.401801		
0.102907		0.314611		0.289866		0.292616		
0.224594		0.258326		0.24936		0.26772		
0.000760357		0.000326623		0.998047		0.000866145		
0.499731		0.18363		0.0506193		0.26602		
8.52804e-05		0.99975		6.55874e-05		9.91322e-05		
0.411663		0.15594		0.00777538		0.424622		
0.319174		0.280982		0.280592		0.119252		
0.000542284		0.00116818		0.000934067		0.997355		
0.000186119		0.000118309		0.998371		0.00132448		
0.233245		0.182099		0.323192		0.261464		
0.000841532		0.00112538		0.997668		0.000365122		
0.00162264		0.000403418		0.00155988		0.996414		
0.997078		0.000255864		0.0014598		0.00120622		
0.258784		0.00135135		0.25		0.489865		
0.16551		0.363902		0.348557		0.122031		
0.02772		0.193347		0.337491		0.441441		
0.000324057		0.998		0.000676562		0.000999382		
0.380813		0.376204		0.0992878		0.143695		
0.000219379		0.000245511		0.000261673		0.999273		
0.0801887		0.154481		0.53066		0.23467		
0.00062747		0.000563916		0.998258		0.000550802		
0.000732665		0.000765433		6.04953e-05		0.998441		
0.998211		0.00054812		0.00105093		0.000190015		
0.000495242		0.998379		0.000732959		0.000392892		
0.998691		0.000219516		0.000360965		0.000728113		
0.000988856		0.997051		0.00109295		0.000867417		
0.00055253		0.00111812		0.000798099		0.997531		
0.375		0.461623		0.0877193		0.0756579		
0.114007		0.369707		0.141151		0.375136		
0.000636634		0.000692509		0.998117		0.000553669		
0.344138		0.322528		0.121556		0.211777		
0.000645153		0.00152234		0.99641		0.00142236		
0.000744603		0.000894775		0.997727		0.00063406		
0.00190138		0.996637		0.000219743		0.00124216		
0.227761		0.281493		0.214328		0.276418		
0.42754		0.279249		0.0404429		0.252768		
0.382302		0.155581		0.126663		0.335454		
0.000672601		0.00141891		0.0014788		0.99643		
0.395833		0.0613095		0.455357		0.0875		
0.000575984		0.00133308		8.90698e-06		0.998082		
0.999246		0.000142059		0.000293369		0.000318477		
0.000569342		0.99873		0.00062934		7.08487e-05		
0.374033		0.204721		0.153439		0.267806		
0.0694184		0.622889		0.206379		0.101313		
0.565891		0.130491		0.0665375		0.23708		
0.275168		0.345078		0.185123		0.194631		
6.29443e-05		0.000911434		0.998406		0.000619372		
0.334318		0.226816		0.0389841		0.399882		
0.996152		0.00158465		0.00176591		0.000497092		
0.29566		0.582278		0.0189873		0.103074		
0.000331498		0.000504819		0.999129		3.47764e-05		
0.000290289		0.000398846		0.999094		0.000217114		
0.999734		0.000140829		0.000104795		2.00004e-05		
0.000489919		0.99741		0.000374644		0.00172528		
0.000751573		0.997152		0.000942717		0.00115337		
0.00145253		0.000300083		0.997668		0.000579416		
0.00143455		0.000918583		0.00056874		0.997078		
3.17851e-05		0.00128874		0.000999786		0.99768		
0.000639568		0.997203		0.00137091		0.0007864		
0.0860132		0.247191		0.356838		0.309957		
0.0618716		0.326373		0.37123		0.240526		
0.127148		0.289519		0.370275		0.213058		
0.000346456		5.38184e-05		0.999352		0.000248163		
0.195451		0.0427911		0.379722		0.382035		
0.182105		0.418947		0.264737		0.134211		
0.000144412		0.999699		4.27819e-05		0.000113587		
0.0422454		0.328704		0.524884		0.104167		
0.997668		0.000714764		0.000527025		0.00109024		
0.000303262		0.000903839		0.997996		0.000796805		
0.000169876		0.99809		0.000705927		0.00103435		
0.000764316		0.000538229		0.99827		0.000427923		
0.99884		0.000461725		0.000158535		0.000539896		
0.997508		0.000235251		0.000562396		0.00169454		
0.000697355		0.000282473		0.0017272		0.997293		
0.602379		0.0475892		0.125235		0.224796		
0.198161		0.379599		0.171405		0.250836		
0.0553073		0.278771		0.248045		0.417877		
0.0719697		0.300189		0.400568		0.227273		
0.53338		0.259311		0.184118		0.0231904		
0.14633		0.22307		0.270734		0.359867		
0.172496		0.040901		0.286307		0.500296		
0.000146188		0.000182948		0.999613		5.75828e-05		
0.00156957		0.000254525		0.99625		0.0019259		
0.000101937		0.997148		9.92548e-05		0.00265037		
0.378049		0.0127758		0.429152		0.180023		
0.000461198		0.998801		0.000488418		0.000249602		
0.337007		0.387876		0.0779992		0.197117		
0.0335033		0.0640932		0.641661		0.260743		
0.288793		0.20067		0.318487		0.19205		
0.324619		0.159768		0.195352		0.320261		
0.100849		0.135881		0.497877		0.265393		
0.14386		0.536842		0.204094		0.115205		
0.99968		0.000195568		7.78193e-05		4.69248e-05		
0.149475		0.119389		0.410697		0.320439		
0.206314		0.196532		0.212539		0.384615		
0.210765		0.172805		0.273088		0.343343		
0.0154044		0.137997		0.284339		0.562259		
5.88601e-05		5.23793e-05		0.99984		4.89169e-05		
0.216667		0.434848		0.00909091		0.339394		
0.367535		0.0271444		0.415852		0.189468		
0.127142		0.437258		0.188502		0.247098		
0.0460993		0.0744681		0.403546		0.475887		
0.00131192		0.00142284		0.996309		0.000956646		
0.396234		0.0880065		0.15923		0.356529		
0.257426		0.303503		0.257807		0.181264		
0.147548		0.364921		0.194929		0.292602		
0.0345061		0.573072		0.0554804		0.336942		
0.000181655		6.13945e-05		0.000331169		0.999426		
0.00064596		0.000637338		0.000314358		0.998402		
9.12656e-05		0.000465731		0.000134409		0.999309		
1.87309e-05		0.000962988		0.00104562		0.997973		
0.00135568		0.00196409		0.996367		0.000313043		
0.000559512		0.00092654		0.0012952		0.997219		
0.236961		0.130715		0.185448		0.446877		
0.999555		0.000202097		9.59449e-05		0.000147271		
0.293837		0.260483		0.129288		0.316391		
0.291571		0.435744		0.0128973		0.259788		
0.00141636		0.000929013		0.996418		0.00123665		
5.92393e-07		1.5544e-06		0.999996		1.75946e-06		
0.459033		0.197964		0.155725		0.187277		
0.000222519		0.998629		0.000226306		0.000922269		
0.294037		0.147019		0.271734		0.28721		
0.317098		0.0989346		0.30898		0.274987		
0.0682028		0.184332		0.272811		0.474654		
0.33531		0.403774		0.090027		0.170889		
0.231573		0.0324532		0.30198		0.433993		
0.399467		0.371949		0.0106525		0.217932		
0.366013		0.228291		0.227824		0.177871		
0.127784		0.419695		0.370457		0.0820633		
0.00074751		0.99782		0.00141233		1.98454e-05		
0.513966		0.0701428		0.325264		0.0906269		
0.00249867		0.996309		0.000237443		0.000955293		
0.000258123		0.000384143		0.998918		0.000439765		
0.129834		0.110037		0.418048		0.342081		
0.333913		0.471304		0.117101		0.0776812		
0.999977		1.09012e-06		1.52616e-05		7.08576e-06		
0.00233824		0.000512868		0.000617647		0.996531		
0.000791385		0.00078184		0.997563		0.000864276		
0.157992		0.393828		0.160295		0.287886		
0.997625		0.000843498		0.000394058		0.00113744		
0.997379		0.00102601		0.000618327		0.000976752		
0.000431098		0.00113859		0.00188734		0.996543		
0.0815287		0.426115		0.236306		0.256051		
0.190909		0.278322		0.1		0.430769		
0.21949		0.265534		0.312919		0.202056		
8.27815e-05		0.999625		1.90397e-05		0.000273179		
0.280052		0.161999		0.139595		0.418354		
0.280488		0.381636		0.118364		0.219512		
0.112089		0.373374		0.248661		0.265876		
0.270403		0.438545		0.0511308		0.239921		
0.316273		0.2958		0.26509		0.122838		
0.000421884		0.999223		0.000146612		0.000208848		
0.000446497		0.000327699		0.999031		0.000194553		
0.0566868		0.471657		0.26142		0.210237		
0.996863		0.000395334		0.0014236		0.00131778		
0.999543		0.000275248		0.000144555		3.72278e-05		
0.345613		0.289869		0.169656		0.194862		
0.593035		0.103483		0.108458		0.195025		
0.000542267		0.000253431		0.000137896		0.999066		
0.999078		0.000222818		3.72958e-05		0.000661761		
0.0713795		0.241592		0.293068		0.39396		
0.000975823		0.000868789		6.95031e-06		0.998148		
0.328952		0.255814		0.103809		0.311426		
0.594136		0.0925926		0.306327		0.00694444		
0.335849		0.225337		0.248518		0.190296		
0.000110168		0.00112861		0.996996		0.00176513		
0.99682		0.000625129		0.00113049		0.00142407		
0.314611		0.227704		0.274763		0.182922		
0.000447803		0.000626029		0.998109		0.000816793		
4.92601e-05		0.000168091		0.999621		0.000161555		
0.000251802		0.00124338		0.99834		0.000164974		
0.159199		0.217486		0.281603		0.341712		
0.28298		0.472323		0.0501811		0.194516		
0.385446		0.0985915		0.207512		0.308451		
0.191531		0.232573		0.172638		0.403257		
0.00110827		0.000291585		0.997895		0.00070561		
0.457861		0.346969		0.182849		0.0123213		
0.349008		0.42019		0.188093		0.0427092		
0.996156		0.00176742		0.00157104		0.000505292		
0.000430232		0.000427509		0.000216478		0.998926		
0.134763		0.515402		0.274477		0.0753575		
0.337656		0.170449		0.314034		0.17786		
0.997129		0.00118314		8.0629e-05		0.00160732		
0.483497		0.213086		0.204401		0.0990156		
0.000293551		6.21807e-05		0.000245831		0.999398		
0.0660047		0.286215		0.176986		0.470794		
0.00161588		0.997687		0.000452446		0.000244177		
0.0485537		0.397727		0.125517		0.428202		
0.000137324		0.000859444		5.79191e-05		0.998945		
0.505255		0.188359		0.199677		0.10671		
0.127206		0.158856		0.595861		0.118077		
0.00082843		0.998164		0.000868917		0.000138591		
0.0849057		0.316981		0.140252		0.457862		
0.998652		0.000462208		0.00024247		0.000642978		
0.381128		0.45651		0.0363732		0.125988		
0.00100714		0.000127956		0.998816		4.84995e-05		
0.0650253		0.152146		0.198864		0.583965		
0.00114305		7.74947e-05		0.00208805		0.996691		
0.000770066		0.00116117		0.000455481		0.997613		
0.00101143		0.997922		0.000615029		0.000451662		
0.996691		0.000572489		0.00270452		3.15856e-05		
0.307854		0.250735		0.304494		0.136917		
1.60835e-06		0.999992		2.91102e-06		3.29313e-06		
0.259557		0.316094		0.14841		0.27594		
0.321369		0.244574		0.160684		0.273372		
0.000149137		0.000215716		0.000252334		0.999383		
0.000192627		0.000175886		0.000201799		0.99943		
0.432599		0.106099		0.0271656		0.434136		
0.000508594		0.996609		0.00132492		0.00155711		
0.21518		0.284618		0.235769		0.264433		
0.495146		0.158406		0.281553		0.0648952		
0.436626		0.055507		0.144668		0.363199		
0.298257		0.0143213		0.463885		0.223537		
0.00130475		0.00180693		0.996324		0.000564094		
0.326474		0.206965		0.201029		0.265532		
0.99984		6.44924e-05		6.24323e-05		3.32315e-05		
0.00344658		0.454456		0.256032		0.286066		
0.997473		0.000633912		0.000865055		0.00102838		
0.254405		0.160324		0.351656		0.233615		
0.21		0.297778		0.36		0.132222		
0.187287		0.32728		0.246689		0.238744		
0.341577		0.163789		0.446104		0.0485301		
0.000618967		0.000168316		0.000443186		0.99877		
0.241981		0.0523585		0.418868		0.286792		
