0.000690614		0.00106048		0.00176843		0.99648		
0.264545		0.334545		0.0572727		0.343636		
0.446226		0.317301		0.0474282		0.189045		
0.140809		0.387015		0.440978		0.0311973		
0.406385		0.00974026		0.474026		0.109848		
0.449558		0.151093		0.233845		0.165504		
0.283812		0.360897		0.268395		0.0868956		
0.380952		0.420238		0.127976		0.0708333		
0.350376		0.295865		0.352632		0.00112782		
0.00160642		0.000666608		0.996707		0.00101995		
0.0486197		0.383189		0.290894		0.277297		
0.362999		0.188781		0.432039		0.0161812		
0.000983229		0.99782		0.00115415		4.23076e-05		
0.331341		0.204953		0.29035		0.173356		
0.0753384		0.08299		0.517952		0.32372		
0.998426		0.00067811		0.000303847		0.000592261		
0.147768		0.405308		0.119421		0.327503		
0.201912		0.255976		0.267378		0.274733		
0.997559		0.00153676		3.28367e-06		0.000901367		
0.000894905		0.000798296		0.99768		0.000627111		
0.202648		0.156592		0.206102		0.434657		
0.0350575		0.242529		0.385632		0.336782		
0.333974		0.376742		0.270062		0.0192215		
0.195159		0.0907716		0.326778		0.387292		
0.284325		0.299289		0.168724		0.247662		
0.0246846		0.495886		0.00274273		0.476687		
0.000675817		0.998523		0.000553899		0.000246846		
0.0758656		0.381874		0.168024		0.374236		
0.0125063		0.436218		0.342171		0.209105		
0.358311		0.204641		0.130087		0.306961		
0.281115		0.375851		0.271207		0.0718266		
0.996738		0.000962152		0.00153595		0.000763613		
0.000405818		0.998918		0.000270396		0.000405818		
0.000598332		0.000998023		0.00116536		0.997238		
0.314146		0.236375		0.170851		0.278628		
0.00113925		0.000324881		0.997574		0.000961649		
0.230606		0.278932		0.376855		0.113607		
0.00249163		0.00060395		0.000595825		0.996309		
0.999297		0.000218224		0.000328446		0.000156455		
0.997199		0.000873691		0.000439713		0.00148738		
0.000139419		7.86565e-07		4.32611e-06		0.999855		
0.395797		0.1331		0.0577933		0.41331		
0.197636		0.220617		0.403152		0.178595		
0.99673		0.00227885		5.1989e-05		0.000938691		
0.0921429		0.267143		0.2925		0.348214		
0.000185354		0.998918		0.000249647		0.00064703		
0.00065155		0.0008526		0.998332		0.000163818		
0.00143696		0.996293		0.00194393		0.000326141		
0.000580146		0.000855075		0.996582		0.00198275		
0.0191638		0.253484		0.381969		0.345383		
7.6537e-05		0.996672		0.00187886		0.00137273		
0.000432129		0.0016248		0.997234		0.000708691		
0.0960946		0.213258		0.201439		0.489209		
0.343696		0.139896		0.215889		0.300518		
0.384176		0.258901		0.13978		0.217143		
0.00038302		0.000322052		0.000283209		0.999012		
0.00144531		0.99732		0.00064467		0.000589709		
0.423975		0.0246805		0.372851		0.178493		
0.220388		0.286432		0.196339		0.296841		
0.434505		0.206298		0.00684619		0.352351		
0.000905512		0.00162785		0.996266		0.00120101		
0.000138054		8.20955e-05		0.999715		6.50062e-05		
0.24077		0.0910036		0.473739		0.194488		
0.13586		0.0941227		0.38075		0.389267		
0.510324		0.339971		0.0103245		0.139381		
0.262938		0.178721		0.28576		0.272581		
0.215724		0.242365		0.524366		0.0175439		
0.363		0.300783		0.183354		0.152864		
0.0011638		0.00156797		0.996258		0.00101043		
7.61792e-05		0.997891		0.0011926		0.000840598		
0.166771		0.428482		0.164272		0.240475		
0.00137276		0.000646464		0.996801		0.00117999		
0.000751337		0.000400928		0.998078		0.00076961		
0.00143417		0.000890829		0.997094		0.00058125		
0.000375694		0.00169758		0.996711		0.00121579		
0.240535		0.286934		0.348181		0.12435		
0.00052546		0.000583845		0.000152414		0.998738		
7.3081e-05		0.00123781		0.997828		0.000860985		
0.285982		0.409283		0.23488		0.0698547		
2.14367e-06		0.999473		0.000523592		1.60776e-06		
0.000142969		0.000561285		0.000487153		0.998809		
0.998871		0.000212178		0.000844649		7.20794e-05		
0.0432924		0.514698		0.0363442		0.405665		
0.428371		0.0962079		0.0730337		0.402388		
0.00167386		0.000223181		0.996262		0.00184124		
9.3461e-05		5.66201e-05		0.999727		0.000123356		
0.000207339		0.99734		0.000667631		0.00178519		
0.00098127		0.99802		0.000702786		0.000296413		
0.299358		0.255246		0.364882		0.0805139		
0.000519687		0.000672118		0.00046835		0.99834		
0.997617		0.00027196		0.00114476		0.000966091		
0.0011848		0.996508		0.00113147		0.00117591		
0.99959		0.000200352		0.000102408		0.000107397		
0.331429		0.155325		0.391688		0.121558		
0.313915		0.0955393		0.308921		0.281625		
0.330365		0.186175		0.169211		0.314249		
0.300578		0.244351		0.0220704		0.433001		
0.105871		0.364293		0.290183		0.239654		
0.694118		0.0843137		0.12549		0.0960784		
0.503331		0.053301		0.0884313		0.354936		
0.21147		0.287064		0.313457		0.188009		
0.120859		0.330378		0.241717		0.307046		
0.121042		0.233267		0.366733		0.278958		
0.99618		0.00177994		0.00119141		0.000848958		
0.329394		0.437821		0.186023		0.0467626		
0.997871		0.000824659		0.000470816		0.000833432		
0.00015754		0.997203		0.00171568		0.000923659		
0.000454889		0.000755288		0.998773		1.63854e-05		
0.00104532		0.000732605		0.000815827		0.997406		
0.000456722		0.998645		0.0002261		0.000672647		
0.415704		0.227252		0.311778		0.0452656		
0.00312471		0.00023029		0.996555		9.03096e-05		
0.00024819		0.00147947		0.998129		0.000143434		
0.996332		0.000518096		0.000262802		0.00288707		
0.041791		0.527164		0.250149		0.180896		
0.337739		0.312348		0.0469565		0.302957		
0.000270613		0.999367		1.69604e-05		0.000345239		
0.0434193		0.423338		0.113523		0.41972		
0.00174659		0.000759816		0.997043		0.000450627		
0.188169		0.285059		0.301887		0.224885		
0.274352		0.12219		0.537176		0.0662824		
0.128987		0.177179		0.0382707		0.655563		
0.17697		0.469561		0.21614		0.137329		
0.00105066		0.00242728		6.11187e-05		0.996461		
7.0325e-05		0.999875		1.69543e-05		3.77207e-05		
0.27782		0.122332		0.329268		0.270579		
0.0476788		0.624216		0.165621		0.162484		
0.382613		0.293469		0.200353		0.123566		
7.08425e-05		0.00110199		0.996867		0.00195998		
0.370877		0.0736122		0.397828		0.157683		
0.380912		0.0400511		0.314018		0.265019		
0.353566		0.223824		0.289074		0.133536		
0.000163088		0.0011229		0.00187417		0.99684		
0.000910417		0.00029426		0.000502355		0.998293		
0.000637499		0.000118174		0.999152		9.19838e-05		
0.203639		0.207511		0.289973		0.298877		
0.00193307		0.00117766		0.996727		0.000162703		
0.000102816		0.000892747		0.99675		0.00225444		
0.369801		0.161844		0.22604		0.242315		
0.246575		0.329909		0.422945		0.000570776		
7.95625e-05		0.000167995		0.999641		0.000111818		
0.997164		0.000465227		0.00157119		0.000799523		
0.000423795		0.999141		0.00019092		0.00024466		
5.03108e-05		0.000247757		0.000143338		0.999559		
0.000202603		0.000296492		0.999445		5.55923e-05		
0.000895277		0.00121235		0.00129862		0.996594		
0.276146		0.248727		0.133568		0.341559		
0.00030158		0.00160762		0.996172		0.00191893		
0.115951		0.278027		0.411275		0.194747		
0.000960584		0.00105504		0.997984		0		
0.234746		0.156712		0.301541		0.307001		
0.228426		0.161083		0.330288		0.280203		
0.359366		0.306518		0.237816		0.0963006		
0.998844		0.000133633		0.000356083		0.000666535		
0.14837		0.540253		0.234864		0.0765136		
0.357969		0.267264		0.258305		0.116461		
0.281001		0.290065		0.163887		0.265047		
0.0690593		0.304513		0.10658		0.519848		
0.259891		0.153747		0.273721		0.312641		
0.998051		0.000861803		0.000292688		0.000794728		
0.258065		0.299899		0.126008		0.316028		
0.00025		0.000407813		0.0001625		0.99918		
0.280133		0.274314		0.0743973		0.371155		
0.000144914		0.999645		3.5839e-05		0.000174715		
1.78329e-05		0.999863		6.124e-05		5.76458e-05		
0.118084		0.415655		0.00269906		0.463563		
0.266111		0.291977		0.0837352		0.358176		
0.00159392		0.000537646		0.00123953		0.996629		
0.305515		0.221335		0.134615		0.338534		
0.000937295		0.998176		0.000388153		0.000498771		
0.562662		0.337943		0.00432152		0.0950735		
0.00189101		0.00167847		0.000231298		0.996199		
6.73629e-05		5.89923e-05		0.000186145		0.999687		
0.000287361		0.00118039		0.000903344		0.997629		
0.00135892		0.997133		0.000374302		0.00113397		
6.3813e-05		0.000105567		0.999766		6.49947e-05		
0.99718		0.000161527		0.00174347		0.00091532		
0.123177		0.320097		0.153971		0.402755		
7.72232e-05		0.00114805		0.997398		0.00137629		
0.99752		0.00113212		0.000364418		0.000983927		
0.120487		0.290614		0.247292		0.341606		
0.99725		0.00163071		0.000955546		0.000163744		
0.0002548		0.000693421		0.998211		0.000840841		
0.000159052		0.000167485		0.999578		9.53377e-05		
0.00062723		0.996605		0.00176186		0.00100544		
5.32146e-05		0.999598		0.000156096		0.000193033		
0.255753		0.183222		0.28226		0.278765		
0.256344		0.0650618		0.563435		0.115159		
0.000938368		0.997547		0.000929539		0.000585219		
0.325243		0.352346		0.0501618		0.272249		
0.243372		0.512195		0.00742312		0.23701		
0.000468679		0.000871192		0.000187472		0.998473		
0.001419		0.996309		0.000705504		0.0015669		
0.00104668		0.99777		0.000384297		0.000799493		
0.00011472		0.000821546		0.998875		0.000188734		
0.000287315		3.74178e-05		0.000132299		0.999543		
0.250619		0.341258		0.0733036		0.334819		
0.353234		0.266169		0.188433		0.192164		
1.00482e-05		0.999969		1.93931e-05		1.80868e-06		
0.000324641		0.999492		0.000163295		1.9876e-05		
0.144684		0.339838		0.291386		0.224092		
0.000654401		0.99832		0.00078011		0.000245177		
0.213919		0.172847		0.444952		0.168283		
0.255132		0.354839		0.130205		0.259824		
0.000654745		0.000430261		0.997961		0.000954057		
0.996477		0.00187879		0.000850879		0.000793773		
0.243209		0.344338		0.260343		0.15211		
0.376185		0.252898		0.231823		0.139094		
0.370449		0.112193		0.111346		0.406012		
0.00114483		0.996609		0.00211885		0.000126946		
0.99991		5.90402e-06		7.72656e-05		6.67411e-06		
0.261284		0.218219		0.181781		0.338716		
0.353652		0.253594		0.27257		0.120184		
0.0435644		0.515512		0.419142		0.0217822		
0.119036		0.139821		0.290978		0.450165		
0.000264284		0.999418		0.00012394		0.000193808		
9.85198e-05		0.000621907		0.00056473		0.998715		
0.296315		0.218576		0.460878		0.0242302		
0.131354		0.324304		0.226345		0.317996		
0.00192174		0.997098		0.000789217		0.000191385		
0.000232611		0.000865178		0.998563		0.000339712		
0.00107761		0.00113093		0.000611769		0.99718		
0.998195		0.000335397		6.87634e-05		0.00140053		
5.23144e-05		0.000240993		8.95047e-05		0.999617		
0.998965		0.000470432		0.000123147		0.000441577		
0.465154		0.121556		0.41329		0		
0.142035		0.409735		0.361504		0.0867257		
0.120416		0.419267		0.441708		0.0186097		
0.998441		0.000289642		0.0007974		0.000471552		
0.0585516		0.440678		0.40678		0.0939908		
0.49476		0.247104		0.199669		0.0584666		
0.208394		0.119754		0.336107		0.335745		
0.000196607		0.000360851		0.000419105		0.999023		
0.284131		0.163728		0.101763		0.450378		
0.000606226		0.000106399		0.000404563		0.998883		
4.98384e-05		1.22021e-05		5.51471e-05		0.999883		
0.00107291		0.0014402		0.996609		0.00087751		
0.999699		0.000113001		6.74206e-05		0.00012036		
0.00119658		0.000683964		0.00125227		0.996867		
0.245258		0.227172		0.135862		0.391707		
0.346792		0.354001		0.0248738		0.274333		
0.000930364		0.997754		0.000553729		0.000762001		
0.307692		0.0504158		0.294179		0.347713		
0.0274151		0.199086		0.56658		0.206919		
0.263977		0.0753525		0.45649		0.204181		
0.000469477		0.000629682		0.000834435		0.998066		
0.0896104		0.0571429		0.81039		0.0428571		
0.423415		0.127805		0.404878		0.0439024		
0.391304		0.154348		0.422826		0.0315217		
0.341325		0.299477		0.162162		0.197036		
0.998957		9.11124e-05		0.000737474		0.000214382		
0.000984243		0.996191		0.00140185		0.0014225		
0.145807		0.396123		0.0514117		0.406658		
0.000591939		0.999008		0.00032894		7.13087e-05		
0.00130594		0.00161631		0.996805		0.00027306		
0.998414		0.00055535		0.000496963		0.000533625		
0.242295		0.29024		0.181935		0.285531		
0.480502		0.417052		0.054197		0.0482485		
0.000409333		0.00111399		0.997824		0.00065246		
0.999062		0.000432354		0.000257279		0.000247866		
0.154797		0.387207		0.406397		0.0515991		
0.00164618		0.000859786		0.0002831		0.997211		
0.00116642		0.996324		0.00231207		0.000197288		
6.65847e-05		0.999637		0.000168992		0.000127705		
9.64526e-05		0.000265245		0.998785		0.000853146		
0.00132412		0.00151419		0.99618		0.000982004		
0.308604		0.332314		0.312811		0.0462715		
0.170602		0.354151		0.248286		0.226961		
0.143034		0.29227		0.383216		0.18148		
0.000443315		0.000628145		0.00130354		0.997625		
0.445553		0.140482		0.389027		0.0249377		
1.80946e-05		2.47339e-05		4.3109e-05		0.999914		
7.11174e-05		0.997066		0.000483598		0.00237888		
0.315525		0.374371		0.247774		0.0623306		
0.00117954		0.99641		0.00145213		0.000958173		
0.00014112		0.00110227		0.998707		4.95829e-05		
0.000447619		0.000394599		0.000130438		0.999027		
0.000164948		0.999551		0.000145996		0.000138275		
0.382571		0.297168		0.234423		0.0858388		
0.0423798		0.182559		0.770986		0.00407498		
0.000235959		0.999305		0.000177668		0.000281685		
0.00114671		0.000525574		0.997152		0.00117537		
0.999332		0.000106605		0.000193643		0.00036772		
0.304348		0.266619		0.168523		0.26051		
0.00485774		0.640527		0.313671		0.0409438		
0.260146		0.144294		0.273673		0.321887		
0.230465		0.390702		0.253215		0.125618		
0.0308975		0.477685		0.0985777		0.39284		
0.00126194		0.998543		2.96345e-05		0.000165459		
0.00108217		0.996645		0.00139861		0.000874691		
0.191855		0.0343891		0.130317		0.643439		
0.372349		0.347471		0.0281403		0.252039		
0.000490708		4.35476e-05		0.000289964		0.999176		
0.000580111		2.08008e-05		0.000508464		0.998891		
2.88787e-05		1.81078e-05		3.50447e-05		0.999918		
8.91704e-05		0.000361115		0.000209871		0.99934		
0.23393		0.298736		0.310854		0.156481		
0.00104165		5.40481e-05		0.0010957		0.997809		
0.000815283		0.000416284		0.997695		0.00107312		
0.206491		0.348479		0.384584		0.0604462		
0.000822142		6.54803e-05		0.997918		0.00119441		
0.295021		0.153875		0.33246		0.218645		
0.00201216		0.996754		0.000815685		0.000418247		
0.321534		0.328171		0.331121		0.019174		
0.269203		0.48793		0.0270666		0.215801		
0.9965		0.000159591		0.0026305		0.000709906		
0.118271		0.138741		0.464746		0.278241		
0.0126649		0.320844		0.479156		0.187335		
0.105224		0.240299		0.136567		0.51791		
0.462161		0.233698		0.13803		0.166111		
0.268791		0.00653595		0.334967		0.389706		
0.000114298		6.75171e-05		0.999734		8.38101e-05		
0.0352113		0.137004		0.331626		0.496159		
0.00177248		0.000555288		0.00116833		0.996504		
0.304749		0.233839		0.325198		0.136214		
6.93064e-05		0.0014626		0.00170637		0.996762		
0.228089		0.352693		0.154699		0.26452		
0.999145		0.000446565		0.000224179		0.000184724		
0.303875		0.108696		0.166824		0.420605		
0.0957514		0.311985		0.311351		0.280913		
0.00021074		0.999219		0.000270119		0.000300391		
0.219163		0.311405		0.340007		0.129424		
0.382099		0.404938		0.0962963		0.116667		
0.409426		0.322533		0.259205		0.00883652		
0.32133		0.223453		0.235457		0.21976		
0.00105881		0.000304464		0.000222667		0.998414		
0.00125219		0.997539		0.000360977		0.000847773		
0.000264693		0.998188		0.000760185		0.000787622		
0.000339337		0.997547		0.00130079		0.000812995		
0.997859		0.000114717		0.000907414		0.00111849		
0.225434		0.471419		0.0449583		0.258189		
0.237976		0.273526		0.38394		0.104559		
0.309509		0.101757		0.390672		0.198062		
0.259794		0.256262		0.281631		0.202312		
0.000609731		4.06488e-05		0.997836		0.00151368		
0.316014		0.376065		0.278535		0.0293867		
0.000600721		0.000708926		8.48845e-05		0.998605		
0.493557		0.00579897		0.108247		0.392397		
0.000264093		0.000963473		0.998687		8.49343e-05		
0.468531		0.035742		0.0994561		0.39627		
0.000318491		0.000464087		0.00094789		0.99827		
0.133475		0.296375		0.284435		0.285714		
0.00117675		0.000726557		0.99741		0.00068654		
0.000369975		0.000929191		0.997074		0.00162662		
0.0888768		0.452017		0.39422		0.0648855		
0.0951711		0.29489		0.307079		0.30286		
0.996621		0.000437419		0.000985778		0.00195571		
0.165083		0.32016		0.341671		0.173087		
0.00123084		0.00117507		3.54929e-05		0.997559		
4.78901e-05		0.999602		0.000160344		0.000190203		
0.997852		0.000945082		0.000151502		0.00105185		
0.00160707		0.997066		0.000170771		0.00115575		
0.997371		0.000955133		0.00121912		0.00045465		
0.101149		0.258621		0.167816		0.472414		
0.000197171		0.99932		0.000322437		0.00016008		
0.996203		0.000756224		0.000954283		0.00208637		
0.000184965		0.999402		0.00025352		0.000159171		
0.264527		0.364693		0.346984		0.0237963		
0.000455565		0.000433871		0.000251189		0.998859		
0.0728745		0.366397		0.363866		0.196862		
0.40745		0.505444		0.0670487		0.0200573		
0.996855		0.00123704		0.000388738		0.00151876		
0.32407		0.290969		0.0800981		0.304863		
0.388561		0.169315		0.266001		0.176123		
0.999105		4.96962e-05		0.000485078		0.000359757		
0.000330792		0.999324		0.000303818		4.11715e-05		
0.00105805		0.00122652		0.00151622		0.996199		
0.000161363		0.998523		0.000453726		0.000861473		
0.998945		0.000459237		0.00050049		9.49608e-05		
0.168026		0.382273		0.0647091		0.384992		
0.0019919		0.000614023		0.996859		0.000534699		
0.997355		0.00214152		0.000450716		5.2293e-05		
0.101623		0.338038		0.260409		0.299929		
0.346258		0.298953		0.291586		0.0632028		
0.21335		0.0985652		0.268247		0.419838		
0.99948		5.18647e-05		0.00018801		0.000279657		
0.000752487		0.000249593		0.998766		0.000232295		
0.191136		0.17036		0.451524		0.186981		
0.394161		0.0618005		0.141606		0.402433		
0.000114145		9.27828e-05		3.526e-05		0.999758		
0.094375		0.186875		0.320625		0.398125		
5.53416e-05		3.47649e-05		7.00498e-05		0.99984		
0.203607		0.23588		0.377314		0.183199		
0.000349574		0.999359		1.5676e-05		0.000275375		
0.000887107		0.00125389		0.997371		0.000487909		
0.145547		0.291095		0.256942		0.306416		
0.194614		0.365361		0.219706		0.220318		
0.999594		0.000114589		0.000157201		0.00013446		
0.00294536		0.000111849		0.000298264		0.996645		
7.76374e-05		7.0377e-05		6.29231e-05		0.999789		
0.45072		0.159468		0.0454042		0.344408		
0.00142747		0.00104394		0.996535		0.00099343		
0.153584		0.0608646		0.329352		0.4562		
0.000542019		0.000785693		0.00118401		0.997488		
0.201145		0.0667939		0.375954		0.356107		
0.999453		0.000238501		0.000253097		5.52775e-05		
0.999027		0.000168243		0.000321371		0.000483042		
7.31714e-05		9.88923e-05		0.999816		1.153e-05		
0.99816		0.000313355		0.0010475		0.000478986		
0.196123		0.250285		0.257697		0.295895		
0.00151606		0.000271493		0.997121		0.00109135		
0.129526		0.214949		0.455432		0.200093		
0.204348		0.225217		0.192609		0.377826		
0.339855		0.194928		0.332971		0.132246		
0.182478		0.242746		0.332031		0.242746		
0.000114721		0.00056731		0.998863		0.000454688		
0.201798		0.254831		0.159101		0.38427		
0.000872133		0.000574972		0.997527		0.00102555		
0.129396		0.0834085		0.437331		0.349865		
0.00196743		0.000517007		0.000874935		0.996641		
0.000267216		0.999344		0.000361527		2.75075e-05		
0.000329234		0.000313142		0.998941		0.000416218		
0.416068		0.272442		0.043088		0.268402		
0.381236		0.253165		0.253165		0.112435		
0.268856		0.375912		0.143147		0.212084		
0.000126908		0.999242		0.000298907		0.000331998		
0.00115578		0.997992		2.31671e-05		0.000828866		
0.996973		0.000501487		0.000487159		0.0020387		
0.000127938		0.000279777		0.998695		0.000896973		
0.000314046		0.000442615		0.000610527		0.998633		
0.00134098		0.000572027		0.000446368		0.997641		
0.0992908		0.444444		0.20922		0.247045		
0.20336		0.409038		0.144844		0.242758		
0.25983		0.22051		0.0823592		0.437301		
0.246261		0.372881		0.34995		0.0309073		
0.40514		0.223364		0.330374		0.0411215		
0.000846869		0.000526831		0.00121614		0.99741		
0.27212		0.470785		0.112966		0.144129		
0.327312		0.348627		0.206286		0.117775		
6.76266e-05		0.999766		3.77302e-05		0.000129018		
0.000153823		0.000113191		0.997617		0.0021158		
0.247923		0.271519		0.227318		0.25324		
0.268097		0.11126		0.55496		0.0656836		
0.997609		0.00026889		0.0013709		0.000750836		
0.00093808		0.998027		0.000690124		0.000344451		
0.267483		0.155594		0.374126		0.202797		
0.000654016		0.000145017		0.000243936		0.998957		
0.245407		0.0209974		0.225722		0.507874		
0.300821		0.404517		0.192505		0.102156		
0.99782		0.00100936		6.48317e-05		0.00110549		
0.00150493		0.00148085		0.000240788		0.996773		
0.997723		0.000996188		0.000486121		0.000795035		
0.000936039		0.000880803		0.997242		0.00094097		
0.416887		0.26715		0.0389182		0.277045		
0.998992		0.000815229		0.000112242		8.03414e-05		
0.999672		7.8909e-05		9.73589e-05		0.000151857		
0.177895		0.154998		0.256715		0.410392		
0.99693		0.00108297		0.000934773		0.00105257		
0.282809		0.194935		0.38066		0.141596		
0.0335917		0.50969		0.0290698		0.427649		
0.0619658		0.539174		0.26567		0.133191		
0.00130316		0.997914		0.000101145		0.000681631		
0.337113		0.0209333		0.252072		0.389882		
0.999242		2.77587e-05		9.34543e-05		0.0006366		
0.264783		0.295652		0.0591304		0.380435		
0.998918		0.00039602		0.000308546		0.000377465		
0.000933014		0.00113726		0.00166411		0.996266		
0.00130454		0.000953692		0.996441		0.00130036		
0.500538		0.0645161		0.0333333		0.401613		
0.000991266		0.00051455		0.000505902		0.997988		
0.137056		0.215541		0.266302		0.381101		
0.258389		0.288591		0.213087		0.239933		
0.211632		0.33441		0.00646204		0.447496		
0.997883		0.000641518		0.00084122		0.000634449		
0.00117452		0.997672		0.000292884		0.000860719		
0.00811249		0.413737		0.351001		0.22715		
0.001604		0.00041309		0.99784		0.00014307		
0.000130226		5.4876e-05		6.88047e-05		0.999746		
0.999086		0.000397852		4.57031e-05		0.000470508		
0.349579		0.354896		0.0460789		0.249446		
0.000354761		0.000278148		0.000156153		0.999211		
0.000466375		0.998664		0.000399678		0.000469885		
0.124929		0.439523		0.313458		0.12209		
3.72707e-05		0.999098		0.000456076		0.000408997		
0.268148		0.282469		0.284938		0.164444		
0.326775		0.119002		0.441459		0.112764		
0.496166		0.120399		0.095092		0.288344		
0.000308676		0.00057578		0.998965		0.0001507		
0.389239		0.0280481		0.0480824		0.534631		
0.000163218		0.998383		0.00138402		6.99504e-05		
0.273342		0.418809		0.220568		0.0872801		
0.000851938		0.996383		0.00259131		0.000173937		
0.0876223		0.180774		0.38154		0.350064		
0.284672		0.196559		0.302398		0.216371		
0.996168		0.00107786		0.00192072		0.000833459		
0.275902		0.174234		0.27629		0.273574		
0.393207		0.220495		0.192861		0.193437		
0.997125		0.000750333		0.00150258		0.000622087		
0.000600537		0.00142217		0.000172601		0.997805		
0.000570867		0.997746		0.000927659		0.00075538		
0.25636		0.175636		0.280822		0.287182		
0.997508		9.58534e-05		0.00220463		0.000191707		
0.00729395		0.246535		0.0619985		0.684172		
0.000257205		0.000296921		0.000316968		0.999129		
0.380466		0.151603		0.121963		0.345967		
0.377674		0.453488		0.136744		0.032093		
0.297494		0.453303		0.03918		0.210023		
0.00070755		0.0017436		0.000404314		0.997145		
0.000539663		0.000471318		0.998246		0.000742925		
0.220008		0.243064		0.277452		0.259476		
0.0130486		0.158363		0.487544		0.341044		
0.323721		0.352965		0.203087		0.120227		
0.00123621		0.00104883		0.996687		0.00102745		
0.191994		0.360668		0.383599		0.0637388		
0.24804		0.318613		0.107305		0.326042		
0.262771		0.244253		0.225096		0.26788		
0.000113761		0.000106896		8.79361e-05		0.999691		
0.485033		0.0216186		0.0781596		0.415188		
0.811863		0.0787766		0.0676552		0.0417053		
0.000311856		0.000970072		0.997785		0.000932915		
0.322885		0.119335		0.369713		0.188066		
0.330667		0.247111		0.147111		0.275111		
0.380723		0.151807		0.309398		0.158072		
0.275261		0.227748		0.300919		0.196072		
0.999305		0.000220634		0.000129039		0.00034564		
0.000228705		0.0017534		0.000166331		0.997852		
0.997777		0.00182505		0.000150647		0.000246962		
0.326459		0.315489		0.123738		0.234313		
0.331731		0.257212		0.235577		0.175481		
0.000801802		0.998055		3.90139e-05		0.0011045		
0.00107474		0.997637		0.000179124		0.00110941		
0.000264976		0.998406		0.000428637		0.000900138		
0.284347		0.303483		0.225794		0.186376		
0.329807		0.140914		0.340008		0.189271		
0.171123		0.381589		0.0859435		0.361345		
0.000192013		0.000102319		0.000385356		0.99932		
0.000393513		0.000789125		0.000520487		0.998297		
0.00220739		0.000734826		0.996262		0.000796061		
0.996707		0.00191341		0.000169638		0.00120992		
0.208196		0.283937		0.170874		0.336992		
0.000811024		0.997008		0.0011382		0.00104296		
0.00023064		0.997367		0.00148743		0.000914741		
0.247561		0.21626		0.21626		0.319919		
0.288341		0.151526		0.200074		0.360059		
6.58254e-06		0.000499541		0.00070872		0.998785		
6.14466e-05		0.000402037		0.999414		0.000122454		
3.47112e-05		1.78006e-06		0.999961		2.5712e-06		
0.996887		0.000788804		0.000812768		0.00151171		
0.235446		0.171626		0.179388		0.41354		
0.000416313		0.000546153		0.000580502		0.998457		
0.239348		0.307957		0.247807		0.204887		
0.0314136		0.488482		0.259162		0.220942		
0.000247588		0.000308649		0.99923		0.000213294		
7.9822e-05		0.000215548		0.999543		0.000161661		
0.999359		0.000329658		0.000190318		0.000120648		
0.998613		0.000246049		0.000534051		0.000606619		
0.203583		0.0162866		0.112378		0.667752		
0.576291		0.00704225		0.0633803		0.353286		
0.996969		0.000535286		0.000749401		0.00174656		
0.996121		0.00171207		0.00211334		5.35022e-05		
0.0567721		0.576642		0.0218978		0.344688		
0.999043		0.000430072		0.000326187		0.000200772		
1.94365e-06		8.89988e-05		1.45262e-05		0.999895		
0.999332		7.10156e-05		0.000255586		0.000341367		
0.394417		0.257282		0.26699		0.0813107		
0.00228316		0.000128629		0.996289		0.00129915		
0.151567		0.27861		0.333787		0.236035		
0.279048		0.199048		0.062381		0.459524		
0.000838462		0.00111915		7.22812e-06		0.998035		
0.000168236		0.999488		0.00019174		0.000151743		
0.00127079		0.00100854		0.99718		0.000540984		
0.00117517		0.000614495		0.000917362		0.997293		
0.0784314		0.299233		0.365303		0.257033		
4.59097e-05		0.99932		1.00777e-05		0.0006237		
0.000440582		0.998566		0.000439609		0.000553402		
0.344168		0.102613		0.291268		0.26195		
0.999492		0.000161382		0.000234945		0.000111485		
0.152469		0.0600194		0.375605		0.411907		
0.00231506		0.000514099		0.996152		0.0010185		
0.0837488		0.434696		0.0393819		0.442173		
0.000301963		0.000413457		0.0013627		0.997922		
0.0771543		0.644289		0.0711423		0.207415		
0.416246		0.161195		0.214646		0.207912		
0.00133524		0.000242771		0.997523		0.00089855		
0.000645693		0.0017001		0.996559		0.00109562		
3.02333e-05		0.999727		0.000127622		0.000115582		
0.997758		0.00084145		0.000656029		0.000744709		
0.000332358		0.000220582		0.99918		0.000267372		
0.217347		0.238272		0.241309		0.303071		
0.14791		0.440514		0.0477722		0.363803		
0.0708365		0.324039		0.216277		0.388847		
0.303647		0.165147		0.18338		0.347826		
0.281052		0.374887		0.0217588		0.322303		
0.294971		0.445841		0.160542		0.098646		
0.000169251		0.999715		6.78943e-05		4.8011e-05		
0.000884676		0.000793068		0.998195		0.000126943		
0.000423104		0.998484		0.000460183		0.000632338		
0.000401257		0.000391448		5.88573e-05		0.999148		
0.321454		0.075196		0.309694		0.293656		
0.171291		0.187374		0.389224		0.252111		
0.0722408		0.0521739		0.258863		0.616722		
0.195478		0.414508		0.136599		0.253415		
4.43909e-05		0.999895		1.53962e-05		4.56816e-05		
0.174102		0.125155		0.230483		0.47026		
0.158565		0.561343		0.0196759		0.260417		
0.23		0.458		0.0925		0.2195		
0.000538564		0.00037104		0.998855		0.000234927		
0.230412		0.334536		0.0664948		0.368557		
0.625475		0.0285171		0.345057		0.00095057		
0.00176955		0.00142926		0.000695722		0.996105		
3.16236e-06		0.000248772		0.999691		5.6659e-05		
0.000180444		0.000195313		0.999492		0.000132056		
0.000704226		0.000720265		0.00129035		0.997285		
0.00027685		0.000106823		0.99918		0.000436639		
0.57265		0.235043		0.126781		0.0655271		
0.204801		0.245311		0.194299		0.355589		
0.00185316		0.000842603		0.000483927		0.99682		
0.192727		0.315455		0.277727		0.214091		
8.1543e-05		0.999633		2.83203e-05		0.000257324		
0.556921		0.0982801		0.0966421		0.248157		
0.000504043		0.998246		0.00121298		3.68812e-05		
0.315308		0.136439		0.163894		0.384359		
0.0257584		0.327991		0.20893		0.437321		
0.0481541		0.301766		0.375602		0.274478		
0.000359628		0.998309		0.000653312		0.000678466		
0.244495		0.0654997		0.488425		0.201581		
0.302557		0.0338101		0.348938		0.314694		
0.00132413		0.00131164		0.996426		0.000938447		
0.305633		0.386336		0.00359569		0.304435		
0.377561		0.298156		0.0373975		0.286885		
0.312688		0.14764		0.227653		0.312019		
0.999559		0.000144089		0.000136776		0.000160542		
0.00201232		0.00142842		7.87955e-05		0.99648		
5.65066e-06		0.0002863		0.00187602		0.997832		
0.00141313		0.000505985		0.997992		8.86985e-05		
3.44794e-05		0.000347092		0.000255147		0.999363		
0.000767028		0.997629		0.000850423		0.000753643		
0.28012		0.371235		0.0700301		0.278614		
0.232661		0.199194		0.242339		0.325806		
0.997059		0.000359064		0.00129221		0.00129013		
0.000263424		0.000288868		0.999129		0.000318802		
0.339384		0.0760274		0.259247		0.325342		
0.243808		0.0621661		0.419621		0.274405		
0.0717839		0.267235		0.342928		0.318053		
0.448124		0.273731		0.270419		0.00772627		
0.000968692		0.00163816		0.996102		0.00129159		
0.00040202		0.997535		0.000898504		0.00116432		
0.000849577		0.00136182		0.000253445		0.997535		
0.00270271		0.000590097		0.000531413		0.996176		
0.229984		0.454057		0.167114		0.148845		
0.135417		0.36625		0.285417		0.212917		
0.997445		0.000773875		0.000821517		0.000959295		
0.0010759		5.03821e-05		0.000432311		0.998441		
0.99943		5.15971e-05		6.86131e-05		0.000450102		
0.00117939		0.000130874		0.00126005		0.99743		
0.00037406		0.000540612		0.000503297		0.998582		
0.000968885		0		0.000589709		0.998441		
0.0542049		0.378238		0.249502		0.318055		
0.999043		0.000375892		3.93193e-06		0.000577207		
0.134806		0.275704		0.46687		0.12262		
0.527149		0.257164		0.168175		0.0475113		
0.488603		0.32557		0.0564916		0.129336		
0.00135087		0.000738345		0.000539687		0.997371		
0.000294369		0.999328		0.000213778		0.000163727		
0.996164		0.000838054		0.00186522		0.00113267		
0.476603		0.0710572		0.236568		0.215771		
0.998062		0.000890961		0.000436887		0.000609652		
0.105148		0.0898138		0.135816		0.669222		
0.335574		0.371579		0.18579		0.107057		
0.000141257		0.00016588		1.31754e-05		0.99968		
0.000251551		0.00025285		0.999262		0.00023388		
0.000390518		0.000206229		0.999039		0.000364191		
0.439867		0.0909091		0.457386		0.0118371		
0.0556235		0.389364		0.0721271		0.482885		
0.718357		0.0117351		0.0259849		0.243923		
0.0551524		0.0870827		0.224964		0.632801		
0.267337		0.21387		0.117522		0.401271		
0.35163		0.111492		0.144511		0.392367		
0.999199		0.000361246		0.000191248		0.000248287		
0.000112712		0.000671297		0.00161443		0.997602		
0.402821		0.187043		0.297283		0.112853		
0.000892296		0.00094163		0.000623106		0.997543		
0.388841		0.290987		0.0858369		0.234335		
0.257059		0.110588		0.0476471		0.584706		
0.214551		0.0881572		0.509294		0.187998		
0.000328665		0.000303571		0.999336		3.1826e-05		
0.000339121		0.999195		0.000232783		0.000232783		
0.996926		0.000746836		0.00102007		0.00130731		
0.000367781		0.00129669		0.0015699		0.996766		
0.324324		0.256492		0.350291		0.0688924		
0.255378		0.181818		0.219986		0.342817		
0.0012564		0.000575593		0.99682		0.00134769		
0.210154		0.303985		0.412596		0.0732648		
0.00120102		0.00081287		0.997941		4.47079e-05		
0.00119703		0.000245271		0.000803795		0.997754		
0.00121294		0.996695		0.00129533		0.000796421		
0.466063		0.167421		0.0147059		0.35181		
0.000496526		0.00100007		0.998492		1.12209e-05		
0.000329465		0.000272985		0.999301		9.67686e-05		
0.356393		0.194656		0.0968511		0.352099		
0.000337468		0.000503619		0.998488		0.000670631		
0.000143971		0.00108096		0.000739914		0.998035		
0.105434		0.4366		0.104505		0.35346		
0.000383175		0.998867		0.00027992		0.000469717		
0.188533		0.0437318		0.482993		0.284742		
0.352467		0.193353		0.233132		0.221047		
0.00153307		0.99666		0.000232555		0.00157422		
0.279759		0.0685503		0.446503		0.205188		
0.304993		0.225709		0.283738		0.18556		
0.402679		0.22771		0.326915		0.0426957		
0.000531837		0.000568033		0.000177474		0.998723		
0.133959		0.287805		0.282927		0.29531		
0.999488		0.00020238		0.000161549		0.00014779		
0.000855145		0.000591409		0.998		0.000553447		
0.244771		0.0593556		0.472583		0.22329		
0.383004		0.196443		0.164032		0.256522		
0.000365441		0.000359275		0.998727		0.000548722		
0.265594		0.0791415		0.0657277		0.589537		
0.001812		0.00129024		0.000436821		0.996461		
0.997941		0.000870995		0.000539696		0.000647903		
0.237085		0.352423		0.0444533		0.366039		
0.00107746		0.000513672		0.000463558		0.997945		
0.391304		0.238668		0.0952821		0.274746		
0.00138895		0.00104543		0.997437		0.000128125		
0.00044066		0.999086		7.70814e-05		0.000396321		
0.481707		0.0365854		0.226164		0.255543		
0.366428		0.305848		0.160286		0.167438		
0.000988689		0.000512037		0.00166724		0.996832		
0.234109		0.204651		0.50491		0.0563307		
0.999695		7.54588e-05		0.000162327		6.69016e-05		
0.138579		0.188325		0.382741		0.290355		
0.999324		3.37266e-05		0.000294796		0.000347259		
0.450132		0.50343		0.0379947		0.00844327		
0.494228		0.144585		0.0340847		0.327103		
0.996836		0.00138215		8.36086e-05		0.0016983		
0.000277071		0.997359		0.00143435		0.000929203		
0.000799593		0.00129268		0.997645		0.000263199		
0.00104864		0.00126371		0.997656		3.13965e-05		
0.00097985		0.996789		0.00124838		0.000982707		
0.00119126		0.00172045		0.996652		0.000435941		
0.262002		0.0874695		0.3214		0.329129		
4.81795e-05		0.997297		0.00131353		0.00134142		
0.997355		0.000285278		0.00211962		0.000239634		
0.997016		0.00037073		0.000208536		0.00240511		
0.183751		0.216344		0.342938		0.256967		
0.311409		0.0557047		0.559732		0.0731544		
0.00102336		0.00189124		0.996184		0.000901803		
0.217216		0.34111		0.354385		0.0872888		
0.998695		0.000683782		0.000471574		0.000149332		
0.000341851		0.000163156		0.99875		0.000744993		
0.000104416		0.000436161		0.000502391		0.998957		
0.169611		0.123675		0.298587		0.408127		
0.000468418		0.998594		0.000448485		0.000489347		
0.234149		0.122816		0.25312		0.389915		
0.3397		0.095498		0.374261		0.190541		
0.999145		0.000390276		0.000303231		0.000161961		
0.436681		0.226346		0.108443		0.22853		
0.304554		0.309298		0.150854		0.235294		
0.999613		0.000152877		7.25831e-05		0.000161259		
0.296814		0.204714		0.224793		0.27368		
0.281882		0.174961		0.384137		0.15902		
0.996293		0.00133848		0.00158103		0.00078752		
0.000456088		0.999254		3.00226e-05		0.000259983		
0.000655089		0.000731262		3.94308e-05		0.998574		
0.197316		0.282557		0.297553		0.222573		
0.354249		0.103654		0.157268		0.384829		
0.250978		0.246415		0.0554107		0.447197		
0.000748932		0.00073553		0.997918		0.000597569		
0.333556		0.268781		0.275793		0.12187		
0.998309		0.00035487		0.000870376		0.00046616		
0.000536967		0.99927		3.62816e-05		0.00015722		
0.275469		0.0227882		0.602547		0.0991957		
0.000275356		0.00244168		0.996156		0.00112671		
0.000300414		5.61214e-05		0.000245027		0.999398		
0.295726		0.108262		0.0450142		0.550997		
0.00194003		0.000226849		0.00138		0.996453		
0.502714		0.00108578		0.250814		0.245385		
0.115865		0.334225		0.134581		0.41533		
0.267081		0.149068		0.426797		0.157054		
0.000741827		0.000162419		0.998152		0.000943411		
0.167256		0.126326		0.421425		0.284992		
0.241519		0.155493		0.387318		0.21567		
0.998352		0.000465305		0.000830628		0.000352504		
0.0135374		0.458505		0.183637		0.34432		
0		0.299234		0.240153		0.460613		
0.197614		0.270148		0.279175		0.253063		
0.443906		0.0282486		0.435835		0.0920097		
0.00108489		3.03819e-05		0.000798792		0.998086		
0.184486		0.242488		0.195667		0.377358		
0.00118259		0.000331567		0.00104444		0.997441		
1.61685e-05		0.00027423		0.000256476		0.999453		
0.28633		0.370544		0.233059		0.110067		
0.0973324		0.284787		0.167267		0.450613		
6.57033e-05		0.999652		0.000205966		7.59873e-05		
0.551562		0.246875		0.189062		0.0125		
0.137157		0.249792		0.389443		0.223608		
0.0814815		0.36358		0.374074		0.180864		
0.257378		0.22077		0.159133		0.362719		
0.345869		0.225647		0.0967941		0.331689		
0.199134		0.296703		0.280719		0.223443		
0.327674		0.0101868		0.283107		0.379032		
0.105374		0.30295		0.334036		0.25764		
0.00120629		0.0011754		0.99716		0.00045815		
0.000574795		0.000635591		0.000250552		0.998539		
0.0297813		0.30014		0.355049		0.31503		
0.00421179		0.524669		0.16065		0.310469		
0.998863		0.000165729		0.000464865		0.000506125		
0.167026		0.121767		0.501616		0.209591		
0.00147334		0.00157049		0.996148		0.000807731		
0.000328653		0.000260765		0.999277		0.000133238		
0.218348		0.0992113		0.315068		0.367372		
0.198113		0.210692		0.240566		0.350629		
0.00114499		0.00156906		0.997262		2.42326e-05		
0.00108055		0.000295661		0.996871		0.0017527		
1.63786e-05		0.999953		1.26876e-05		1.78088e-05		
0.140359		0.440359		0.0430493		0.376233		
0.00163765		0.99666		0.000557039		0.00114516		
0.117241		0.0556322		0.388966		0.438161		
0.264597		0.115669		0.298596		0.321138		
0.202564		0.00512821		0.153846		0.638462		
0.305007		0.0208039		0.325458		0.348731		
0.999078		0.000114422		0.000555205		0.000252248		
0.00111108		0.00144294		0.00078973		0.996656		
0.000798569		0.00119514		0.996844		0.00116254		
0.285889		0.312156		0.318876		0.0830788		
0.000343827		0.997023		0.00137531		0.00125743		
0.996215		0.00141313		0.000547679		0.00182435		
0.260428		0.145455		0.209626		0.384492		
0.00119565		0.000446972		4.09724e-05		0.998316		
0.999016		0.000298445		0.000395729		0.000290201		
0.140446		0.270088		0.12154		0.467927		
0.0915856		0.538638		0.0944476		0.275329		
0.135551		0.384806		0.0784508		0.401192		
0.996945		0.000803248		0.00109758		0.00115386		
0.458847		0.283884		0.249877		0.0073928		
0.000954658		5.40973e-05		0.997957		0.00103421		
0.000213794		0.000621946		0.000925978		0.998238		
0.318442		0.0774026		0.143896		0.46026		
0.00113529		0.000725822		0.0012131		0.996926		
0.000976849		0.00186618		0.000508529		0.996648		
0.000419077		3.47913e-05		0.000155507		0.999391		
0.0317337		0.312693		0.503096		0.152477		
0.998238		0.00080017		0.000143448		0.000818101		
8.64694e-05		0.998816		0.000485612		0.000611512		
0.00248139		0.402978		0.274442		0.320099		
0.13417		0.337387		0.333072		0.195371		
0.997484		0.000589583		0.00090203		0.00102401		
0.425129		0.13253		0.186747		0.255594		
0.351003		0.269973		0.278682		0.100341		
9.21207e-05		0.00080803		0.000576412		0.998523		
0.000109143		0.000530766		0.00102415		0.998336		
0.114865		0.301239		0.106419		0.477477		
0.392271		0.366331		0.215987		0.0254103		
0.00147893		0.000506554		0.996426		0.00158874		
3.06157e-05		2.51068e-05		0.999914		3.0215e-05		
0.225926		0.211728		0.473457		0.0888889		
0.00152857		0.00026639		0.00148629		0.996719		
0.99877		7.04776e-05		0.000471391		0.0006886		
0.000236547		0.00207045		0.99684		0.000853162		
0.368192		0.12037		0.407952		0.103486		
0.996664		0.00179212		0.00123505		0.000308763		
0.317678		0.080638		0.350022		0.251661		
0.347101		0.103069		0.328912		0.220917		
0.998902		0.000358183		0.000297523		0.000441951		
0.997875		0.000704048		0.000694973		0.000725979		
4.50052e-05		1.58883e-05		0.999918		2.11377e-05		
0.246681		0.246372		0.238963		0.267984		
0.000293667		0.997797		0.00103093		0.000878524		
0.361111		0.205729		0.335938		0.0972222		
0.341582		0.107505		0.393915		0.156998		
0.319066		0.232756		0.304563		0.143615		
0.409977		0.229931		0.147936		0.212156		
0.998398		0.000499869		0.000393664		0.000708029		
0.425089		0.0529132		0.0606421		0.461356		
0.310825		0.00464452		0.333691		0.35084		
1.73023e-05		0.000306144		0.000176554		0.9995		
0.209896		0.144054		0.28332		0.362729		
0.998191		0.000241791		6.77014e-05		0.0014991		
0.997082		0.00107371		0.000101055		0.0017432		
0.999539		0.000237685		0.00010014		0.000123113		
0.139273		0.214533		0.247837		0.398356		
0.0011233		0.998277		0.000422064		0.000177293		
0.100618		0.403795		0.16549		0.330097		
0.438177		0.017094		0.0501425		0.494587		
0.23616		0.342238		0.335656		0.0859466		
0.394082		0.0124357		0.298027		0.295455		
8.95161e-05		0.00119914		0.998555		0.000156653		
0.172814		0.386656		0.0663075		0.374223		
0.171151		0.360829		0.252316		0.215704		
0.00135854		0.00112743		0.000221064		0.997293		
0.00101711		0.996887		0.000303735		0.00179243		
0.000202095		0.000315601		0.999219		0.000263554		
0.208257		0.206414		0.223369		0.361961		
0.000212668		0.00250256		0.997008		0.000276963		
0.314277		0.203411		0.208465		0.273847		
0.000939804		0.997762		0.000362594		0.000935884		
0.997957		0.00156473		0.000165289		0.000312947		
0.272152		0.409705		0.0810127		0.237131		
