0.998027		9.35185e-05		0.00111638		0.00076276		
0.284672		0.0661496		0.3125		0.336679		
0.000413278		0.998949		0.000482995		0.000154508		
0.356911		0.41791		0.0850097		0.140169		
0.0899281		0.239209		0.356475		0.314388		
0.997367		0.0011117		0.000561217		0.000959896		
0.245855		0.222985		0.0474557		0.483705		
0.000249414		0.00028059		0.000364527		0.999105		
3.41915e-05		0.999504		0.000201034		0.000260869		
0.999539		0.00023597		0.000208464		1.65034e-05		
0.510237		0.00484914		0.448815		0.0360991		
0.00013462		0.999219		0.000287493		0.000359138		
0.412968		0.076808		0.478803		0.0314214		
0.998324		0.00052106		0.000614895		0.000539827		
0.00072133		0.997875		0.000272936		0.00113073		
2.69795e-05		0.00167028		0.00116993		0.997133		
0.0647851		0.361129		0.25465		0.319436		
0.014876		0.351515		0.519008		0.114601		
0.000328695		0.000297743		0.000365749		0.999008		
0.308333		0.354687		0.266146		0.0708333		
0.0019039		0.000494827		0.996484		0.00111689		
0.000182867		8.16512e-05		0.999547		0.000188606		
0.00203156		0.000221089		0.997227		0.000520787		
0.239165		0.285714		0.0184591		0.456661		
8.33264e-06		0.99977		0.000132306		8.983e-05		
0.0673401		0.0673401		0.387205		0.478114		
0.397554		0.100917		0.335955		0.165574		
0.998164		0.000747063		0.000111347		0.000977527		
0.325847		0.301248		0.129412		0.243494		
0.0975275		0.081044		0.0879121		0.733516		
0.000169977		0.000222443		0.000298986		0.999309		
0.285392		0.239579		0.228314		0.246714		
0.000439967		0.000188422		0.999254		0.000117704		
0.00190561		0.00125293		0.996191		0.000650056		
0.999242		4.94386e-05		0.000455278		0.000253096		
0.357244		0.117188		0.21946		0.306108		
0.000348247		0.000226015		0.000519488		0.998906		
0.000711147		0.000778965		0.998434		7.62952e-05		
0.043554		0.0307782		0.483159		0.442509		
0.000459817		0.000559095		0.998789		0.000192026		
0.141789		0.295842		0.270117		0.292252		
0.997797		0.00172466		0.000426271		5.21964e-05		
0.271554		0.127709		0.144306		0.456432		
0.250597		0.101432		0.0960621		0.551909		
0.278955		0.37309		0.176934		0.17102		
0.000357763		2.07399e-05		0.00106681		0.998555		
5.7727e-05		0.000623452		0.998602		0.000717258		
1.73274e-05		1.52016e-05		0.999965		2.62719e-06		
9.29889e-05		7.98438e-05		0.999723		0.000104511		
0.000919621		0.996996		0.000742175		0.00134211		
0.00222838		0.00123307		0.000237767		0.996301		
9.87161e-06		0.998727		0.000935335		0.000328231		
0.00122177		0.00103795		7.62206e-05		0.997664		
0.00028306		0.996262		0.00166439		0.00179083		
0.00142909		0.00120121		0.00115486		0.996215		
0.140517		0.234914		0.310345		0.314224		
0.99702		0.00145826		0.000301519		0.00122069		
0.000608291		0.000227619		0.000847684		0.998316		
0.998266		0.000250981		0.000811414		0.00067198		
0.135333		0.595333		0.0866667		0.182667		
0.049904		0.418426		0.325336		0.206334		
0.302892		0.38965		0.18417		0.123288		
5.83074e-05		6.58735e-05		3.20691e-05		0.999844		
0.248773		0.283688		0.235134		0.232406		
0.334157		0.348492		0.108255		0.209095		
0.998352		0.000821864		0.000115391		0.000711183		
0.488854		0.176221		0.312102		0.0228238		
0.110865		0.315965		0.271619		0.301552		
0.385		0.193333		0.260833		0.160833		
0.000586482		0.000664525		0.998305		0.000444305		
0.339002		0.29353		0.077634		0.289834		
0.349503		0.192843		0.245726		0.211928		
0.0014469		0.99652		0.000471313		0.00156226		
0.00205719		0.996395		0.00129598		0.000252297		
0.374273		0.552683		0.0639948		0.00904977		
0.000308681		0.000447117		0.99918		6.45139e-05		
0.997812		0.000451778		0.000882362		0.000853359		
0.171338		0.21523		0.326811		0.286621		
0.00186792		0.00159777		0.996465		6.94681e-05		
0.39266		0.0769231		0.348919		0.181498		
0.0851939		0.427145		0.279083		0.208578		
0.169772		0.365424		0.464803		0		
0.00101445		0.997152		0.000710835		0.00112237		
0.000370866		0.000358022		0.000263299		0.999008		
0.996641		0.00223958		0.000376987		0.000742804		
0.00076096		0.00233809		0.000139229		0.996762		
0.000343453		3.90287e-05		0.000906581		0.998711		
0.237382		0.705047		0.0520505		0.0055205		
0.0689775		0.256846		0.344887		0.329289		
0.373474		0.255158		0.329684		0.0416842		
0.0008031		0.00101408		0.000471878		0.997711		
0.32025		0.222412		0.0551763		0.402162		
0.358782		0.00661959		0.203001		0.431598		
0.997023		0.00149735		0.000243848		0.00123536		
0.996633		0.00114726		0.00113054		0.00108938		
0.0014116		0.000901024		0.00027331		0.997414		
0.286877		0.322143		0.132926		0.258054		
0.308312		0.171366		0.280483		0.239839		
0.00114276		0.997738		0.000451021		0.000667934		
0.284416		0.16457		0.314815		0.236198		
0.0623388		0.38994		0.119948		0.427773		
0.0808298		0.334764		0.312589		0.271817		
0.244482		0.241087		0.231239		0.283192		
0.000691589		0.000702188		0.997957		0.000649192		
0.215571		0.29594		0.332357		0.156132		
0.99625		0.00144016		0.00161258		0.000697262		
0.30084		0.186218		0.238319		0.274622		
0.00151501		0.00108361		0.00129591		0.996105		
0.217007		0.406122		0.244218		0.132653		
6.22669e-05		0.99909		0.000455078		0.000392811		
0.272133		0.315583		0.152891		0.259392		
5.05371e-05		1.16802e-05		0.999859		7.84077e-05		
6.68958e-05		8.57777e-05		0.000480139		0.999367		
0.076528		0.335388		0.16641		0.421674		
0.0398633		0.419134		0.235763		0.305239		
0.273388		0.278837		0.0345141		0.413261		
0.130307		0.337848		0.34224		0.189605		
0.253178		0.337571		0.269774		0.139477		
0.00154461		0.00159561		0.996379		0.00048087		
0.366584		0.0860349		0.292394		0.254988		
0.295428		0.455451		0.17585		0.0732708		
0.996277		0.00143161		0.000952851		0.00133819		
0.250275		0.315134		0.307805		0.126786		
0.00207363		0.000204592		0.000831156		0.996891		
0.997969		7.10801e-05		0.000910372		0.0010498		
0.000146548		0.999473		0.000228939		0.000151857		
0.0784182		0.156166		0.161528		0.603887		
2.13313e-06		9.06152e-08		1.6825e-06		0.999996		
0.305106		0.256123		0.356579		0.0821918		
0.2953		0.290662		0.158009		0.25603		
0.371951		0.343902		0.0979675		0.186179		
0.0734767		0.26583		0.194146		0.466547		
0.363886		0.167736		0.149404		0.318973		
0.00118082		0.000101898		0.00136963		0.997348		
0.392387		0.259639		0.175207		0.172767		
0.31049		0.137529		0.157576		0.394406		
0.997637		1.93712e-05		0.000893226		0.00145068		
0.000658787		0.0023429		0.00036159		0.996637		
0.00172521		0.000580175		0.997563		0.000132119		
0.209577		0.188732		0.304225		0.297465		
0.119695		0.420601		0.330949		0.128755		
0.214885		0.0649133		0.1662		0.554001		
0.322723		0.198335		0.408913		0.0700294		
0.000249562		0.999273		0.000146905		0.000330095		
0.00158092		0.00177385		7.49249e-05		0.99657		
0.998895		0.000436728		0.00048937		0.000179371		
0.000265097		0.00116668		0.997855		0.00071276		
0.124604		0.331219		0.235614		0.308564		
2.69545e-05		2.78136e-05		7.73196e-06		0.999938		
0.310174		0.26799		0.112017		0.309819		
0.000772553		0.00037142		0.997598		0.00125837		
0.000124655		0.00012523		0.000160271		0.99959		
0.57361		0.248626		0.0464264		0.131338		
0.276006		0.414239		0.0263523		0.283403		
0.0821918		0.376459		0.058346		0.483004		
0.999125		0.000588446		0.000122709		0.000163845		
0.374329		0.450054		0.166488		0.00912997		
0.185326		0.0108696		0.515761		0.288043		
0.396429		0.418304		0.139286		0.0459821		
0.00051453		0.000239267		0.000265735		0.99898		
0.000914819		0.00143017		0.996219		0.00143627		
0.000348686		0.000106159		7.2499e-05		0.999473		
0.000578509		0.997828		0.000491634		0.00110173		
0.00145652		0.996957		0.000205483		0.00138097		
0.00104178		0.0012076		0.996684		0.00106702		
0.000442719		0.998691		0.000208679		0.000657195		
0.909091		0.0443975		0.02537		0.0211416		
0.000317865		4.75638e-05		0.99925		0.000384571		
0.245211		0.0984674		0.355556		0.300766		
0.00077738		0.000227022		0.000358879		0.998637		
0.388328		0.422115		0.0930233		0.0965336		
0.284087		0.296859		0.289265		0.129789		
0.391904		0.334964		0.0413701		0.231762		
0.162791		0.101744		0.550872		0.184593		
0.0179076		0.362865		0.471254		0.147974		
0.393968		0.348956		0.0719258		0.185151		
0.54093		0.185986		0.248199		0.0248854		
0.00059632		0.998789		0.000123921		0.000490696		
0.000555646		0.000266836		0.000669705		0.998508		
0.633302		0.0187091		0.115061		0.232928		
0.344828		0.300321		0.219727		0.135124		
0.998828		0.000295296		0.000607514		0.000269066		
0.186539		0.294558		0.203157		0.315746		
0.000191539		0.999195		0.00024092		0.000372229		
0.284943		0.134916		0.107933		0.472207		
0.000292951		0.00159385		0.997766		0.000347569		
0.000677974		0.00153436		0.00116267		0.996625		
0.470305		0.0497592		0.168539		0.311396		
0.325116		0.232558		0.322326		0.12		
0.239177		0.386627		0.324046		0.05015		
1.18012e-05		0.998602		0.000337513		0.00104912		
0.00116168		0.998191		0.000117049		0.000529866		
0.000303295		0.998746		0.0004812		0.000469411		
0.998203		0.000134212		0.00066715		0.000995513		
0.0012382		0.996992		4.20918e-05		0.00172752		
0.000236996		8.12421e-05		0.000302855		0.999379		
0.109595		0.209313		0.442145		0.238946		
0.141347		0.267424		0.336727		0.254503		
0.0445247		0.352186		0.233053		0.370237		
0.000418545		0.00134973		0.000903603		0.997328		
0.442843		0.289264		0.234592		0.0333002		
0.292683		0.200861		0.22023		0.286227		
0.355136		0.249476		0.246122		0.149266		
0.000315225		0.000275254		0.000581395		0.998828		
0.000311077		0.999293		0.000286887		0.000109068		
0.181127		0.279291		0.0493984		0.490184		
2.7719e-05		3.87549e-06		0.999953		1.52805e-05		
0.997191		0.000628398		0.0018569		0.000323291		
0.254159		0.271719		0.183919		0.290203		
0.304797		0.185792		0.487553		0.0218579		
0.593062		0.0426951		0.0907272		0.273516		
0.997746		0.00067433		0.000371165		0.00120841		
0.236246		0.200647		0.544337		0.0187702		
0.000327188		0.998414		0.000615244		0.000643506		
0.000111461		0.000257004		0.00045966		0.999172		
0.00105525		0.00148772		0.997215		0.000242187		
0.164483		0.3615		0.222323		0.251695		
0.379276		0.3833		0.177062		0.0603622		
0.000879497		0.997871		0.00103772		0.00021169		
0.490406		0.443567		0.0197517		0.0462754		
0.997543		0.000592056		0.00111856		0.000746413		
0.998797		8.41245e-05		0.000631659		0.000487342		
0.000272785		0.998578		0.000664295		0.000484794		
0.419599		0.185301		0.197327		0.197773		
0.000609194		0.000235817		0.998461		0.000694052		
0.279424		0.164532		0.279824		0.276221		
0.12199		0.023007		0.379347		0.475655		
0.270138		0.248854		0.238376		0.242633		
0.000317696		0.00069383		0.000195505		0.998793		
0.0399306		0.566551		0.021412		0.372106		
3.00211e-05		0.999891		1.37816e-05		6.55723e-05		
0.000942227		0.000788631		0.997781		0.000487893		
0.350493		0.292442		0.198248		0.158817		
0.00190086		0.000484097		0.996449		0.00116583		
0.441236		0.0314083		0.379433		0.147923		
0.296045		0.108475		0.288889		0.306591		
0.230846		0.486229		0.0320481		0.250876		
0.393967		0.266453		0.229433		0.110146		
0.139984		0.408689		0.19469		0.256637		
4.56623e-05		0.000339407		0.99941		0.000204774		
0.000879856		0.996309		0.000590725		0.00222083		
0.00144037		0.00127278		0.996574		0.000712635		
0.000498968		0.996457		0.000360202		0.0026838		
0.0007346		0.000193636		0.998582		0.000489733		
0.000240991		0.00011768		7.88288e-05		0.999563		
0.719469		0.0752212		0.0575221		0.147788		
0.343761		0.110392		0.19849		0.347357		
0.228192		0.253033		0.140381		0.378394		
4.22768e-05		0.998387		0.000738998		0.000832007		
0.299811		0.337583		0.124174		0.238432		
0.269672		0.112693		0.292606		0.32503		
0.263684		0.432175		0.269396		0.0347454		
0.382495		0.32035		0.213129		0.0840263		
0.238842		0.265891		0.254531		0.240736		
0.525298		0.0141369		0.0922619		0.368304		
0.417979		0.0660234		0.472321		0.043677		
0.99957		5.68061e-05		0.000176869		0.000196012		
0.000358943		0.00147656		0.997047		0.00111762		
0.000250235		0.996434		0.00137742		0.00193875		
0.00118214		0.00132313		0.996469		0.00102597		
0.0690789		0.221053		0.323684		0.386184		
0.00198699		0.00109721		0.000548607		0.996367		
0.300908		0.293558		0.297017		0.108517		
0.996605		0.00225999		0.000304667		0.000829875		
0.334681		0.259209		0.40566		0.000449236		
0.266667		0.36369		0.3		0.0696429		
3.69718e-05		0.996719		0.00212126		0.00112302		
0.130042		0.693324		0.0945758		0.0820584		
0.00135929		0.00128306		0.996812		0.000545155		
0.412861		0.239049		0.187791		0.160298		
0.444848		0.11212		0.277803		0.165229		
0.99775		0.000426724		0.00166552		0.000157759		
0.355507		0.283533		0.040349		0.320611		
0.0498615		0.0526316		0.367036		0.530471		
0.000384332		0.00018934		0.00211383		0.997313		
0.397441		0.0643923		0.30661		0.231557		
0.996227		0.00338253		5.58437e-05		0.000335062		
0.997922		0.000307077		2.61849e-05		0.00174486		
0.0870902		0.328893		0.423156		0.160861		
0.295149		0.086072		0.311111		0.307668		
0.000305436		6.35805e-05		0.999492		0.000138797		
0.000382647		0.00028778		0.999125		0.000204573		
0.00108789		0.000484117		0.997824		0.000603774		
0.000890345		0.00167174		0.000578536		0.996859		
0.303653		0.04414		0.138508		0.513699		
0.000138168		0.999355		0.000430447		7.59165e-05		
0.00220454		0.000316661		0.000998329		0.99648		
0.538748		0.208308		0.226286		0.0266584		
0.0551291		0.330077		0.278786		0.336008		
0.145213		0.109043		0.473404		0.27234		
0.00277514		0		0.996297		0.00092798		
0.327406		0.477008		0.0594727		0.136113		
0.00156799		0.000615016		0.000895122		0.996922		
0.245214		0.00501367		0.355515		0.394257		
0.997164		0.000958488		0.00130433		0.000573116		
0.000636093		0.00107746		0.997852		0.00043488		
0.99668		0.000759639		0.00106073		0.00149994		
0.000912944		0.00142013		0.00141302		0.996254		
0.0451866		0.433694		0.297151		0.223969		
0.00116618		0.00131707		0.996789		0.000727687		
0.000327963		0.998125		0.000685055		0.000861982		
9.98662e-06		0.996734		0.00149799		0.00175765		
0.136711		0.410134		0.0497132		0.403442		
0.00207559		0.99668		0.000928803		0.000315919		
0.99707		0.000240561		0.00208486		0.000604266		
0.00032731		0.999254		0.000301732		0.000117051		
0.998062		0.000490313		0.000784671		0.000662516		
0.000999802		8.75198e-05		0.997539		0.00137362		
0.998621		0.000835891		1.25698e-05		0.000530445		
0.00104273		0.997563		0.000267367		0.0011274		
0.204782		0.272839		0.467811		0.0545677		
0.162722		0.351226		0.418005		0.0680473		
0.300394		0.09652		0.308601		0.294485		
0.996227		0.000303424		0.00133636		0.00213365		
0.000169144		3.35912e-05		0.000109765		0.999687		
0.000682421		0.000371056		0.000634022		0.998313		
0.000658158		0.000672906		1.65922e-05		0.998652		
0.315175		0.275911		0.34312		0.0657941		
0.000351627		0.00161933		0.996613		0.00141576		
0.00136492		0.00132632		0.000574379		0.996734		
0.000815262		0.000531283		0.998023		0.000630018		
0.124749		0.357		0.318492		0.199759		
0.997953		2.28488e-05		0.00146042		0.000563605		
0.998809		0.00104187		1.47087e-05		0.00013483		
0.0754803		0.418573		0.0978957		0.408051		
0.272436		0.395513		0.15		0.182051		
0.0496803		0.417609		0.262174		0.270536		
0.996969		3.15099e-05		0.00230652		0.000693217		
0.55647		0.253553		0.13089		0.0590875		
0.486957		0.152717		0.357065		0.00326087		
0.000150593		0.99932		4.43713e-05		0.000484723		
5.69814e-05		5.48461e-05		2.48912e-05		0.999863		
0.270338		0.193992		0.405507		0.130163		
1.50121e-05		0.999961		1.39472e-05		1.01033e-05		
0.0316148		0.227626		0.273346		0.467412		
0.326846		0.182599		0.435031		0.0555238		
0.186667		0.0911111		0.174444		0.547778		
0.360209		0.157773		0.261021		0.220998		
0.00209377		0.00122045		0.000134993		0.996551		
0.000134884		9.76888e-05		0.000111177		0.999656		
0.249372		0.3841		0.0317992		0.334728		
0.998605		0.000293843		0.000581565		0.000519123		
0.000453816		0.000196626		0.000380808		0.998969		
0.000459165		0.00130261		0.00065229		0.997586		
0.00135311		0.00121869		0.997227		0.00020164		
0.283503		0.0924045		0.432027		0.192066		
0.256054		0.0520048		0.37237		0.319571		
0.33484		0.246328		0.361205		0.0576271		
0.348762		0.301665		0.264718		0.0848559		
0.250435		0.192174		0.163043		0.394348		
0.000650245		0.998293		0.000140683		0.000916103		
5.90287e-05		6.37179e-05		0.999746		0.00013116		
0.261118		0.391898		0.101717		0.245266		
0.0960681		0.351844		0.377787		0.174301		
0.014658		0.235613		0.347448		0.40228		
0.99968		4.1579e-05		0.000139367		0.000139367		
0.476836		0.216949		0.0920904		0.214124		
0.41278		0.0741604		0.122668		0.390392		
0.000172364		0.00012179		0.000522252		0.999184		
0.00116806		0.000907527		0.996148		0.00177597		
0.032276		0.311074		0.382304		0.274346		
0.37093		0.154264		0.36124		0.113566		
0.997387		0.00142529		0.000172852		0.00101514		
0.000558111		0.000460033		0.998508		0.000474044		
0.00211876		0.000100283		0.000550492		0.99723		
0.311238		0.0289524		0.326095		0.333714		
0.255159		0.33818		0.0065666		0.400094		
0.16302		0.272429		0.035558		0.528993		
5.12178e-05		7.60991e-05		0.999848		2.50269e-05		
0.00105557		0.00103681		0.000220119		0.997687		
0.354463		0.0961621		0.245364		0.30401		
0.283561		0.259954		0.176621		0.279863		
0.000416813		0.000511114		0.998664		0.000408011		
0.999102		0.000182445		0.000285336		0.000430656		
4.07989e-05		0.00027089		0.999434		0.000254717		
0.202649		0.311135		0.221267		0.264948		
0.315236		0.260362		0.110917		0.313485		
0.000984561		0.000886105		0.996832		0.0012973		
0.130435		0.35808		0.28671		0.224774		
0.00122895		0.0015321		0.996594		0.000645201		
0.428429		0.0259352		0.287282		0.258354		
0.307752		0.188585		0.2742		0.229464		
0.244594		0.377222		0.271985		0.106199		
0.000102415		0.000674318		0.000942017		0.998281		
0.391553		0.431148		0.140343		0.0369556		
0.00186688		0.996715		0.000305596		0.00111268		
0.997809		0.000804261		0.00104095		0.000346197		
0.000350727		0.997676		0.000797423		0.00117607		
0.257403		0.236143		0.346241		0.160213		
0.358272		0.135364		0.190513		0.31585		
0.172021		0.265285		0.55544		0.00725389		
0.533968		0.327619		0.135238		0.0031746		
0.665103		0.0375235		0.293621		0.00375235		
0.000323461		0.998984		0.000303165		0.000388999		
0.381438		0.45589		0.0759816		0.0866905		
7.3748e-05		0.999695		0.000142569		8.83705e-05		
0.998027		0.000942079		0.000759373		0.000271205		
1.96825e-05		2.24854e-06		2.10377e-05		0.999957		
0.998324		0.000755508		0.000902859		1.74142e-05		
0.000870289		0.001916		0.996305		0.00090902		
0.00138365		0.996832		0.000489708		0.00129461		
0.211475		0.190164		0.106557		0.491803		
0.280644		0.296378		0.27296		0.150018		
0.646919		0.0742496		0.0829384		0.195893		
0.000753627		0.00139049		0.000469159		0.997387		
0.000356187		0.000292333		0.99848		0.000871012		
0.0312361		0.223561		0.407854		0.337349		
0.213918		0.102234		0.305412		0.378436		
0.2761		0.332803		0.220456		0.170641		
0.455362		0.225568		0.0253566		0.293714		
0.000307835		0.000367242		0.000586642		0.998738		
0.382224		0.230769		0.0554006		0.331606		
0.000309624		0.999184		0.00014434		0.000362442		
0.000971453		0.000713332		0.000483184		0.997832		
0.000445335		0.000445335		0.998715		0.000394486		
0.0981169		0.279485		0.263627		0.358771		
0.996832		0.00121829		0.00160906		0.000340619		
0.000561456		0.996273		0.00126525		0.00189985		
0.315942		0.355797		0.113768		0.214493		
0.0280449		0.270833		0.40024		0.300881		
0.353746		0.191531		0.138111		0.316612		
0.254902		0.388545		0.236842		0.119711		
0.999832		5.62858e-06		3.05128e-05		0.000131827		
0.000847784		0.000385983		0.998098		0.000668577		
0.188997		0.184466		0.0446602		0.581877		
0.326468		0.109991		0.200701		0.36284		
0.000149273		0.999594		4.74746e-05		0.000209502		
0.265167		0.189634		0.262354		0.282845		
5.33714e-05		3.90719e-05		0.999832		7.55255e-05		
0.278034		0.211214		0.319892		0.19086		
0.000150969		0.000284272		0.999539		2.56969e-05		
0.308103		0.40951		0.238234		0.0441533		
0.163347		0.387782		0.166003		0.282869		
0.00132451		0.000478521		0.997668		0.000528998		
0.475217		0.00123916		0.0130112		0.510533		
0.00252954		0.996395		0.000518204		0.000557728		
0.999172		0.000417452		0.000269746		0.000140927		
0.204813		0.195597		0.151562		0.448029		
0.99698		0.00147217		0.00108571		0.000461651		
0.432567		0.256653		0.275147		0.0356337		
0.204207		0.292233		0.210032		0.293528		
0.541276		0.0234522		0.0375235		0.397749		
0.162966		0.30137		0.0689655		0.466698		
0.327737		0.263869		0.126277		0.282117		
0.293093		0.536403		0.0497822		0.120722		
0.606061		0.220779		0.12987		0.04329		
1.74148e-05		4.99605e-07		0.999949		3.28669e-05		
0.392842		0.124012		0.330004		0.153142		
0.360294		0.263235		0.0242647		0.352206		
0.000748898		5.56211e-05		0.998895		0.00030095		
0.320531		0.256983		0.269204		0.153282		
0.00118173		0.996387		0.00189121		0.000540345		
0.000288637		0.998637		0.000166333		0.000908311		
0.152615		0.170462		0.222769		0.454154		
0.429064		0.326824		0.226881		0.0172315		
0.457952		0.0795247		0.390311		0.0722121		
0.335068		0.553025		0.0969421		0.0149642		
0.0135808		0.253961		0.447714		0.284744		
0.00207733		0.000302727		0.997305		0.000315253		
0.345646		0.376429		0.162709		0.115215		
0.194672		0.478825		0.111339		0.215164		
0.000864106		0.00106473		0.997406		0.000664917		
0.000270607		0.99768		0.000140102		0.0019096		
0.0268166		0.269896		0.377595		0.325692		
0.00022538		0.00024126		0.999141		0.000392735		
0.233333		0.310843		0.368273		0.0875502		
0.0587803		0.391624		0.00293902		0.546657		
0.997629		0.000400315		0.000300236		0.00167054		
0.26934		0.239151		0.196226		0.295283		
0.000605983		0.000548527		0.000380647		0.998465		
0.151226		0.371935		0.257947		0.218892		
0.000983032		0.000885742		0.000842164		0.997289		
0.99657		0.000972627		0.00164131		0.000815752		
0.000694005		0.00156105		0.996426		0.00131917		
0.238829		0.324088		0.0934771		0.343606		
0.000317784		0.99943		0.000162801		8.97274e-05		
0.331217		0.0179894		0.582011		0.0687831		
0.307814		0.355415		0.0773503		0.259421		
5.77543e-05		8.35031e-05		2.67114e-05		0.999832		
0.000795901		0.000805376		0.997188		0.00121122		
0.0242291		0.240088		0.437225		0.298458		
0.397709		0.203492		0.0796508		0.319149		
0.262755		0.248469		0.0530612		0.435714		
0.293333		0.0416667		0.224167		0.440833		
0.206314		0.34193		0.196087		0.255669		
0.000354858		0.997996		0.000120026		0.00152902		
0.194085		0.0374307		0.323937		0.444547		
0.340435		0.146087		0.200435		0.313043		
0.305382		0.174906		0.260013		0.2597		
0.999285		0.000213826		0.000343666		0.000157353		
0.381519		0.0544373		0.220952		0.343092		
1.52439e-05		9.52744e-06		0.998594		0.00138148		
0.00014781		8.00804e-05		0.000111953		0.99966		
0.000978303		0.00119016		0.996629		0.00120263		
4.57281e-05		2.21659e-05		1.41373e-05		0.999918		
0.0026067		0.996359		0.000171759		0.000862165		
7.1728e-05		0.997332		0.00107748		0.00151876		
0.000727399		0.99816		0.000455933		0.000656512		
0.175492		0.341906		0.227433		0.255169		
0.406863		0.345588		0.0992647		0.148284		
0.00029626		0.998059		0.000743983		0.000901163		
0.375451		0.0916065		0.141697		0.391245		
0.000202878		0.000672554		0.000530818		0.998594		
0.998488		0.00046164		0.000251132		0.000798946		
1.7441e-05		8.34499e-08		9.81927e-06		0.999973		
0.997195		0.000982255		0.000812854		0.00100958		
0.996508		0.00147175		0.000966107		0.00105433		
0.000885057		0.000227477		0.00131325		0.997574		
0.409283		0.045208		0.300181		0.245329		
0.0915888		0.506542		0.398131		0.00373832		
0.00119015		0.00127991		0.00141275		0.996117		
0.000334993		0.000287952		0.998797		0.00058018		
0.277375		0.106093		0.35066		0.265871		
0.998883		0.000149385		0.000140849		0.000826953		
0.532827		0.098752		0.298426		0.0699946		
0.2705		0.0675		0.394		0.268		
0.000835122		0.998238		0.000156691		0.000769905		
0.996984		0.00240247		0.000169677		0.000443474		
0.355619		0.303527		0.277687		0.0631665		
0.000305804		4.40438e-05		0.99934		0.000310308		
0.000387183		0.997504		0.000494276		0.00161463		
0.0423149		0.48911		0.0522713		0.416304		
0.000462273		0.000534122		5.82925e-05		0.998945		
0.00053167		0.001851		0.996914		0.000703267		
0.0915179		0.0479911		0.412946		0.447545		
0.000335644		0.00140423		0.996762		0.00149841		
0.137554		0.318484		0.379445		0.164517		
0.0355297		0.0581395		0.468992		0.437339		
0.114334		0.122867		0.109215		0.653584		
0.00164174		0.997754		0.000333243		0.000271113		
0.997594		0.00167468		0.000158654		0.000572917		
9.48124e-05		0.999164		0.000448249		0.000292876		
0.00139885		0.00135513		0.000660081		0.996586		
0.00024242		7.15715e-05		0.0020571		0.997629		
0.000944514		0.000269861		0.996508		0.00227781		
0.079001		0.491335		0.0744139		0.35525		
0.000277379		0.00113357		0.997801		0.000788266		
0.219368		0.270446		0.28757		0.222616		
0.000504694		0.000476532		1.87742e-05		0.999		
0.317263		0.328252		0.304502		0.0499823		
0.000885608		0.000639074		0.000916724		0.997559		
0.999875		2.61564e-06		6.52533e-05		5.71311e-05		
0.000147653		0.000181661		6.52171e-05		0.999605		
0.000813855		0.000476773		0.00242031		0.996289		
0.15894		0.139073		0.312914		0.389073		
0.00203642		0.000408531		0.996598		0.000957396		
0.127496		0.185868		0.473118		0.213518		
0.000228846		0.00021875		0.000427404		0.999125		
0.00108874		0.000691102		0.997965		0.000255312		
0.00163307		0.00173224		0.000462813		0.996172		
0.996117		0.000779812		0.00169772		0.00140529		
0.646314		0.0476545		0.134028		0.172003		
0.000915545		0.997664		0.00137169		4.86992e-05		
0.33589		0.164715		0.30763		0.191764		
0.219512		0.243527		0.192495		0.344465		
0.000428886		0.000528207		0.998598		0.000445251		
5.06672e-05		6.06118e-05		0.999875		1.3721e-05		
0.000395377		0.999441		6.54272e-05		9.77891e-05		
0.175831		0.102115		0.435045		0.287009		
0.249871		0.491464		0.0413864		0.217279		
0.43776		0.156409		0.264692		0.141138		
0.377483		0.133002		0.31457		0.174945		
0.520362		0.0690045		0.332579		0.0780543		
0.000196572		3.83607e-05		9.31927e-05		0.999672		
0.000364695		0.00101839		0.00182004		0.996797		
0.242007		0.388911		0.146499		0.222582		
0.0407524		0.371473		0.44279		0.144984		
0.00051557		8.47854e-05		1.68324e-05		0.999383		
0.00011875		0.999703		2.94118e-05		0.000148713		
0.331412		0.283862		0.139769		0.244957		
0.301744		0.119788		0.0545868		0.523882		
0.276978		0.0381295		0.220863		0.464029		
0.00135746		0.00135746		0.996949		0.000335866		
0.211211		0.0932735		0.348879		0.346637		
0.214215		0.254876		0.263471		0.267438		
0.371075		0.176913		0.14153		0.310482		
0.0339971		0.417678		0.178242		0.370083		
0.161538		0.256923		0.424615		0.156923		
0.0337079		0.392667		0.159077		0.414548		
0.997391		0.000444372		0.00119397		0.000971035		
0.996883		0.00127513		0.00105883		0.000783222		
0.204313		0.0692395		0.354711		0.371737		
0.000652111		0.000219501		0.00102292		0.998105		
0.000363271		0.000635522		0.99852		0.000481676		
0.00116511		0.000576255		0.996711		0.0015477		
0.00622924		0.380814		0.28613		0.326827		
0.202454		0.4015		0.389911		0.00613497		
0.171304		0.577391		0.221739		0.0295652		
0.532014		0.284633		0.129802		0.0535506		
0.0864062		0.49257		0.00550358		0.41552		
0.000274544		0.000221031		0.999203		0.0003013		
0.469204		0.348022		0.144717		0.0380571		
0.00137931		0.996336		0.000665182		0.00161957		
0.435944		0.152105		0.0918968		0.320054		
0.00110771		0.00145886		0.997293		0.000140459		
0.128015		0.391002		0.258349		0.222635		
0.161017		0.243341		0.464286		0.131356		
0.276026		0.290946		0.260088		0.17294		
0.00123741		0.00044569		0.998309		8.30478e-06		
0.306034		0.126847		0.289409		0.277709		
0.258065		0.0935484		0.333548		0.314839		
0.0591837		0.279184		0.262857		0.398776		
0.136958		0.382122		0.230005		0.250915		
0.000299925		0.000422773		0.999008		0.00026949		
0.257204		0.123011		0.36129		0.258495		
0.291883		0.138169		0.448187		0.121762		
0.139344		0.147029		0.324283		0.389344		
0.996961		6.13264e-05		0.00257571		0.000402028		
0.473476		0.314898		0.0637698		0.147856		
0.317391		0.0616601		0.367194		0.253755		
0.296796		0.313322		0.108938		0.280944		
2.20125e-05		0.999949		1.68908e-05		1.1878e-05		
0.000794165		0.000227679		0.998273		0.000704719		
0.245662		0.286758		0.389498		0.0780822		
0.998395		0.000480533		0.000637759		0.000487177		
0.000465141		0.000573461		0.996648		0.00231296		
0.00142572		0.00171573		0.996395		0.000464015		
0.195753		0.3739		0.368203		0.062144		
0.996566		0.000103032		0.000999169		0.00233139		
0.00136557		0.997699		0.000465536		0.000469674		
0.00115936		0.997402		0.000145283		0.00129302		
0.000853328		0.000534907		0.998191		0.000420359		
0.278719		0.246318		0.168999		0.305965		
0.997738		0.000412234		0.00146908		0.000380402		
0.332962		0.0505388		0.360461		0.256039		
0.999238		0.000173656		0.000420327		0.000167736		
0.29595		0.145527		0.344904		0.213618		
0.00221497		6.16984e-05		0.996332		0.0013913		
0.00028621		0.00181743		0.00114245		0.996754		
0.00131649		0.00100683		0.99732		0.000356369		
0.151448		0.393096		0.154788		0.300668		
0.317036		0.235427		0.256487		0.191049		
0.531537		0.224047		0.178055		0.0663601		
0.203693		0.281715		0.0798094		0.434783		
0.469475		0.123321		0.0409035		0.3663		
9.04136e-05		0.000181354		0.000138388		0.99959		
0.998781		0.000667095		0.000193032		0.000358623		
0.000259851		0.999289		8.64053e-05		0.000364681		
0.0022487		0.000289323		0.000426823		0.997035		
0.129237		0.569209		0.0289548		0.272599		
0.399626		0.199501		0.206359		0.194514		
0.000512034		4.05457e-05		0.998551		0.000896639		
0.277262		0.177494		0.0556845		0.489559		
0.000750385		0.00138943		0.99684		0.00102034		
0.000936583		0.00135378		0.000428392		0.997281		
0.444444		0.054321		0.0641975		0.437037		
0.389301		0.352754		0.201801		0.0561441		
0.00154906		0.996785		0.000509516		0.00115627		
0.287019		0.20127		0.160778		0.350933		
0.352295		0.311887		0.171832		0.163986		
0.276355		0.216256		0.079803		0.427586		
0.997957		2.94145e-05		0.00117257		0.000840986		
0.0014924		0.000718565		0.996504		0.00128513		
6.45641e-05		0.999664		0.000134958		0.000136415		
0.998707		0.000410077		0.00033137		0.000551522		
0.255459		0.117904		0.52329		0.103348		
0.996332		0.00169491		0.000406218		0.00156684		
0.00247868		0.996746		0.000497266		0.000277959		
0.000368841		0.000426248		0.000693192		0.998512		
0.99793		0.000141599		0.000801632		0.00112708		
0.0115766		0.27398		0.419515		0.294928		
0.996473		0.00307279		9.69716e-05		0.000357583		
0.99941		0.000377348		1.85512e-05		0.000193944		
0.224844		0.39537		0.0783615		0.301425		
0.00112528		0.00134334		0.000543097		0.996988		
0.480978		0.170516		0.293478		0.0550272		
0.000149457		0.999246		0.000212361		0.000392088		
0.210693		0.402356		0.107839		0.279112		
0.998105		0.000218109		0.00107662		0.0005998		
4.68823e-05		0.00022442		0.99959		0.000138854		
0.00108091		0.00139312		0.996559		0.000967378		
0.0143035		0.317164		0.270522		0.39801		
0.0016607		0.996547		0.00164894		0.000143488		
0.000396351		0.000345602		0.998762		0.000496327		
0.00145189		0.000172801		0.000523748		0.997852		
0.553013		0.209821		0.154018		0.0831473		
0.414156		0.266858		0.20373		0.115256		
0.00290243		0.996637		0.000296042		0.000164807		
0.342049		0.0492928		0.408487		0.200171		
0.46991		0.0947503		0.151088		0.284251		
0.487029		0.29907		0.0724425		0.141459		
0.000198784		0.999457		0.000202296		0.000141888		
0.0779835		0.247341		0.292241		0.382434		
0.00188324		5.81618e-05		0.996191		0.00186719		
0.999437		9.41327e-05		2.29592e-05		0.000445408		
0.000597253		0.000221702		0.000298232		0.998883		
0.307949		0.246159		0.132265		0.313627		
8.36366e-05		0.999859		3.75642e-05		1.94242e-05		
0.248994		0.430487		0.106392		0.214126		
0.197322		0.242907		0.316544		0.243226		
0.000360431		0.999227		0.000149547		0.000263459		
0.999949		5.57713e-06		4.49106e-05		2.93533e-07		
0.204427		0.193359		0.145182		0.457031		
0.00125201		0.997094		0.000492841		0.0011614		
0.408172		0.291613		0.055914		0.244301		
0.99952		3.3228e-05		0.000257421		0.00018982		
0.00116344		0.996367		0.00138673		0.00108265		
0.996633		0.00112402		0.00128702		0.000956145		
0.169231		0.134799		0.315018		0.380952		
0.000219362		6.18016e-05		0.000269618		0.999449		
2.10095e-05		0.999957		1.57175e-05		6.24178e-06		
0.184059		0.231003		0.299223		0.285714		
0.000348235		0.000176119		0.00271783		0.996758		
0.531304		0.0419299		0.336588		0.0901781		
0.228288		0.0179901		0.437345		0.316377		
0.000447926		0.998516		0.000167634		0.000868815		
0.0640884		0.364641		0.532044		0.0392265		
0.26087		0.385266		0.162238		0.191626		
0.232302		0.628866		0.12646		0.0123711		
9.97036e-05		0.000152895		0.000173182		0.999574		
0		0.508054		0.424832		0.0671141		
0.243053		0.24803		0.134384		0.374533		
0.208136		0.26632		0.117313		0.408231		
0.00160173		0.9965		0.00132714		0.00057113		
0.294118		0.227941		0.267923		0.210018		
0.999898		1.43896e-05		4.66378e-05		4.05351e-05		
0.000533667		0.998113		0.00101971		0.000333337		
0.174706		0.0623529		0.329412		0.433529		
0.349784		0.412121		0.21342		0.0246753		
0.169585		0.360369		0.201843		0.268203		
0.0013853		0.996352		0.00140579		0.000857343		
0.217633		0.12529		0.335499		0.321578		
8.28113e-05		0.000569196		0.998672		0.000676117		
0.00063682		0.997461		0.000918938		0.000983305		
0.168294		0.252279		0.291341		0.288086		
0.279136		0.333741		0.134882		0.252241		
0.190074		0.291695		0.297434		0.220797		
0.195644		0.283547		0.147025		0.373785		
0.06491		0.251928		0.62018		0.062982		
0.996223		0.00153819		0.00162519		0.000613962		
0.215287		0.212739		0.255626		0.316348		
0.997504		0.000242821		0.0015927		0.000660577		
0.000499019		0.000607403		0.998148		0.000745141		
0.000232418		0.000894669		0.000974475		0.997898		
0.268195		0.296943		0.291849		0.143013		
0.000219335		0.000175899		0.000167266		0.999437		
0.346422		0.026178		0.354276		0.273124		
1.22041e-05		4.53957e-05		4.90015e-06		0.999938		
0.440081		0.267434		0.1652		0.127285		
0.333605		0.145647		0.3214		0.199349		
0.290057		0.0242143		0.341061		0.344668		
0.353366		0.217804		0.0881157		0.340714		
0.315297		0.262191		0.218771		0.203741		
0.318634		0.25083		0.186344		0.244192		
0.00187344		0.996512		0.000262435		0.0013524		
0.527582		0.139085		0.248826		0.084507		
0.00246808		0.000131436		0.00125595		0.996145		
0.25533		0.329693		0.0296412		0.385335		
0.996711		0.00100515		0.000846929		0.00143699		
0.335573		0.113439		0.257708		0.293281		
0.470532		0.110685		0.413512		0.00527072		
6.46715e-05		0.000143269		0.000182685		0.999609		
0.0801503		0.490294		0.159674		0.269881		
0.304765		0.287967		0.126157		0.281111		
0.0625337		0.19407		0.264151		0.479245		
0.998676		0.000370303		0.00036945		0.000584465		
0.999938		3.80966e-05		7.14006e-06		1.72633e-05		
0.996984		0.000595766		0.00164887		0.000770991		
0.000365706		0.00155514		0.000223685		0.997855		
0.233002		0.0374332		0.358671		0.370894		
0.141287		0.591052		0.21978		0.0478807		
0.0549542		0.621149		0.25562		0.0682764		
0.0652009		0.440485		0		0.494314		
0.183206		0.201996		0.173224		0.441574		
0.000362954		0.00024931		0.000153361		0.999234		
0.000949984		0.997668		0.000786576		0.000595471		
0.000554395		0.00112071		0.997371		0.000953798		
0.00010248		0.00126666		0.00203321		0.996598		
0.342725		0.302782		0.24572		0.108773		
0.00176717		0.000306446		0.996902		0.00102404		
0.433384		0.0744093		0.138763		0.353444		
0.000202828		0.999234		0.000110953		0.000451844		
0.996934		0.000187677		0.00198575		0.000892981		
0.338596		0.277544		0.286316		0.0975439		
0.195812		0.362544		0.189608		0.252036		
0.317102		0.0724466		0.483967		0.126485		
8.51535e-05		0.99877		0.00106655		7.8767e-05		
0.279926		0.188679		0.240334		0.291061		
0.115413		0.00219138		0.294375		0.58802		
0.000248243		0.998563		0.00062157		0.000567687		
0.510394		0.235777		0.0640044		0.189825		
0.128564		0.0871436		0.474449		0.309844		
0.338959		0.453821		0.154712		0.0525082		
0.133751		0.410928		0.354582		0.10074		
0.0537374		0.214949		0.352323		0.37899		
0.123077		0.454872		0.3		0.122051		
0.304253		0.0746528		0.266059		0.355035		
0.425435		0.187557		0.0150961		0.371912		
0.996633		0.00206485		0.00129559		6.74787e-06		
0.475		0.0457317		0.291463		0.187805		
0.220498		0.303501		0.150487		0.325514		
1.26567e-05		0.999961		1.0085e-05		1.63209e-05		
0.999516		0.000141862		0.000225845		0.000116668		
0.187562		0.335143		0.357848		0.119447		
0.00066341		0.000171435		0.998504		0.000661249		
0.00152506		0.0011613		0.997199		0.000114422		
0.371648		0.150064		0.0159642		0.462324		
0.380304		0.270533		0.309459		0.0397042		
0.50623		0.294426		0.095082		0.104262		
0.996777		0.000638508		0.00112191		0.00146224		
0.485777		0.153173		0.350839		0.0102115		
0.344374		0.126644		0.467121		0.0618607		
0.297475		0.391877		0.164654		0.145993		
0.181759		0.205381		0.133202		0.479659		
0.000193669		0.998723		0.00105974		2.39366e-05		
4.24034e-06		0.000153809		0.00013492		0.999707		
0.201656		0.275166		0.229139		0.29404		
0.144762		0.403333		0.17619		0.275714		
0.201293		0.405817		0.165743		0.227147		
0.000512195		0.00131463		0.000798171		0.997375		
0.348298		0.105081		0.0670942		0.479526		
0.586777		0.213605		0.0254291		0.174189		
0.00095057		0.0998099		0.0541825		0.845057		
0.99859		0.00040695		0.000532776		0.00047043		
0.304801		0.0703387		0.37179		0.25307		
0.99982		9.05529e-05		8.42251e-05		4.90949e-06		
0.000633011		0.996148		0.00186337		0.00135518		
0.223901		0.245049		0.306814		0.224236		
0.00131192		0.996203		0.00101201		0.00147295		
0.364802		0.104312		0.0664336		0.464452		
0.222275		0.228011		0.137189		0.412524		
0.291667		0.3949		0.090796		0.222637		
0.290419		0.394782		0.106074		0.208725		
5.26456e-05		0.00054693		0.998957		0.000443393		
6.11522e-05		0.000333891		0.000370582		0.999234		
0.997168		0.000967224		0.000882108		0.000982699		
0.0386715		0.342129		0.366697		0.252502		
0.134539		0.116895		0.314513		0.434054		
0.998777		0.0006533		0.000530122		3.92345e-05		
0.00171079		0.996609		0.000503175		0.00117666		
0.248779		0.308632		0.162459		0.28013		
0.000616429		0.000482359		0.00134652		0.997555		
0.103994		0.360965		0.201206		0.333836		
0.00158818		0.000731664		0.00150828		0.996172		
0.00124082		0.00180416		0.000369088		0.996586		
0.000365347		0.999375		5.93629e-05		0.00020029		
0.000366904		0.00177976		0.996832		0.00102131		
0.000985889		0.997754		0.000418693		0.000841512		
0.21681		0.343103		0.380172		0.0599138		
0.228062		0.396058		0.148287		0.227593		
0.170469		0.26462		0.32808		0.236831		
0.320093		0.0268692		0.41472		0.238318		
0.37844		0.31078		0.291284		0.0194954		
0.000134354		0.000169149		2.07162e-05		0.999676		
0.1985		0.144836		0.174264		0.4824		
0.999453		4.28501e-06		0.000335302		0.000207288		
0.292915		0.252021		0.330005		0.125059		
0.000678668		0.997109		0.000835069		0.00137689		
0.998211		0.00012868		0.0012356		0.000424781		
0.417995		0.233485		0.303531		0.0449886		
0.0876289		0.428772		0.165417		0.318182		
0.246717		0.227021		0.237042		0.289219		
0.0946538		0.233129		0.389132		0.283085		
0.996633		0.00117165		0.00105554		0.00113999		
0.000423958		0.999141		0.000241542		0.000193875		
0.998871		5.44123e-05		0.000568041		0.000506453		
0.000878263		0.000963817		0.997441		0.000716513		
0.324623		0.0934959		0.529036		0.0528455		
0.000721637		0.00203644		0.000792707		0.996449		
0.000148997		0.00257848		0.996246		0.00102643		
0.0293367		0.165816		0.354592		0.450255		
0.319078		0.336556		0.153589		0.190777		
0.234836		0.326656		0.3734		0.0651085		
0.996746		0.00172197		0.000687033		0.000844905		
0.00160444		0.00113125		0.996676		0.000588522		
0.0248195		0.437726		0.392148		0.145307		
3.75141e-05		9.32784e-05		0.999496		0.000373114		
0.448198		0.451201		0.0863363		0.0142643		
0.999461		8.28564e-05		0.000240879		0.000215327		
0.231728		0.211379		0.387043		0.16985		
0.517994		0.252507		0.142773		0.0867257		
0.131889		0.00990712		0.498452		0.359752		
0.318712		0.00373308		0.317779		0.359776		
0.348066		0.206077		0.445304		0.000552486		
0.484615		0.250769		0.127179		0.137436		
0.258527		0.408799		0.107761		0.224913		
6.22214e-06		0.000130299		0.999559		0.000304885		
0.000786717		0.000600201		0.997777		0.000835738		
0.267016		0.199476		0.427749		0.105759		
0.18664		0.353635		0.358546		0.101179		
0.280276		0.230719		0.303905		0.1851		
0.108696		0.138716		0.0351967		0.717391		
0.000968221		0.000917582		0.997188		0.000926697		
0.349515		0.26491		0.17522		0.210356		
0.996523		0.00105682		0.00107868		0.00134106		
0.355124		0.405035		0.0357774		0.204064		
0.498094		0.246506		0.0247776		0.230623		
0.0778175		0.33542		0.240608		0.346154		
0.000923335		0.000654452		0.997652		0.000769869		
0.000868766		0.000175538		0.998277		0.000678352		
0.996691		0.000754006		0.00161797		0.000936617		
