0.233038		0.240905		0.215995		0.310062		
0.997539		0.00112737		0.000301364		0.0010322		
0.998699		0.000367279		0.000360546		0.000572956		
0.366191		0.246843		0.204073		0.182892		
0.996309		0.000428761		0.000832152		0.00243049		
0.065704		0.322022		0.033213		0.579061		
0.04		0.0701754		0.407719		0.482105		
0.000217907		0.00180521		0.996652		0.00132454		
0.214733		0.270101		0.265286		0.24988		
0.999387		0.000126836		1.74946e-05		0.000468951		
0.198451		0.28364		0.335915		0.181994		
0.00148301		0.000543215		0.996902		0.00107143		
0.156815		0.411339		0.361279		0.0705669		
0.0012271		0.000661548		0.000853542		0.997258		
0.142579		0.181465		0.2035		0.472456		
0.352874		0.291207		0.235249		0.12067		
0.998969		0.000543324		0		0.000487926		
0.99652		0.00187879		0.000594908		0.00100677		
0.317454		0.195884		0.148628		0.338034		
0.198795		0.33494		0.355422		0.110843		
0.00200541		0.000399679		0.996602		0.000993353		
0.0894207		0.467254		0.187657		0.255668		
0.265789		0.249342		0.187171		0.297697		
0.302057		0.275921		0.37832		0.0437018		
0.99973		8.50376e-05		0.000100614		8.38799e-05		
0.000859181		0.000817114		0.000327611		0.997996		
0.00153899		0.996676		0.000289978		0.00149525		
0.000796283		0.998137		0.000631671		0.000435328		
0.000704092		0.997883		0.000882571		0.000530525		
0.00036117		0.998793		0.000338778		0.000507083		
0.436703		0.258197		0.0163934		0.288707		
0.000529953		0.000295497		0.998855		0.000319081		
0.258481		0.316003		0.284661		0.140855		
0.000711034		0.00029329		0.998402		0.000593332		
0.499112		0.172291		0.0301954		0.298401		
0.303581		0.536088		0.0501377		0.110193		
0.99743		0.00099601		0.000618437		0.000955865		
0.179185		0.354077		0.129292		0.337446		
0.0926276		0.379017		0.0907372		0.437618		
0.229983		0.170358		0.397785		0.201874		
0.311383		0.248354		0.362183		0.0780809		
0.397519		0.0821028		0.00472534		0.515653		
0.012766		0.32695		0.242553		0.41773		
0.00109349		0.00112438		0.000793858		0.996988		
0.000413388		0.000700744		0.996816		0.00206946		
0.996758		3.97921e-05		0.00155881		0.00164358		
0.291233		0.0503472		0.356337		0.302083		
0.364076		0.24989		0.0136144		0.37242		
0.000644799		0.998543		0.000441741		0.000370492		
0.36518		0.285775		0.0624204		0.286624		
0.000563357		0.998785		0.000500886		0.0001506		
0.998156		0.000669368		0.00108623		8.81534e-05		
0.214314		0.295268		0.204928		0.285491		
7.37491e-05		0.00117999		0.997832		0.000914234		
0.275373		0.172818		0.200852		0.350958		
0.0282363		0.288445		0.367072		0.316247		
0.000959556		0.997258		0.00178053		2.09968e-06		
0.99884		0.00039861		0.000331916		0.00042963		
0.0792254		0.316021		0.0360915		0.568662		
0.194409		0.39828		0.154839		0.252473		
0.482346		0.287585		0.0250569		0.205011		
7.43019e-05		0.999766		9.5246e-05		6.48271e-05		
0.126482		0.0711462		0.545455		0.256917		
0.324956		0.378141		0.188778		0.108124		
0.997008		0.000735814		0.000746688		0.00150969		
0.00111016		0.997305		0.00103773		0.00054742		
0.000498466		0.996918		0.0018915		0.000692066		
0.000421274		0.000466346		1.86298e-05		0.999094		
0.137645		0.116915		0.0704809		0.674959		
0.000840565		0.000241193		0.997566		0.00135184		
9.47125e-08		1.39765e-06		0.999996		2.41389e-06		
0.00145903		0.996332		0.000114783		0.00209416		
4.96356e-06		0.000766871		0.000618791		0.998609		
0.183323		0.371969		0.178001		0.266706		
0.0668994		0.155905		0.401396		0.3758		
0.00123512		0.0019303		0.996652		0.000182231		
0.998418		0.000285666		0.000540282		0.000756084		
0.000269069		0.00183049		0.000794977		0.997105		
0.448829		0.181874		0.345253		0.0240444		
0.284722		0.278439		0.328042		0.108796		
0.000718702		0.000962953		0.000982407		0.997336		
0.00115684		0.000733145		0.99707		0.00103971		
0.000495149		0.999207		0.000180885		0.000116935		
0.285168		0.282492		0.250765		0.181575		
0.201133		0.306657		0.339943		0.152266		
0.000214427		0.000423838		0.000549234		0.998812		
4.17615e-05		0.00081769		3.50797e-05		0.999105		
0.00122967		0.996727		0.000671038		0.00137273		
0.266076		0.38429		0.0458221		0.303812		
0.999504		0.000196556		0.000176977		0.000122561		
0.290225		0.115968		0.236187		0.35762		
0.000107151		6.00043e-05		0.000141439		0.999691		
0.9975		0.000254461		0.000789822		0.00145572		
0.000770481		0.00150639		0.00112938		0.996594		
0.0467213		0.347541		0.0540984		0.551639		
0.35541		0.0727612		0.295709		0.276119		
0.263528		0.127196		0.290232		0.319044		
0.00055195		0.0017597		0.996238		0.00145007		
0.216564		0.300926		0.148663		0.333848		
0.446886		0.214744		0.33196		0.00641026		
5.07351e-05		0.000332872		0.999477		0.000139831		
0.171569		0.177015		0.45207		0.199346		
0.000648517		0.000698403		7.10496e-05		0.998582		
0.424906		0.272453		0.0596226		0.243019		
0.000925159		0.000559344		0.00110925		0.997406		
0.132667		0.204		0.441333		0.222		
0.0764936		0.274707		0.243439		0.40536		
0.999555		0.000242982		7.66824e-05		0.000125648		
0.999902		6.0542e-05		2.81778e-05		8.93639e-06		
0.000562373		0.998324		0.000213158		0.000900251		
0.000807969		0.997781		0.000150703		0.00126008		
0.996859		0.0012604		0.000472851		0.00140737		
0.206335		0.450226		0.191855		0.151584		
0.0189949		0.392956		0.352196		0.235853		
0.386423		0.0385117		0.560705		0.0143603		
0.999578		0.000169838		0.000140911		0.000111125		
0.000571649		0.000709571		0.000601593		0.998117		
0.000731096		0.00104544		0.00182893		0.996395		
0.000160516		0.000251284		0.000428043		0.99916		
3.64699e-06		0.999176		0.000328229		0.000492343		
0.208408		0.386852		0.377907		0.0268336		
0.192403		0.57308		0.158547		0.0759703		
0.00166608		0.00199219		0.000146419		0.996195		
0.000108659		0.0015112		0.997309		0.00107155		
0.22246		0.0381483		0.426489		0.312902		
0.238257		0.239619		0.0272294		0.494894		
0.998996		0.000170657		0.000716758		0.000116492		
0.0856369		0.325745		0.516531		0.0720867		
0.000101759		6.13183e-05		5.56723e-05		0.999781		
0.267606		0.342052		0.154427		0.235915		
0.18232		0.213628		0.427716		0.176335		
0.13714		0.378233		0.264519		0.220107		
0.00062113		0.000606829		0.998176		0.00059626		
0.239041		0.377171		0.265509		0.11828		
0.15847		0.173602		0.331232		0.336696		
0.4		0.28631		0.229762		0.0839286		
0.00183129		0.996945		0.000987104		0.000236295		
6.13618e-05		0.000434869		0.000648301		0.998855		
5.42297e-05		0.000670224		0.99873		0.000545078		
0.0975039		0.024181		0.486739		0.391576		
0.998391		0.000767977		0.000640226		0.000201172		
0.435143		0.128205		0.0331825		0.403469		
0.491927		0.354682		0.0419806		0.11141		
0.000194959		0.999516		0.000210072		7.93438e-05		
0.263158		0.306502		0.31977		0.110571		
8.18575e-06		0.000187931		0.000217946		0.999586		
0.998336		0.000187221		0.000757694		0.000719148		
0.999672		3.3288e-05		0.000189837		0.000105		
0.163347		0.463745		0.300398		0.07251		
0.150316		0.158755		0.226793		0.464135		
0.000931592		0.000656837		0.000384228		0.998027		
0.188645		0.365201		0.101465		0.344689		
0.34		0.417447		0.033617		0.208936		
0.278327		0.29991		0.186601		0.235162		
0.00268826		0.00026469		0.996199		0.000847835		
0.313374		0.431381		0.0734266		0.181818		
0.997457		0.000861511		1.70035e-05		0.00166445		
0.228608		0.101533		0.169221		0.500639		
0.000221982		0.000327547		0.000411408		0.999039		
0.0642276		0.291057		0.31626		0.328455		
0.999848		3.61086e-06		5.62262e-05		9.25067e-05		
0.00133287		0.000228402		0.998066		0.000372326		
0.204766		0.19063		0.25525		0.349354		
0.106638		0.277944		0.252248		0.363169		
0.998473		0.000426704		0.000524986		0.000575654		
0.170765		0.237705		0.153689		0.437842		
0.999039		0.00038221		0.000328072		0.000250656		
0.000535865		0.998211		0.000254055		0.000999142		
0.0562466		0.371011		0.381828		0.190914		
0.271389		0.184913		0.50782		0.0358786		
0.164806		0.590282		0.237032		0.00787919		
0.0365269		0.141916		0.473653		0.347904		
0.0784452		0.203534		0.311661		0.40636		
0.996488		0.00194426		0.000798803		0.000768659		
0.00138622		0.00107817		0.000766071		0.99677		
0.00100827		0.000410375		0.997133		0.00144854		
0.00105103		0.996625		0.00125933		0.00106464		
0.520922		0.374166		0.0157671		0.0891449		
0.000622115		0.00168974		0.0014108		0.996277		
0.100404		0.343592		0.433905		0.122099		
0.997094		0.000185584		0.00177419		0.00094648		
0.415573		0.0592467		0.16716		0.358019		
0.997973		0.000219448		0.000553724		0.00125417		
0.000667882		0.000394051		0.996824		0.00211385		
0.99625		0.00188978		0.000335726		0.00152449		
0.271743		0.158787		0.30747		0.261999		
0.000931713		0.997336		5.66822e-05		0.00167567		
0.000233657		0.000304636		0.00030155		0.99916		
0.000512267		0.0020173		0.997367		0.000103248		
0.00122829		0.998074		0.000399194		0.000298299		
0.996469		0.00103295		0.000751237		0.00174706		
0.0687616		0.308318		0.326802		0.296118		
0.198009		0.448562		0.231195		0.122235		
0.060321		0.50083		0.364139		0.0747095		
0.108679		0.502737		0.0860047		0.30258		
0.998629		0.000285159		0.000752353		0.000333582		
0.00125206		0.996926		0.000800606		0.00102156		
0.000634305		0.996977		0.00154257		0.000846563		
0.0193172		0.41195		0.342318		0.226415		
0.00111426		0.00112164		0.000779733		0.996984		
0.000866127		0.0011456		0.997457		0.000531241		
0.000585169		0.000436781		0.000239768		0.998738		
0.358708		0.0542099		0.237024		0.350058		
0.000659672		0.000668206		0.000187746		0.998484		
0.149869		0.0219321		0.344648		0.483551		
0.997766		0.000948261		0.00031656		0.000969554		
0.210547		0.190172		0.259688		0.339592		
0.312361		0.322624		0.214636		0.150379		
0.225176		0.039484		0.372557		0.362783		
0.241966		0.0500945		0.258034		0.449905		
0.00172859		0.00152341		0.996437		0.000310493		
0.000729766		0.000700704		0.00150312		0.997066		
0.176788		0.629555		0.122132		0.071525		
0.374586		0.388659		0.133278		0.103477		
0.207556		0.272326		0.390088		0.130029		
0.336775		0.353455		0.253773		0.0559968		
0.000991103		0.998008		0.000679699		0.000321385		
0.373928		0.331904		0.227702		0.0664666		
0.189119		0.11399		0.370466		0.326425		
0.282225		0.0992723		0.205821		0.412682		
0.0790934		0.324237		0.395005		0.201665		
0.038381		0.473133		0.106071		0.382415		
0.00553797		0.392801		0.326741		0.274921		
0.26808		0.267209		0.230322		0.234389		
0.408182		0.433182		0.0745455		0.0840909		
0.0878428		0.26983		0.277242		0.365085		
0.0011829		0.996848		2.8751e-05		0.00194069		
0.0305987		0.276718		0.419069		0.273614		
0.433996		0.434901		0.127939		0.00316456		
0.00116624		0.00100908		8.27119e-06		0.997816		
0.000429705		0.000438209		0.00037818		0.998754		
0.210526		0.250337		0.274629		0.264507		
0.326728		0.351387		0.0863056		0.235579		
0.296564		0.173599		0.302351		0.227486		
0.00121528		0.996883		0.0011849		0.000717014		
0.101898		0.418581		0.040959		0.438561		
0.24702		0.302918		0.158241		0.291821		
0.999965		2.84084e-05		4.89218e-06		1.85566e-06		
0.000129734		0.000560364		0.000462246		0.998848		
0.000650792		0.998633		0.000438235		0.000278161		
0.000207191		0.00063757		0.998902		0.000252895		
0.000509014		0.997207		0.00132873		0.000955228		
0.998121		0.000976271		0.000801683		0.000100953		
0.117967		0.172868		0.377495		0.33167		
0.484462		0.0278884		0.476494		0.0111554		
0.998238		0.000750423		0.000812589		0.000198707		
1.86886e-05		0.00170066		0.00188221		0.996398		
0.331583		0.212303		0.249812		0.206302		
0.177645		0.332866		0.231605		0.257884		
0.998461		0.000547486		0.000543248		0.000448328		
0.104595		0.237637		0.355799		0.301969		
0.199106		0.314913		0.164974		0.321008		
0.129808		0.383173		0.329808		0.157212		
6.83486e-05		0.000184862		0.9995		0.000246789		
0.00104845		0.000377667		0.0013317		0.997242		
0.277812		0.178116		0.255927		0.288146		
0.00174139		0.997121		0.000633961		0.000503558		
0.040366		0.212056		0.372443		0.375135		
0.298425		0.0188976		0.00629921		0.676378		
0.000102588		0.000366259		0.000144434		0.999387		
0.385892		0.407331		0.0525588		0.154219		
3.13436e-05		0.999941		7.52401e-06		1.97262e-05		
0.227674		0.453693		0.0931643		0.225469		
0.00171921		0.996426		0.00132336		0.000531654		
0.25961		0.0245125		0.172145		0.543733		
0.437777		0.388588		0.163305		0.0103296		
0.000240858		0.000419756		0.998934		0.000405793		
0.167845		0.387515		0.325088		0.119552		
0.170145		0.328494		0.377495		0.123866		
0.200702		0.154386		0.0680702		0.576842		
0.318277		0.075747		0.296039		0.309937		
0.41108		0.0188366		0.505817		0.0642659		
0.000369112		0.000345331		0.99927		1.60259e-05		
0.000617656		0.998805		0.000473474		0.000104183		
0.330508		0.167797		0.375141		0.126554		
0.112757		0.321548		0.361682		0.204013		
0.325659		0.210544		0.277945		0.185853		
0.00116203		0.0013166		0.000908093		0.996613		
0.000807834		0.0007966		0.997391		0.00100494		
0.000741172		0.998266		0.000655592		0.00033761		
0.759821		0.00535714		0.157143		0.0776786		
0.00164061		0.000692173		0.996352		0.00131566		
0.408072		0.111609		0.335825		0.144494		
0.996172		0.0027306		3.30581e-06		0.00109422		
0.367876		0.148375		0.211493		0.272256		
0.305328		0.169262		0.120902		0.404508		
0.255569		0.20125		0.275107		0.268073		
0.565347		0.30396		0.0623762		0.0683168		
9.39968e-05		0.999082		0.000584647		0.000239325		
0.104829		0.108952		0.279152		0.507067		
0.997625		0.00121161		0.00108101		8.23816e-05		
0.00159706		0.996285		0.00132042		0.000797366		
0.518242		0.0240464		0.295191		0.162521		
0.000436028		0.996984		0.0010099		0.0015697		
6.58871e-05		0.999078		0.000417104		0.000438884		
0.997551		0.00106805		0.000299669		0.0010815		
0.000192625		0.000429889		0.000147016		0.99923		
0.000477387		0.000308808		0.999105		0.000108336		
0.161884		0.182999		0.409312		0.245804		
0.334842		0.0512821		0.469583		0.144294		
0.425791		0.0565693		0.104015		0.413625		
0.0448864		0.475		0.181818		0.298295		
0.246199		0.116132		0.263514		0.374155		
0.077271		0.280437		0.334715		0.307576		
0.232515		0.0705521		0.39816		0.298773		
0.431592		0.190299		0.028607		0.349502		
0.00050985		0.999039		0.000443598		7.48932e-06		
0.0012869		0.996684		0.000791127		0.00123838		
0.34428		0.111758		0.228814		0.315148		
0.000372374		0.00134664		0.000343482		0.997938		
0.48998		0.0531062		0.268537		0.188377		
0.000630632		0.997488		0.00160361		0.000277478		
0.25721		0.0654716		0.341777		0.335542		
0.347412		0.0977226		0.395859		0.159006		
0.999348		0.000220358		0.000247605		0.000184381		
0.999344		0.000103829		0.000385142		0.000167279		
0.353111		0.408828		0.142547		0.0955137		
0.00163042		0.000403837		0.997863		0.000102466		
0.161909		0.399197		0.348796		0.0900981		
0.00120127		0.000429264		0.00125618		0.997113		
0.999242		0.000354461		0.000273103		0.000130249		
0.591024		0.0442478		0.0973451		0.267383		
0.00033092		0.000222088		0.000821992		0.998625		
0.217098		0.177165		0.184477		0.42126		
0.167169		0.457831		0.0707831		0.304217		
0.0752488		0.28607		0.620647		0.0180348		
0.277197		0.588814		0.0454825		0.0885065		
0.00453172		0.284995		0.31571		0.394763		
0.998707		0.000483367		0.00030334		0.000506261		
0.000365926		0.998746		0.000294135		0.000593846		
0.00130077		0.00095773		0.000577432		0.997164		
1.89967e-05		0.000884402		0.997594		0.00150285		
0.451852		0.091358		0.219259		0.237531		
0.999105		0.000186267		0.00034587		0.000362394		
0.381725		0.0687447		0.321093		0.228437		
1.39258e-05		0.000482583		0.000183178		0.99932		
0.00135531		0.00130998		0.00073315		0.996602		
0.000819226		0.997621		0.00137588		0.000183801		
0.000635151		0.000687696		0.998602		7.55912e-05		
0.00140176		0.997223		0.000366387		0.0010092		
0.997598		0.00131955		0.00101176		7.10286e-05		
0.000450054		0.00133179		0.000194717		0.998023		
0.00123334		0.000545633		0.00194369		0.996277		
0.42731		0.177752		0.150677		0.244261		
0.00023858		0.00119505		0.997305		0.00126168		
0.154052		0.294746		0.268923		0.28228		
0.336422		0.129009		0.248753		0.285816		
0.000348555		3.96085e-05		0.00329543		0.996316		
0.448856		0.045773		0.0462401		0.459131		
0.000553345		0.000749965		0.000263096		0.998434		
0.134625		0.0963794		0.283529		0.485467		
0.124159		0.131402		0.351785		0.392654		
0.000732962		0.998457		2.60285e-05		0.000783978		
0.205389		0.337014		0.183746		0.273852		
0.996617		0.000215536		0.000153432		0.00301384		
0.000329688		0.00110863		0.00103434		0.997527		
0.512538		0.195587		0.188566		0.10331		
0.00018529		0.000324257		0.000353735		0.999137		
0.447297		0.191441		0.154955		0.206306		
0.000128726		0.000204041		0.999563		0.000104733		
0.998547		0.000734131		0.000387068		0.000331927		
0.265479		0.466497		0.118745		0.149279		
0.99734		0.000749494		0.00123366		0.000677006		
0.00152918		0.000497389		0.00137187		0.996602		
4.46918e-05		0.999902		4.32654e-05		9.69906e-06		
0.247604		0.104633		0.138179		0.509585		
0.000650923		0.997926		0.000267465		0.00115583		
0.367461		0.300558		0.329448		0.00253421		
0.343988		0.324201		0.283866		0.0479452		
0.348006		0.15635		0.441999		0.0536451		
0.998242		0.000819581		0.00090134		3.68911e-05		
8.4712e-05		3.52073e-05		0.999863		1.67994e-05		
0.0159119		0.392901		0.378213		0.212974		
0.332743		0.20649		0.427139		0.0336283		
0.188235		0.262418		0.239542		0.309804		
0.0513699		0.180822		0.465753		0.302055		
0.000471284		0.000500216		7.5375e-05		0.998953		
0.000111949		0.999141		0.000365481		0.000381944		
0.000450264		0.000327289		0.000425572		0.998797		
0.258864		0.322203		0.30568		0.113253		
0.000995543		0.997574		7.29558e-05		0.00135728		
0.195141		0.242135		0.380725		0.181999		
0.364977		0.343797		0.221256		0.0699697		
5.5795e-05		0.000225674		0.000269312		0.999449		
0.999977		1.32698e-06		1.10122e-05		1.10983e-05		
0.277989		0.307717		0.144529		0.269766		
0.000881813		0.998188		0.000158061		0.000772626		
0.000545833		0.998203		0.000599428		0.000651614		
0.996238		0.00120148		0.000427995		0.00213224		
5.48174e-05		0.999883		5.61574e-05		6.21264e-06		
0.997785		0.000880229		0.00101837		0.000316243		
0.000649852		0.00196368		0.996691		0.000695059		
0.168962		0.237151		0.294928		0.298959		
0.207697		0.130727		0.0574221		0.604154		
0.997605		0.000667538		0.000747782		0.000979211		
0.239627		0.399661		0.155377		0.205334		
0.000147801		0.999461		0.000175186		0.000216075		
0.00226579		6.79121e-05		0.000388951		0.997277		
0.99648		0.00154765		0.000994322		0.000977554		
0.00142162		0.000577037		0.000274779		0.997727		
0.000575768		0.999059		0.000345075		2.05631e-05		
0.489888		0.391011		0.0831461		0.0359551		
0.0422078		0.580087		0.0411255		0.33658		
0.000111341		0.999762		8.44473e-05		4.24926e-05		
0.412836		0.337278		0.0268548		0.223031		
0.000562506		0.998461		0.000454139		0.000522417		
0.377278		0.439247		0.181652		0.0018226		
0.110127		0.294937		0.268987		0.325949		
0.158883		0.281218		0.0852792		0.474619		
0.407313		0.148384		0.394983		0.0493197		
0.123279		0.137049		0.295082		0.44459		
0.126444		0.173941		0.107831		0.591784		
0.229673		0.286695		0.437698		0.0459345		
0.000853751		0.99782		0.00117331		0.000152626		
0.000951967		0.00075054		0.997465		0.00083265		
0.000194697		0.000784581		0.998883		0.00013791		
0.0655402		0.0762929		0.511521		0.346646		
0.175932		0.203051		0.297627		0.32339		
5.43989e-05		0.99977		8.55434e-05		9.05265e-05		
0.315581		0.259014		0.225935		0.199471		
0.22292		0.282575		0.244375		0.250131		
0.192345		0.313469		0.244186		0.25		
0.00152951		0.00139065		0.996156		0.000923594		
0.000333318		0.998984		0.000455072		0.000227235		
0.000776855		0.000787196		0.000389074		0.998047		
0.99748		0.00130337		0.00016734		0.00104882		
0.997855		0.000819391		0.00107423		0.000250914		
0.00163117		0.997543		0.000609974		0.00021589		
0.328066		0.253865		0.243559		0.17451		
0.000384905		0.000873268		0.998289		0.000452764		
0.0564675		0.0938936		0.625082		0.224557		
0.173933		0.365028		0.0320037		0.429035		
0.312826		0.307606		0.332588		0.0469799		
0.000124895		0.000639799		0.998605		0.000629838		
0.00127566		0.000547829		0.000418698		0.997758		
7.61618e-05		0.000168984		0.999539		0.000215792		
0.296989		0.360456		0.29943		0.0431245		
0.000207571		0.000262292		0.000147325		0.999383		
0.265957		0.00839866		0.218365		0.507279		
0.999117		0.000324482		7.61132e-05		0.000482217		
0.997762		0.00189719		0.000107059		0.000234036		
0.000751874		0.00041754		0.998168		0.000662617		
1.37895e-05		9.15418e-06		0.999961		1.61188e-05		
0.000319086		0.998809		0.00051421		0.000358111		
0.167635		0.0381743		0.626556		0.167635		
0.997195		0.000242941		0.000699197		0.00186255		
0.251651		0.189053		0.31079		0.248506		
0.252454		0.311828		0.0140252		0.421692		
0.222302		0.231237		0.344889		0.201573		
0.245995		0.349591		0.222499		0.181915		
0.379817		0.416972		0.18945		0.0137615		
0.265531		0.309511		0.320506		0.104453		
0.000137506		2.69619e-05		0.999602		0.00023397		
0.316586		0.257649		0.140741		0.285024		
0.0310037		0.280084		0.361009		0.327903		
0.000652631		0.000835876		0.997148		0.00136306		
0.268593		0.203317		0.0139112		0.514179		
0.997699		0.000504655		0.000555618		0.00124051		
0.000329501		0.998992		0.000414212		0.000264099		
0.0768072		0.232681		0.303464		0.387048		
8.47393e-05		0.000455474		0.998273		0.00118635		
0.000117735		0.000148427		0.000190869		0.999543		
0.41775		0.00537875		0.205289		0.371582		
0.000175419		0.00054528		0.000283207		0.998996		
0.999293		0.00019499		0.000328948		0.000183094		
0.999414		0.000233076		0.000116944		0.000235918		
0.000377366		0.997125		0.00088286		0.00161477		
0.000293799		0.00163688		0.997457		0.000612288		
0.00074948		0.000920651		0.998309		2.12756e-05		
0		0		0		1		
0.000820274		0.996633		0.00104268		0.00150423		
0.000519727		0.996535		0.000930037		0.00201508		
0.367546		0.12844		0.0682339		0.43578		
0.998563		0.000557922		0.000724553		0.000155025		
0.308222		0.20055		0.336085		0.155143		
0.000637425		0.000778315		0.00134598		0.997238		
0.178144		0.482036		0.218064		0.121756		
0.363246		0.300129		0.261056		0.0755689		
0.00123802		0.000199945		0.00181594		0.996746		
0.000171529		0.999617		1.86498e-05		0.000192633		
0.0257157		0.285784		0.319748		0.368753		
0.000879087		0.998137		0.000946929		3.72656e-05		
0.000243279		0.0005567		0.000871897		0.998328		
0.0007222		0.00105635		0.996863		0.00135817		
0.00137005		0.00150915		0.997023		9.73642e-05		
0.411795		0.35334		0.0375783		0.197286		
9.42595e-05		0.00049472		0.999277		0.000133677		
0.00176852		0.996465		0.000356724		0.00140991		
0.00111449		0.997957		0.00030691		0.000621571		
0.240142		0.317229		0.205684		0.236945		
0.000990905		0.997723		0.000431131		0.000855308		
0.00203534		0.000159439		0.99707		0.000734913		
0.300092		0.20868		0.434441		0.0567867		
0.352855		0.162518		0.480966		0.00366032		
0.000810608		0.000163477		0.000494666		0.998531		
1.34961e-05		0.000245006		0.000229779		0.999512		
0.000715827		0.000247681		0.998313		0.000723992		
0.291423		0.403021		0.184698		0.120858		
0.295515		0.318382		0.318382		0.0677221		
0.000684792		0.000497616		0.000305874		0.998512		
0.311905		0.31		0.315238		0.0628571		
0.997262		0.00100994		0.00104185		0.000686496		
0.000790179		0.00201805		0.996773		0.00041833		
0.114806		0.162187		0.30205		0.420957		
5.53068e-05		0.000247856		0.998488		0.00120856		
0.236105		0.266531		0.401217		0.096146		
3.02246e-06		0.999988		3.78614e-06		4.91015e-06		
8.06865e-06		0.999988		2.89767e-06		7.52433e-07		
0.000198015		0.000668028		0.00188005		0.997254		
0.997719		0.000884076		0.000691795		0.00070538		
0.306443		0.104008		0.457128		0.13242		
0.000659752		0.998082		0.000254768		0.00100345		
0.193366		0.269822		0.38835		0.148463		
0.0869565		0.254133		0.538273		0.120637		
0.996207		0.00228801		0.0012488		0.000256164		
0.15896		0.0595376		0.43815		0.343353		
0.234201		0.368773		0.238662		0.158364		
0.245685		0.115736		0.559391		0.0791878		
0.0156672		0.402485		0.367369		0.214479		
0.456413		0.450861		0.0821766		0.0105497		
0.000768509		0.000793158		0.000278177		0.99816		
0.000204085		0.000380341		0.00147807		0.997938		
0.000902001		0.000918677		0.000597291		0.997582		
0.999387		0.000213732		0.000147505		0.000252045		
0.422955		0.0858563		0.446001		0.0451875		
0.27709		0.143963		0.397833		0.181115		
0.387374		0.277778		0.185354		0.149495		
0.238462		0.23022		0.082967		0.448352		
0.000691319		0.00138462		0.0016389		0.996285		
0.288882		0.31734		0.131039		0.26274		
0.000253934		0.998703		0.000979458		6.34834e-05		
0.000181024		9.69774e-05		0.997582		0.00213997		
0.000363891		0.00108515		0.998445		0.000105646		
0		0.239329		0.372967		0.387703		
0.256217		0.307919		0.221204		0.21466		
7.43886e-06		0.000234634		0.999715		4.30834e-05		
0.00038114		0.000101093		0.000259954		0.999258		
0.0753749		0.168903		0.384373		0.37135		
0.000509024		0.999012		0.000107163		0.000372094		
0.000203919		0.999523		0.000226994		4.56497e-05		
0.34781		0.165333		0.34819		0.138667		
0.00209956		0.000474451		5.09924e-05		0.997375		
0.00127213		0.99716		0.00126798		0.000299731		
0.156227		0.226234		0.369197		0.248342		
0.00137971		3.50773e-05		0.00205787		0.996527		
0.329657		0.291667		0.154412		0.224265		
0.000638564		0.000319282		0.000577311		0.998465		
0.349584		0.0714681		0.380609		0.198338		
0.996246		0.000428383		0.000660027		0.0026655		
0.000404138		0.000889994		0.99723		0.0014754		
0.00114474		0.996238		0.00175467		0.000862311		
0.000366186		1.08948e-05		8.77635e-05		0.999535		
0.000260284		0.000101244		0.000126754		0.999512		
0.0822634		0.132668		0.471232		0.313837		
0.000198288		0.000257883		0.000262579		0.999281		
0.997238		0.00152081		0.000201531		0.00103938		
0.000842062		0.998457		9.41032e-05		0.000606804		
0.997832		3.62133e-05		0.00201346		0.000118297		
0.202405		0.16513		0.318236		0.314228		
0.998223		0.000712891		0.000639648		0.000424805		
0.000234247		0.000594628		0.996137		0.00303441		
0.0360404		0.11629		0.442095		0.405574		
0.229645		0.152401		0.00208768		0.615866		
0.0240964		0.0963855		0.0227577		0.85676		
0.316836		0.176065		0.289249		0.21785		
0.557351		0.146204		0.121971		0.174475		
0.365456		0.179392		0.447739		0.0074129		
0.000206185		0.999496		1.49013e-05		0.00028282		
0.000476993		0.997145		0.00200207		0.000376403		
4.79695e-05		0.99984		5.773e-05		5.44567e-05		
0.999863		3.00494e-05		4.51989e-05		6.14704e-05		
0.134158		0.240385		0.380037		0.245421		
0.996715		0.00225026		0.00102385		1.10487e-05		
0.37037		0.0972222		0.492063		0.0403439		
0.000840113		0.00137705		0.997215		0.000567989		
0.000188342		2.45569e-05		0.999703		8.39757e-05		
0.176471		0.344538		0.0280112		0.45098		
0.00163596		0.000234951		0.00149237		0.996637		
7.45759e-07		0.000665963		0.998703		0.000630166		
0.220302		0.100792		0.330454		0.348452		
0.997793		0.000391368		0.0011473		0.000668364		
0.000737882		0.997055		0.00146489		0.000742542		
0.32827		0.305907		0.302954		0.0628692		
0.306958		0.335984		0.175348		0.18171		
0.213218		0.33864		0.187651		0.260492		
0.000662379		0.000646256		0.000757772		0.997934		
0.0287134		0.308117		0.20265		0.460519		
0.00104702		0.998137		0.000528676		0.000287586		
0.000107558		0.999875		1.62306e-05		1.21124e-06		
0.281863		0.228922		0.307843		0.181373		
0.136364		0.33629		0.195492		0.331855		
0.288136		0.563945		0.136364		0.0115562		
0.00144567		0.0009342		0.000495126		0.997125		
0.000774892		9.60129e-05		0.000535345		0.998594		
0.226604		0.0254011		0.464572		0.283422		
0.399068		0.313665		0.260093		0.0271739		
0.997668		0.000634721		0.000810402		0.000886909		
0.00116141		0.0002662		0.998484		8.80179e-05		
0.000973814		0.996578		0.00160274		0.000845325		
0.00233809		0.997313		0.000100363		0.000249049		
0.996863		0.000533551		0.00058129		0.00202188		
0.54591		0.372287		0.0784641		0.0033389		
0.000146195		6.17658e-05		0.999687		0.000104539		
0.000845303		0.00010724		0.00209433		0.996953		
0.106		0.405333		0.363333		0.125333		
0.42561		0.117457		0.122064		0.334869		
0.368661		0.13111		0.324806		0.175423		
0.000273134		0.998512		0.000260175		0.000954972		
0.342839		0.451717		0.0285159		0.176928		
0.142091		0.362601		0.342493		0.152815		
0.0128205		0.487179		0.172494		0.327506		
0.274952		0.392035		0.0201536		0.31286		
0.077397		0.361571		0.335772		0.22526		
0.000388786		0.000403704		0.999012		0.000195792		
0.18355		0.217937		0.288104		0.310409		
0.0934959		0.285569		0.411585		0.20935		
0.298673		0.0889208		0.344568		0.267838		
0.259601		0.445795		0.203695		0.0909091		
0.000786682		0.000732745		0.997578		0.000902448		
3.96589e-06		0.999926		4.48712e-05		2.53817e-05		
0.99898		0.000517798		0.000128523		0.00037321		
0.999926		5.45109e-06		1.71081e-05		5.16596e-05		
0.281945		0.190039		0.270679		0.257338		
8.28912e-06		0.000149981		0.999609		0.000232355		
0.244744		0.179691		0.381198		0.194367		
0.43004		0.166191		0.395774		0.00799543		
0.225902		0.244161		0.134183		0.395754		
0.000131796		0.000833831		0.998703		0.000331248		
0.41663		0.128262		0.298098		0.15701		
0.334941		0.254652		0.110958		0.299449		
0.142857		0.158076		0.315169		0.383898		
0.00145409		0.997082		0.00124193		0.000221948		
0.188976		0.254218		0.3982		0.158605		
0.0338192		0.457143		0.0501458		0.458892		
5.48378e-05		0.999891		4.4195e-05		1.03422e-05		
0.000310172		0.00148648		0.99677		0.00143381		
0.998039		0.00150298		0.000382659		7.53025e-05		
0.000460177		0.998586		0.000498703		0.000455183		
0.248322		0.577927		0.0857569		0.087994		
0.355819		0.27929		0.095069		0.269822		
0.998715		0.00103102		0.000187895		6.62452e-05		
5.23589e-06		0.999938		2.85494e-05		2.87147e-05		
0.0654926		0.313704		0.356081		0.264722		
0.335938		0.277083		0.204687		0.182292		
0.000474948		0.000538557		0.997969		0.00101775		
0.996191		6.53135e-05		0.00124096		0.00250232		
0.996828		0.00107213		0.000996325		0.00110342		
0.00131005		0.00140277		0.997273		1.37358e-05		
0.479351		0.0848083		0.0412979		0.394543		
0.307131		0.305105		0.154376		0.233387		
0.116515		0.300912		0.491388		0.0911854		
0.251759		0.374874		0.334673		0.0386935		
0.99732		0.00120073		0.000981088		0.000497865		
0.000423902		0.0005276		0.998465		0.000583654		
0.438446		0.121594		0.0716448		0.368315		
0.466632		0.0578728		0.300313		0.175182		
0.000306425		0.999121		0.000424774		0.000147708		
0.996309		0.000714039		0.00139061		0.00158675		
0.00119499		0.000466748		0.000631234		0.997707		
0.0494822		0.162255		0.23878		0.549482		
0.245051		0.301364		0.0994281		0.354158		
0.0011008		0.996867		0.000573869		0.00145814		
0.319417		0.309223		0.0786408		0.292718		
0.391772		0.27396		0.215989		0.11828		
0.281034		0.261494		0.290805		0.166667		
0.242127		0.377914		0.0122699		0.367689		
0.409686		0.254799		0.0109075		0.324607		
0.000362975		0.000250189		0.999297		8.99606e-05		
0.332822		0.291411		0.111963		0.263804		
0.000761176		0.00099687		0.00180055		0.996441		
0.338205		0.274878		0.182672		0.204245		
0.000620583		0.998246		0.000243135		0.000890188		
0.299186		0.00239349		0.313068		0.385352		
0.347069		0.304588		0.188615		0.159728		
0.000654052		0.997523		0.000806522		0.00101599		
0.001506		0.99625		0.000585		0.001659		
0.0491803		0.336066		0.25888		0.355874		
0.203911		0.0675978		0.206704		0.521788		
0.132182		0.331336		0.194572		0.34191		
0.000354147		0.000405156		0.998949		0.000291479		
6.77384e-08		3.9627e-05		1.8899e-05		0.999941		
7.82651e-05		0.000117398		0.000144181		0.99966		
0.000370035		0.998188		0.000694024		0.000748441		
0.00021694		0.999551		9.93394e-05		0.00013294		
0.537344		0.173237		0.28527		0.00414938		
0.0185058		0.441398		0.302947		0.237149		
0.0112313		0.406822		0.387687		0.19426		
0.390698		0.185116		0.052093		0.372093		
0.319954		0.324971		0.325743		0.0293323		
0.000423072		0.998781		0.00033959		0.000456088		
0.000361954		0.000291724		0.000276009		0.99907		
0.253446		0.00530223		0.117709		0.623542		
0.999652		0.000145241		4.1985e-05		0.00016043		
0.19599		0.220569		0.270375		0.313066		
0.205274		0.186916		0.298398		0.309413		
0.000368129		9.85297e-05		9.19352e-05		0.999441		
0.0017764		0.0013443		0.000750391		0.996129		
0.00032916		0.000137447		0.000392768		0.999141		
0.997828		0.000701061		0.000426294		0.00104452		
0.388051		0.225572		0.0469012		0.339475		
2.97217e-05		6.72437e-07		0.999957		1.25746e-05		
0.999035		2.60408e-05		0.000287784		0.000651019		
0.000292639		0.000451682		5.64602e-05		0.999199		
0.222441		0.18061		0.287894		0.309055		
5.51452e-05		0.999422		0.000252948		0.000270031		
0.998234		0.000847929		5.63497e-05		0.000861346		
0.000717075		0.000672409		0.99773		0.000880047		
0.345582		0.342846		0.227522		0.08405		
0.0747525		0.316337		0.136139		0.472772		
6.98073e-05		0.000345211		0.000413106		0.999172		
0.376351		0.225		0.15473		0.243919		
0.287096		0.251751		0.175725		0.285428		
0.000317154		0.000839298		0.997777		0.0010662		
0.000829277		0.997938		0.000149698		0.00108353		
0.229573		0.264329		0.21189		0.294207		
9.15588e-05		0.000285241		0.999531		9.19501e-05		
0.996254		0.00127785		0.000485187		0.00198306		
0.0130112		0.182156		0.419145		0.385688		
0.000769505		0.99784		0.000707553		0.000683098		
0.00177608		0.00137496		0.000411455		0.996437		
0.485418		0.000494315		0.187346		0.326742		
0.998199		0.000813153		0.000672292		0.000315337		
0.435625		0.11629		0.298108		0.149977		
0.00216215		0.000995556		0.000361821		0.99648		
0.122637		0.298416		0.501277		0.0776699		
0.150781		0.132031		0.364063		0.353125		
0.00139632		0.00130529		0.000501508		0.996797		
0.142933		0.0341333		0.513067		0.309867		
0.160448		0.170149		0.51194		0.157463		
0.313338		0.204918		0.348361		0.133383		
0.441472		0.245819		0.285953		0.0267559		
0.00122706		0.00109467		0.996535		0.00114311		
0.000451741		0.000241797		0.00134943		0.997957		
0.000382755		0.000441583		8.19125e-05		0.999094		
0.000598758		0.997535		0.00126733		0.000598758		
0.999285		3.42117e-05		0.000429446		0.000251186		
0.0434298		0.184855		0.304009		0.467706		
0.996176		0.00150062		0.00101952		0.00130408		
0.0009114		0.99832		0.000611994		0.000156294		
0.428416		0.0963527		0.0326619		0.442569		
0.996543		0.000697239		0.000180275		0.00257952		
0.221725		0.102522		0.294548		0.381204		
0.000865663		0.998637		0.00045213		4.54887e-05		
0.0859488		0.323515		0.296475		0.294061		
7.59045e-05		0.000206799		0.999617		0.000100109		
0.416482		0.105893		0.112096		0.365529		
0.274031		0.130112		0.505576		0.0902815		
0.23804		0.287048		0.0933489		0.381564		
0.00180603		0.00113858		0.000137415		0.996918		
0.362195		0.272182		0.178311		0.187312		
0.310757		0.0495795		0.42718		0.212483		
0.408875		0.11252		0.347068		0.131537		
0.06571		0.248489		0.491692		0.194109		
0.999188		0.000291423		0.000282448		0.000238629		
0.255152		0.220606		0.262727		0.261515		
0.0270499		0.359256		0.401944		0.21175		
3.55071e-06		1.17609e-05		0.999977		8.12594e-06		
0.347859		0.0573394		0.362003		0.232798		
0.998922		0.000816061		9.63472e-05		0.000165717		
0.00255918		0.452335		0.0991683		0.445937		
0.996547		0.000216167		0.00142448		0.00181247		
0.00115321		0.000153634		0.997176		0.00151738		
0.286739		0.228393		0.226209		0.258658		
2.89784e-05		1.84185e-05		0.999906		4.63531e-05		
3.82574e-05		0.0012575		0.00164174		0.997062		
0.247541		0.131694		0.226776		0.393989		
0.00026948		0.000103738		0.999273		0.000353345		
0.000883042		0.997289		0.00108438		0.000743521		
0.301365		0.248673		0.227824		0.222138		
0.000554825		0.999012		3.46765e-06		0.000429989		
0.000106381		0.000275092		5.9933e-05		0.999559		
0.000395675		0.000891554		0.00120886		0.997504		
0.997723		0.000839021		0.000849918		0.000588405		
3.87926e-05		0.998445		8.05692e-05		0.00143533		
0.000715272		0.000747933		0.000622733		0.997914		
0.255117		0.341987		0.294059		0.108837		
0.125111		0.301686		0.527063		0.0461402		
0.000603403		0.000145942		0.998875		0.000375654		
0.694513		0.004914		0.0990991		0.201474		
0.217429		0.284096		0.143355		0.35512		
0.9965		0.00052535		0.00191461		0.00106004		
0.00046362		0.000696945		0.000812092		0.998027		
0.000629897		0.998414		0.000676628		0.000279413		
0.537156		0.124634		0.269163		0.0690462		
0.393595		0.153392		0.122208		0.330805		
0.000726569		0.997582		0.00113502		0.000556382		
0.000426365		0.00104951		0.00120771		0.997316		
0.164891		0.238536		0.243631		0.352941		
0.00010338		0.999324		0.000485344		8.70572e-05		
0.000611222		0.000510674		0.996457		0.00242107		
0.419383		0.121355		0.210978		0.248285		
0.00093739		0.997223		0.00115505		0.000684904		
0.000420597		1.98864e-06		0.000725852		0.998852		
0.282754		0.199112		0.175426		0.342709		
0.525685		0.00342466		0.368151		0.10274		
0.000450513		0.999109		5.52877e-05		0.000384824		
0.324221		0.154729		0.354839		0.166211		
0.000482009		0.00183502		0.996203		0.00147985		
0.138258		0.332386		0.24858		0.280777		
0.998379		0.00048535		0.000490568		0.000645176		
1.38238e-05		0.998449		0.00122781		0.000309151		
9.91927e-05		0.999695		7.78646e-06		0.000197708		
0.422526		0.358432		0.166148		0.0528936		
0.162396		0.261231		0.316805		0.259567		
0.394112		0.177113		0.312441		0.116334		
0.359905		0.476372		0.0639618		0.0997613		
0.297052		0.25941		0.0349206		0.408617		
7.51711e-05		0.000767612		0.00113769		0.99802		
0.256856		0.166362		0.280622		0.296161		
0.06399		0.492472		0.296738		0.146801		
0.123825		0.248468		0.259501		0.368206		
0.261837		0.0886926		0.313781		0.335689		
0.000601799		0.00112326		0.997879		0.000396031		
0		0.209962		0.293821		0.496217		
0.00043904		4.18134e-05		0.00100352		0.998516		
0.263772		0.161374		0.318535		0.256319		
0.340679		0.153902		0.253613		0.251806		
0.357733		0.219595		0.176426		0.246246		
0.000520455		0.000808401		1.48938e-05		0.998656		
0.13735		0.370403		0.340718		0.151529		
0.126218		0.458933		0.27703		0.137819		
0.000138142		0.00104837		0.00179396		0.99702		
0.174645		0.00157812		0.375592		0.448185		
0.00220254		0.000299307		0.997457		4.11262e-05		
0.999559		0.000157699		3.54634e-05		0.000248244		
0.459043		0.187766		0.093617		0.259574		
0.000686185		0.99698		0.00141208		0.000921267		
0.341935		0.378495		0.224516		0.0550538		
0.435233		0.245744		0.142117		0.176906		
1.37453e-05		0.000116835		0.000478795		0.999391		
9.93958e-05		0.00186608		0.997566		0.000468122		
0.000224663		0.00152943		0.997039		0.00120684		
0.000739692		0.00043535		0.000465583		0.998359		
0.00159848		9.36347e-05		0.00102664		0.997281		
8.61164e-05		4.45242e-05		2.17191e-06		0.999867		
0.274256		0.348511		0.0921191		0.285114		
0.372856		0.269476		0.164135		0.193533		
0.00017756		0.000359106		0.999148		0.000314897		
0.325378		0.263679		0.0576251		0.353318		
0.0033252		0		0.000307617		0.996367		
0.000212018		6.45273e-05		0.000289861		0.999434		
0.277944		0.274569		0.258815		0.188672		
0.000237146		0.000539461		0.998527		0.00069605		
0.00144259		0.00201017		0.996332		0.000215206		
0.294649		0.0070922		0.411992		0.286267		
0.00221559		0.996129		0.000305909		0.0013496		
0.306693		0.0834166		0.256244		0.353646		
0.132767		0.137999		0.349248		0.379987		
0.324104		0.215391		0.236971		0.223534		
0.00165524		3.95281e-05		0.000543512		0.997762		
0.206859		0.115406		0.50245		0.175286		
0.0515984		0.172182		0.38811		0.38811		
0.210309		0.145017		0.635052		0.00962199		
0.19432		0.234077		0.404462		0.16714		
0.376722		0.139192		0.154394		0.329691		
0.596678		0.136213		0.089701		0.177409		
0.000833727		0.00074867		0.000816041		0.997602		
0.523759		0.335825		0.126535		0.0138815		
0.00034865		0.997875		0.00100402		0.000772326		
0.246964		0.352733		0.283401		0.116903		
0.104114		0.461148		0.272727		0.162011		
0.297676		0.322917		0.170673		0.208734		
0.056677		0.396739		0.513975		0.0326087		
0.00072015		0.00164116		0.000154318		0.997484		
0.000699006		0.00148461		0.00135935		0.996457		
0.00111224		0.000635564		0.000818606		0.997434		
7.5827e-05		6.28005e-05		9.81006e-06		0.999852		
0.260766		0.356858		0.316587		0.0657895		
0.160136		0.488075		0.17121		0.180579		
0.128014		0.157865		0.436854		0.277268		
0.104441		0.216203		0.432406		0.24695		
0.00117548		0.000830116		0.997355		0.000638931		
0.485518		0.226313		0.0608738		0.227295		
0.00135687		0.000410121		0.996961		0.00127207		
0.000845408		0.996609		0.000989307		0.00155591		
0.00016305		0.000186407		0.000435699		0.999215		
0.278739		0.430315		0.282808		0.00813835		
0.0019785		0.000803507		0.996285		0.000932839		
0.278187		0.321665		0.358511		0.041636		
0.33584		0.477444		0.0162907		0.170426		
0.997102		0.000635486		0.00192713		0.000335826		
3.07562e-05		0.999574		0.000227468		0.000167557		
0.410129		0.366542		0.102532		0.120797		
0.446602		0.269995		0.208969		0.0744337		
0.181564		0.0748603		0.449721		0.293855		
0.997898		0.000978825		0.000812941		0.000309796		
0.554244		0.213603		0.169196		0.0629567		
0.397834		0.150903		0.397834		0.0534296		
