0.000191716		0.000200301		0.998895		0.000713452		
0.000163359		0.999691		4.36947e-05		0.000101541		
0.999086		0.000408031		4.94583e-05		0.000456573		
0.363438		0.0917698		0.23598		0.308813		
0.23677		0.298562		0.161517		0.303151		
0.997195		0.0014217		0.000526995		0.000855995		
0.00020316		0.00107242		0.000927544		0.997797		
0.00152121		0.000647626		0.996797		0.00103429		
0.267811		0.336453		0.205408		0.190328		
0.000531483		0.00199601		0.000281096		0.997191		
0.0964286		0.356122		0.240816		0.306633		
0.365973		0.233939		0.0713336		0.328755		
0.00131177		0.000205126		0.99752		0.000963573		
0.0312891		0.403004		0.304547		0.26116		
0.259463		0.0144529		0.379904		0.34618		
0.369681		0.0430851		0.154255		0.432979		
0.996754		0.000790848		0.00111908		0.00133617		
0.000604781		0.00137741		0.996246		0.00177172		
0.12108		0.341463		0.228223		0.309233		
0.561333		0.293333		0.126667		0.0186667		
0.308662		0.317982		0.368969		0.00438596		
0.309778		0.122843		0.181183		0.386196		
0.00187249		0.00168422		0.000169854		0.996273		
0.272582		0.211299		0.23811		0.278008		
0.998527		0.00108485		0.000110259		0.000277549		
0.194393		0.280708		0.268167		0.256732		
0.329665		0.36068		0.166583		0.143072		
0.334012		0.246775		0.260692		0.15852		
0.132971		0.265942		0.310507		0.29058		
0.224149		0.257566		0.223834		0.294451		
0.0394022		0.42663		0.295743		0.238225		
0.000872251		0.998625		0.000407302		9.54467e-05		
0.000969116		0.000755371		2.0752e-06		0.998273		
0.000158614		0.00149882		0.996844		0.00149882		
0.997273		0.000221245		0.00121127		0.00129404		
0.26935		0.236068		0.247678		0.246904		
0.0893915		0.0818525		0.521271		0.307485		
0.000106125		0.997066		0.00206943		0.000758035		
0.000597455		0.00044324		0.99893		2.96174e-05		
0.000156228		0.00025213		0.998922		0.000669768		
0.000184005		2.79605e-05		0.000131785		0.999656		
0.000221769		0.999508		8.81388e-05		0.00018228		
0.99977		0.000112598		3.27627e-05		8.51077e-05		
0.278949		0.315575		0.149834		0.255642		
0.159383		0.263313		0.336026		0.241278		
0.000263469		0.000292648		0.000389196		0.999055		
0.339278		0.373289		0.164662		0.122771		
0.0543774		0.504078		0.0467645		0.39478		
3.44329e-05		0.999535		0.00032432		0.00010609		
0.00123475		0.996477		0.00128947		0.000999219		
0.000824066		0.998215		0.000669793		0.000291298		
0.00115675		0.00151823		0.000188307		0.997137		
0.13468		0.418182		0.361616		0.0855219		
0.000135316		0.000483812		0.998973		0.000408216		
0.996609		0.00118763		0.00130198		0.000901016		
0.632323		0.180808		0.131313		0.0555556		
0.000227689		0.000240572		0.000242676		0.999289		
0.00311445		5.96518e-05		2.51165e-05		0.996801		
0.15036		0.0700309		0.149331		0.630278		
0.553206		0.107118		0.335447		0.00422833		
0.997629		0.000694381		0.000419928		0.00125678		
0.319813		0.191108		0.0273011		0.461778		
0.999012		0.000635944		0.000115758		0.00023658		
0.000820749		4.31973e-05		0.998031		0.0011048		
0.111389		0.285982		0.404881		0.197747		
0.277291		0.187974		0.486865		0.0478692		
0.000736801		0.000297163		0.99884		0.000126192		
0.208666		0.220344		0.284266		0.286724		
0.0813893		0.230689		0.468637		0.219285		
0.281835		0.188202		0.156367		0.373596		
0.000386959		0.000722057		0.00226989		0.996621		
1.38487e-05		0.00171031		0.00161568		0.99666		
0.0016285		0.996809		0.00151659		4.63082e-05		
0.0863014		0.423288		0.189041		0.30137		
0.998461		5.84185e-05		0.00105791		0.000422738		
0.999426		0.000210224		0.000261134		0.000102861		
0.000644461		0.998738		0.00047023		0.000147028		
0.00180583		0.000949805		0.000287336		0.996957		
0.424809		0.0484282		0.389125		0.137638		
0.999879		8.82214e-05		2.52864e-06		3.03437e-05		
0.343958		0.0292165		0.193891		0.432935		
0.293737		0.148488		0.0890929		0.468683		
0.205953		0.380531		0.172164		0.241352		
0.308213		0.362828		0.234124		0.0948349		
0.000512887		0.998414		0.000813742		0.000259309		
0.322531		0.183642		0.296296		0.197531		
0.213531		0.226046		0.217833		0.342589		
0.0966507		0.48134		0.114833		0.307177		
0.997531		0.00093506		0.0006992		0.00083449		
0.242042		0.330955		0.239846		0.187157		
0.0422961		0.0314199		0.561329		0.364955		
0.0842333		0.311015		0.151188		0.453564		
0.0511364		0.265152		0.217803		0.465909		
0.0021338		0.000788434		0.000644167		0.996434		
0.291113		0.33129		0.0697991		0.307797		
0.000635149		0.00100727		0.000884927		0.997473		
0.193676		0.393775		0.000494071		0.412055		
0.159779		0.146125		0.330996		0.3631		
0.998215		0.00079975		0.000309427		0.000675979		
0.313866		0.0969005		0.284176		0.305057		
0.996703		0.00144793		0.00135566		0.000493289		
0.99998		8.97042e-06		4.61107e-06		5.94977e-06		
0.000278004		0.00115904		0.998422		0.000141077		
0.000303983		0.000325432		0.99932		5.02727e-05		
0.0189655		0.477011		0.314368		0.189655		
0.169958		0.294076		0.192525		0.343441		
0.000166486		0.000301361		0.998906		0.000625903		
0.376709		0.254784		0.125205		0.243302		
0.193694		0.127477		0.282432		0.396396		
0.000821788		0.000543739		0.00229853		0.996336		
0.00046461		0.000532549		5.75284e-05		0.998945		
0.996602		0.000964988		0.00052445		0.001909		
0.359653		0.0638978		0.198083		0.378366		
1.53976e-05		1.41862e-05		2.901e-05		0.999941		
0.25899		0.27544		0.153405		0.312165		
0.379341		0.244023		0.326116		0.0505187		
0.996395		0.00118971		0.00183047		0.000585291		
0.997711		0.000714588		0.00086346		0.000711015		
3.35726e-05		0.000116833		0.999379		0.000470688		
0.996207		0.00128146		0		0.00251151		
0.000236471		0.000177792		0.999344		0.000241987		
0.104727		0.411956		0.0903614		0.392956		
0.000961349		0.000380125		0.998043		0.000615557		
0.411151		0.42883		0.00906618		0.150952		
0.00107494		0.000630094		0.000427781		0.997867		
0.534112		0.237861		0.204671		0.0233559		
0.367621		0.0578609		0.34775		0.226768		
0.212747		0.256703		0.230769		0.29978		
0.222164		0.242976		0.388658		0.146202		
5.05856e-06		1.00301e-05		8.34879e-06		0.999977		
0.241051		0.256152		0.0654362		0.43736		
0.00310431		0.996148		0.000102481		0.000644774		
3.17462e-05		0.000262152		0.999516		0.000190477		
0.215273		0.40553		0.309414		0.0697828		
0.284715		0.193806		0.0579421		0.463536		
0.482861		0.36643		0.112884		0.0378251		
0.0026178		0.236911		0.242147		0.518325		
0.00121748		0.000469985		0.00107425		0.997238		
0.00114796		0.996266		0.00124293		0.00134348		
0.391602		0.19717		0.277042		0.134185		
0.00170605		0.00176469		0.996113		0.000415976		
0.21848		0.277634		0.132556		0.37133		
0.281709		0.0854473		0.331442		0.301402		
0.000373386		0.997902		0.000982781		0.000741489		
0.530819		0.225526		0.0746918		0.168963		
0.996535		0.00176928		0.000524714		0.00117085		
0.000112154		0.000305745		0.000257883		0.999324		
0.00117514		0.000697626		0.997129		0.000998328		
0.000628176		0.000693185		0.998113		0.000565358		
0.000981158		3.90625e-05		0.000425092		0.998555		
0.256339		0.118949		0.290917		0.333794		
7.80337e-05		8.11551e-05		0.999332		0.00050878		
0.175884		0.142792		0.24524		0.436083		
0.307143		0.0935065		0.399351		0.2		
0.288555		0.212491		0.16783		0.331124		
5.63424e-05		0.00189552		0.000973919		0.997074		
0.000125861		0.000113197		0.999684		7.73481e-05		
0.996258		0.0012456		0.00205538		0.000441207		
0.00071093		0.00081009		0.997434		0.00104539		
0.0985427		0.228314		0.151284		0.52186		
0.0786885		0.342857		0.427166		0.151288		
0.000842288		0.00103016		0.997129		0.000998641		
0.00123692		0.99707		0.000907845		0.000784921		
0.275459		0.259432		0.186644		0.278464		
0.385339		0.123873		0.344179		0.146609		
0.999191		0.000222324		0.000285619		0.000300651		
0.997523		0.00125515		0.00121804		3.37406e-06		
0.000531934		0.000357509		0.997895		0.00121603		
0.000309453		0.998633		0.000921365		0.000136369		
0.453518		0.419598		0.0904523		0.0364322		
0.998258		0.00038062		0.00011759		0.00124398		
0.000313779		0.99941		0.00022138		5.4685e-05		
0.000546927		0.000903352		0.997699		0.000850502		
0.0723888		0.45605		0.451913		0.0196484		
0.000146221		0.0016803		0.99623		0.00194301		
0.27951		0.137386		0.366759		0.216344		
0.40166		0.125311		0.277593		0.195436		
0.614443		0.0709914		0.246022		0.0685435		
0.24973		0.270766		0.206041		0.273463		
0.173713		0.364335		0.145273		0.316679		
0.415421		0.163778		0.19725		0.223551		
0.000970682		0.000951473		0.99682		0.00125753		
0.0424528		0.428571		0.169137		0.359838		
0.99959		0.00018341		0.000105363		0.000121383		
9.68306e-06		0.999941		4.30558e-05		5.85487e-06		
0.000835622		0.00073381		0.997316		0.00111416		
0.042007		0.385064		0.362116		0.210813		
0.997363		0.00139845		0.000184817		0.00105346		
0.000674508		0.997559		0.000986619		0.000780279		
0.112824		0.110722		0.189208		0.587246		
0.214286		0.358253		0.329016		0.0984456		
0.997359		0.000937669		0.000871791		0.000831166		
0.000180163		1.98485e-05		0.000100769		0.999699		
0.000193382		0.999238		0.000126953		0.000441384		
0.997105		0.00192051		0.000537828		0.000436191		
0.0601942		0.602589		0.297735		0.0394822		
0.317585		0.146982		0.21741		0.318023		
0.997488		7.07242e-05		0.00145692		0.000984076		
0.116371		0.00986193		0.629191		0.244576		
0.997766		1.5445e-05		0.00148272		0.000736211		
0.996738		0.0013594		0.000513301		0.00138902		
3.52081e-05		0.000460767		0.000195431		0.999309		
0.00251149		0.996164		0.000467127		0.000857316		
0.441315		0.431925		0.109993		0.0167673		
0.278383		0.407465		0.0896838		0.224469		
0.000657734		0.00111731		0.00115074		0.997074		
0.25638		0.372595		0.0451512		0.325874		
0.00122052		0.997906		0.000759694		0.000113537		
0.22555		0.360636		0.19621		0.217604		
0.99623		0.0015987		0.00150225		0.000668577		
0.000161861		3.45827e-05		0.000162931		0.999641		
0.315858		0.57536		0.0203145		0.0884666		
0.000238609		0.99943		0.000308656		2.30475e-05		
0.000771339		0.00106696		7.57676e-05		0.998086		
0.000430067		0.000143907		0.997785		0.00164087		
0.290753		0.258904		0.213356		0.236986		
0.000327507		0.000257892		0.99934		7.47571e-05		
0.486403		0.228059		0.220643		0.0648949		
0.171104		0.0680925		0.375818		0.384985		
0.276376		0.0533257		0.224771		0.445528		
0.000148775		0.998414		0.000592123		0.00084504		
0.126958		0.44765		0.284419		0.140973		
0.193363		0.223995		0.0440332		0.538609		
0.000210303		0.999188		0.000242896		0.0003593		
0.996793		0.00155084		0.0013816		0.000274592		
0.997871		0.000382001		0.00102046		0.000726446		
0.000102281		0.998633		0.000803234		0.000461672		
7.91375e-06		0.999895		5.25185e-05		4.50365e-05		
0.000675684		0.00119024		0.000649697		0.997484		
0.644091		0.222529		0.00760194		0.125777		
3.64118e-05		0.00155229		0.997961		0.000450357		
0.244601		0.198393		0.338021		0.218985		
0.369857		0.390008		0.130563		0.109572		
0.00118889		0.000204541		0.0016261		0.99698		
0.997656		0.00120659		0.000687085		0.000450077		
1.62969e-05		0.000563874		0.997461		0.00195889		
0.998691		0.000627802		0.000157175		0.000523617		
0.997613		0.00115708		0.00103106		0.000198575		
0.128127		0.296484		0.290061		0.285328		
0.252311		0.252908		0.271101		0.22368		
0.00108444		0.000244397		0.997859		0.000811792		
0.00096588		0.000215859		0.997172		0.00164639		
2.13566e-05		0.999086		0.000451692		0.000441014		
0.00187438		0.000427489		0.997117		0.000580947		
0.000628417		0.998777		0.0001775		0.000416739		
0.303115		0.324466		0.337067		0.0353518		
0.000551271		0.996188		0.00161015		0.00165108		
0.133379		0.313372		0.288534		0.264716		
0.99982		8.70333e-05		1.23297e-05		8.03245e-05		
0.000275191		0.999008		0.000283697		0.0004333		
9.40514e-05		0.999684		5.65822e-05		0.000165773		
0.175131		0.154991		0.345447		0.324431		
0.000341439		0.000505933		0.998516		0.000637003		
0.260787		0.135609		0.363679		0.239924		
0.996469		0.000236292		0.00167373		0.00162122		
0.998324		0.000462963		0.000892783		0.000320035		
3.58342e-05		0.999371		0.000300152		0.00029292		
0.00710059		0.178698		0.746746		0.0674556		
0.356007		0.0256184		0.348057		0.270318		
0.255849		0.0816327		0.279243		0.383275		
0.330761		0.0939282		0.253271		0.32204		
0.242346		0.393876		0.296834		0.0669434		
9.65468e-05		6.55472e-05		0.999668		0.000169937		
7.29065e-05		0.998605		0.00118822		0.000133403		
0.430428		0.260422		0.249594		0.059556		
0.378329		0.0145278		0.463075		0.144068		
0.000402378		0.998449		0.000572327		0.000576076		
5.14452e-05		2.85942e-05		0.999883		3.71481e-05		
0.31011		0.196138		0.293828		0.199924		
1.55756e-05		0.000285552		0.000382466		0.999316		
0.26732		0.186887		0.285907		0.259885		
0.367417		0.00267074		0.35826		0.271652		
0.454411		0.126761		0.123054		0.295775		
0.0994475		0.221915		0.019337		0.6593		
0.121442		0.371284		0.461101		0.0461733		
0.104405		0.293638		0.362561		0.239396		
0.00012886		0.00180596		0.997105		0.000959715		
0.00156011		0.0016135		0.000353736		0.996473		
0.0915119		0.250663		0.198939		0.458886		
0.00148024		0.996508		0.0013226		0.000689353		
0.234623		0.278208		0.148269		0.3389		
0.113748		0.18764		0.253023		0.445589		
0.000745387		0.00132818		0.997527		0.000399088		
0.00223985		0.996418		0.000490689		0.00085149		
0.000753968		0.0015693		0.000887665		0.996789		
0.0877339		0.275676		0.309356		0.327235		
0.999574		2.75843e-05		0.000195275		0.000202922		
0.000953278		0.997227		0.000943027		0.000877133		
0.149758		0.13124		0.442834		0.276167		
3.07041e-05		0.000182997		0.999719		6.75491e-05		
0.377627		0.454265		0.0605686		0.10754		
0.00024442		0.000357356		0.999242		0.000156036		
0.211429		0.0165714		0.525143		0.246857		
0.529685		0.0714286		0.209647		0.189239		
0.338356		0.0484018		0.437443		0.175799		
0.996297		0.000877655		0.00130406		0.00152141		
0.321958		0.374046		0.0942973		0.209699		
0.391045		0.199254		0.288806		0.120896		
0.000237426		0.000512624		0.00220698		0.997043		
0.340859		0.218062		0.312225		0.128855		
0.999902		3.75766e-05		2.38343e-05		3.62453e-05		
0.422165		0.20483		0.214748		0.158258		
3.63814e-05		0.997332		0.000191002		0.00244059		
0.211466		0.454417		0.0714286		0.262688		
0.000757781		0.997687		0.00138888		0.000165837		
0.328302		0.192453		0.13522		0.344025		
2.43543e-05		0.000106744		0.999645		0.00022437		
0.997246		0.00129778		0.00120464		0.000251484		
0.00152457		0.00120413		0.996863		0.000408012		
0.99798		0.00114153		0.000818407		5.95927e-05		
0.321545		0.0567706		0.459283		0.162401		
0.996539		0.000993747		0.00125713		0.00121006		
0.301012		0.0689252		0.26947		0.360592		
0.205213		0.170142		0.345972		0.278673		
0.00162986		0.000239507		0.996687		0.00144313		
0.290456		0.201838		0.271488		0.236218		
0.999848		1.36648e-05		0.000134616		4.0625e-06		
0.00118561		0.000634284		0.998008		0.00017229		
0.000476103		0.997883		0.00114617		0.000494912		
0.548733		0.0185185		0.326511		0.106238		
0.99823		0.00011883		0.00111855		0.000532151		
0.000589208		0.000305887		0.999102		3.34302e-06		
0.000342723		0.000868387		0.998484		0.000304514		
0.00162423		0.996539		0.00070588		0.00113082		
0.359461		0.30654		0.288567		0.0454319		
5.949e-05		4.44402e-05		0.999844		5.23197e-05		
0.299378		0.128305		0.299767		0.272551		
0.000254661		0.999461		0.000162958		0.000121444		
0.355769		0.00395928		0.149887		0.490385		
0.36003		0.0627125		0.21156		0.365697		
0.0673896		0.347792		0.264136		0.320682		
0.998828		0.000773112		0.000285735		0.000113028		
0.286791		0.397163		0.300532		0.0155142		
0.00191737		0.997125		0.000268809		0.000688824		
0.000263499		0.999473		7.47907e-05		0.000189054		
0.367598		0.410232		0.0786357		0.143534		
0.226351		0.147523		0.0619369		0.564189		
0.503319		0.0940265		0.106195		0.29646		
0.14127		0.339683		0.32381		0.195238		
0.998387		0.00108945		0.000130957		0.000392872		
0.000638388		0.000769743		0.00127546		0.997316		
0.186161		0.2014		0.378089		0.234349		
0.000448487		0.998434		0.000676852		0.000441067		
2.76278e-05		3.19143e-06		1.99621e-05		0.999949		
0.283333		0.143137		0.1		0.473529		
0.117973		0.0985748		0.393112		0.39034		
0.996754		0.00146612		0.000676206		0.00110376		
0.306638		0.127623		0.364454		0.201285		
0.246106		0.181308		0.285358		0.287227		
0.996555		0.00148074		0.0017012		0.000263373		
0.0937143		0.395429		0.374286		0.136571		
0.999		0.000368998		0.000340643		0.000290359		
0.00171365		0.00118261		0.996609		0.000494357		
0.357549		0.305601		0.224838		0.112013		
5.5906e-06		2.64478e-05		0.999953		1.48366e-05		
0.0627994		0.333156		0.266099		0.337946		
0.000122591		0.000163986		0.999391		0.000322798		
0.220272		0.191785		0.294468		0.293475		
0.0801444		0.330325		0.281588		0.307942		
0.00130483		0.000862723		0.00128948		0.996543		
0.391101		0.0210773		0.0058548		0.581967		
0.233531		0.369356		0.0458919		0.351221		
0.000747961		0.000417978		0.998633		0.000201249		
0.998266		0.000576023		0.000660114		0.000498239		
0.297364		0.23229		0.219934		0.250412		
0.00111618		0.996254		0.0012392		0.00139072		
0.00131457		0.996754		0.00100936		0.000922161		
0.356177		0.268998		0.200466		0.174359		
0.34479		0.227057		0.286289		0.141865		
0.00123741		0.000516968		0.997637		0.000608907		
0.124321		0.197611		0.384908		0.29316		
0.000571612		0.000609148		0.99823		0.000588771		
0.999332		0.000334423		0.000220316		0.00011323		
0.000691126		0.00132262		0.000646406		0.99734		
0.191983		0.309599		0.474156		0.0242616		
0.000420433		0.000436339		8.85402e-05		0.999055		
0.143762		0.306139		0.261386		0.288713		
0.10238		0.282892		0.277054		0.337674		
0.293724		0.297071		0.398326		0.0108787		
9.47808e-06		0.000638191		0.0006453		0.998707		
0.283561		0.513999		0.0911701		0.111271		
0.000653808		0.996367		0.00221213		0.000766872		
0.999129		0.000270809		0.000413957		0.000186328		
0.403791		0.237441		0.262559		0.0962085		
0.998508		0.000567362		0.000454144		0.000470681		
0.00150665		0.996586		0.00095141		0.000955999		
0.411329		0.151932		0.395447		0.0412917		
0.00011483		0.000331207		0.99923		0.000323494		
0.00492264		0.106892		0.284107		0.604079		
0.372427		0.160777		0.334369		0.132427		
0.0657895		0.255013		0.453008		0.22619		
0.000614189		0.0014611		0.000393465		0.997531		
0.391096		0.114797		0.202532		0.291576		
0.232504		0.541353		0.135338		0.0908039		
0.156494		0.429221		0.12013		0.294156		
0.000460976		0.000733014		0.00074351		0.998062		
0.000953926		0.997668		0.000843562		0.000534544		
0.0976139		0.374548		0.151121		0.376717		
0.000958119		0.996781		0.00062918		0.00163145		
0.00112148		0.996598		0.00103676		0.00124411		
0.505228		0.12383		0.295542		0.075399		
0.99716		0.00105973		0.000973455		0.000806659		
0.412915		0.214188		0.352888		0.0200091		
0.155228		0.422386		0.348227		0.0741594		
0.000200043		0.000529388		1.27563e-05		0.999258		
0.000396246		0.000634778		0.000593976		0.998375		
0.00091271		0.000851425		0.000966334		0.99727		
0.200529		0.350815		0.288233		0.160423		
0.298246		0.289855		0.232265		0.179634		
0.143701		0.387795		0.111417		0.357087		
0.996172		0.00062355		0.00226925		0.000935325		
0.000190238		7.64728e-05		0.999687		4.57893e-05		
0.998641		0.000637805		0.000325484		0.000396085		
0.000475129		0.000206774		0.000404035		0.998914		
0.996547		0.00197352		0.000472533		0.00100707		
0.268825		0.340361		0.00225904		0.388554		
0.12959		0.277538		0.0577754		0.535097		
0.23903		0.0338722		0.354119		0.372979		
0.00123121		0.996855		0.000925309		0.00098801		
0.135714		0.289752		0.265528		0.309006		
0.455805		0.17876		0.257916		0.10752		
7.37973e-05		0.000156315		0.000160513		0.999609		
8.90373e-05		0.998117		0.000225851		0.00156792		
0.183773		0.337732		0.390029		0.0884653		
0.184832		0.277248		0.33361		0.20431		
0.999648		0.000194373		6.25376e-05		9.46514e-05		
3.70663e-06		1.91215e-06		2.19372e-06		0.999992		
0.998348		7.88828e-05		0.000760296		0.000813165		
0.171483		0.0203695		0.45855		0.349597		
0.000904728		0.00137538		0.000712077		0.997008		
0.000770846		0.000137206		0.998398		0.000693511		
0.998039		0.000615692		0.000431195		0.00091405		
0.156527		0.503872		0.256084		0.0835177		
0.407805		0.0678733		0.278281		0.246041		
0.44763		0.0953693		0.137817		0.319184		
0.000144315		0.000813999		0.00146747		0.997574		
0.287629		0.224254		0.45521		0.0329068		
0.00112035		0.00168584		5.31812e-05		0.997141		
0.367591		0.360341		0.178678		0.0933902		
0.000579291		9.02578e-05		0.00143592		0.997895		
0.000640796		0.000263913		0.998809		0.000286697		
0.000230643		0.000146114		0.000138869		0.999484		
0.227713		0.275743		0.271942		0.224603		
0.000615225		0.997117		0.00146058		0.000807003		
0.00100455		0.997957		0.000826782		0.000211634		
0.390017		0.0245347		0.358714		0.226734		
3.19377e-05		3.4723e-05		0.999789		0.000144277		
0.0785169		0.384406		0.0992366		0.437841		
0.147586		0.208736		0.454713		0.188966		
0.232005		0.425342		0.00773349		0.33492		
0.00119651		0.00139544		0.000572116		0.996836		
0.000643808		0.000282821		0.998664		0.000409309		
0.00147543		0.000119498		0.000631632		0.997773		
0.000750059		0.000781132		0.000750059		0.997719		
0.997387		0.000920623		0.000588218		0.00110444		
0.997566		0.000790543		0.000798539		0.000844512		
0.261051		0.111708		0.422342		0.204898		
0.262831		0.0707781		0.355546		0.310844		
0.35566		0.00391696		0.309832		0.330591		
0.256599		0.291149		0.11413		0.338121		
0.0014782		0.348854		0.11456		0.535107		
0.996961		0.000262957		0.0018668		0.00090931		
0.998566		0.00097313		8.4329e-05		0.000376134		
0.194514		0.116376		0.387365		0.301746		
0.00118804		0.00123168		0.000814655		0.996766		
0.345092		0.014954		0.293712		0.346242		
0.0020558		0.000125472		0.00141638		0.996402		
0.996164		1.0648e-05		0.00186606		0.00195923		
0.00182442		0.997016		0.000801466		0.00035849		
0.0402194		0.553931		0.271176		0.134674		
0.000612339		0.99727		0.00116357		0.000954564		
0.107198		0.334024		0.462455		0.0963231		
0.616037		0.0814863		0.1206		0.181877		
0.0927282		0.478282		0.123475		0.305515		
0.140479		0.221124		0.233091		0.405307		
0.997992		0.00126988		0.000229464		0.000508472		
0.278375		0.233714		0.164876		0.323036		
4.52553e-05		5.11017e-05		9.89554e-05		0.999805		
0.00035062		0.000588631		0.99859		0.000470905		
0.245927		0.412424		0.288187		0.0534623		
0.00795455		0.134091		0.357386		0.500568		
0.000168568		0.999543		0.000234779		5.36842e-05		
0.00111843		0.998051		0.000734469		9.63238e-05		
0.056635		0.3642		0.373295		0.20587		
0.999844		8.2818e-06		7.02573e-05		7.77109e-05		
0.0380762		0.334669		0.405812		0.221443		
0.000375205		0.000641093		0.000702452		0.998281		
0.000513424		0.00124177		0.00182684		0.996418		
0.998762		0.000282219		0.000316364		0.000639697		
4.78682e-05		0.000353488		0.998812		0.000786143		
0.352832		0.159836		0.127049		0.360283		
7.86517e-05		0.00112816		0.00185569		0.996938		
0.387716		0.364203		0.100768		0.147313		
0.344974		0.324162		0.226808		0.104056		
0.508906		0.128499		0.28626		0.0763359		
0.0126836		0.309746		0.526702		0.150868		
0.00202461		0.000154873		0.000695519		0.997125		
0.141764		0.321775		0.340133		0.196328		
0.00088749		0.998145		0.000828183		0.000139796		
0.999793		9.59514e-05		7.46059e-05		3.6474e-05		
0.000883669		0.996336		0.00263449		0.000145902		
0.000332628		0.000320868		0.00143635		0.99791		
0.314866		0.024711		0.351933		0.308489		
0.36594		0.0294638		0.327637		0.276959		
0.477839		0.416898		0.0394737		0.0657895		
0.99659		0.00126659		0.00110181		0.00104176		
0.000153856		0.000134396		0.000145342		0.999566		
0.423478		0.428963		0.133845		0.0137137		
0.000423947		0.998805		0.000235661		0.000535704		
0.323177		0.120507		0.338925		0.217391		
4.80967e-05		0.000811145		0.998441		0.000699352		
0.998383		0.000171106		0.00104208		0.000404		
0.04811		0.457045		0.385862		0.108984		
0.165511		0.107452		0.42851		0.298527		
0.03996		0.0769231		0.742258		0.140859		
0.0962513		0.489362		0.00810537		0.406282		
9.63758e-05		0.000119567		0.999645		0.000139526		
0.21246		0.183706		0.119808		0.484026		
0.000179237		0.997656		0.0012501		0.000914412		
0.229891		0.5125		0.103261		0.154348		
0.189362		0.0191489		0.337589		0.453901		
0.00282328		0.996254		0.000625962		0.000296848		
7.53935e-05		0.999793		3.26839e-05		9.89539e-05		
0.329094		0.375596		0.125199		0.170111		
0.000762487		0.000903761		2.51582e-05		0.998309		
0.000249656		0.000353989		0.998141		0.00125573		
0.00113067		0.00165667		8.76661e-05		0.997125		
0.145733		0.0458937		0.0821256		0.726248		
0.300985		0.170183		0.348805		0.180028		
0.107026		0.0242942		0.245568		0.623112		
0.000259745		9.57981e-05		0.000277269		0.999367		
0.11867		0.304989		0.252079		0.324263		
0.302038		0.259461		0.358079		0.0804221		
0.0954861		0.364583		0.500579		0.0393519		
0.00172996		0.000442953		0.997477		0.000350526		
0.000351238		0.000218275		0.000567207		0.998863		
0.996285		0.00112504		0.000779727		0.00181008		
0.998832		8.24902e-05		0.000371591		0.000713887		
2.9862e-05		0.999785		7.97095e-05		0.000105272		
0.286701		0.312263		0.117098		0.283938		
0.358203		0.132371		0.321701		0.187726		
0.0568407		0.368804		0.31725		0.257105		
0.465508		0.011585		0.286993		0.235914		
0.188574		0.421737		0.0719926		0.317696		
0.000337105		0.999176		0.000137831		0.000349283		
0.196087		0.243858		0.44495		0.115105		
0.260155		0.27957		0.253584		0.206691		
0.387097		0.103391		0.229529		0.279983		
0.327002		0.288604		0.285301		0.0990917		
0.356916		0.117647		0.419714		0.105723		
8.23191e-05		0.0001233		0.999645		0.000149849		
0.0940367		0.557339		0.0603976		0.288226		
0.00031382		0.998816		0.000498804		0.00037097		
0.999043		0.000318831		0.000400831		0.00023737		
0.317949		0.498168		0.0117216		0.172161		
0.450478		0.361991		0.0165913		0.17094		
0.998066		0.000978858		0.000756679		0.000198057		
0.0149493		0.472504		0.335825		0.176722		
0.000265992		0.000477868		0.999004		0.000252234		
8.60947e-05		0.000172189		0.999559		0.000183122		
0.0677226		0.213545		0.515565		0.203168		
0.336085		0.244926		0.135191		0.283798		
0.192532		0.491249		0.295216		0.0210035		
0.144201		0.676071		0.137931		0.0417973		
0.094959		0.193435		0.454865		0.256741		
0.172513		0.326414		0.251253		0.249821		
0.175655		0.728814		0.00616333		0.0893683		
0.999547		0.000252662		0.000141324		5.91395e-05		
0.0112263		0.425734		0.392055		0.170984		
0.998445		0.000310709		0.000500333		0.000743646		
0.0559408		0.197411		0.403606		0.343042		
0.380447		0.248603		0.206704		0.164246		
0.0014278		9.70349e-05		0.00177204		0.996703		
0.996281		0.00135241		0.00140662		0.000959725		
2.92703e-05		0.000362366		0.000467739		0.999141		
4.6943e-05		7.66592e-05		0.999777		9.9054e-05		
0.000229057		0.00044691		0.000386533		0.998938		
0.000440283		0.998914		0.00034885		0.000296804		
0.996254		0.00128494		0.00159848		0.000862671		
0.999437		6.83036e-05		0.000313393		0.000180804		
0.129924		0.42622		0.0429159		0.400941		
0.143875		0.175214		0.250712		0.430199		
0.102457		0.366514		0.166181		0.364848		
0.0522928		0.0997586		0.731295		0.116653		
0.353577		0.171381		0.264559		0.210483		
0.0013759		0.99682		0.00131503		0.000488757		
0.169632		0.587189		0.0533808		0.189798		
0.260839		0.240909		0.27028		0.227972		
0.998551		0.000256168		0.000355469		0.000837582		
0.293593		0.341849		0.300081		0.0644769		
0.000417542		0.998832		0.000274057		0.000476371		
0.000780638		0.997379		0.00122341		0.000617042		
0.063778		0.324732		0.184518		0.426972		
0.074364		0.431018		0.238258		0.25636		
1.27888e-05		2.24907e-05		3.11268e-05		0.999934		
0.3752		0.191059		0.431613		0.00212879		
0.000717857		0.997328		0.00114911		0.000804911		
0.178872		0.384754		0.177671		0.258703		
1.2481e-06		3.12026e-05		0.998766		0.00120192		
0.267161		0.259431		0.20068		0.272727		
0.00124722		0.00131031		0.996105		0.001337		
0.170554		0.269679		0.37172		0.188047		
0.28534		0.106894		0.344677		0.263089		
0.268334		0.30843		0.112063		0.311172		
0.000205936		0.999465		0.00015697		0.00017225		
0.263849		0.203939		0.139105		0.393106		
0.999273		0.000239294		0.000456891		3.03768e-05		
0.232936		0.293969		0.171903		0.301192		
0.999711		1.15625e-05		0.000155612		0.000121888		
0.00172225		0.000266447		0.000542549		0.997469		
0.482829		0.0661199		0.150692		0.300359		
0.453333		0.411954		0.0556322		0.0790805		
0.000246014		0.998016		0.0012138		0.000524558		
0.240135		0.0518602		0.426156		0.281849		
0.000232317		0.999297		0.000240174		0.000230634		
0.269744		0.346195		0.173098		0.210963		
0.000708204		0.00087419		0.000800418		0.997617		
0.00130876		0.997227		0.00145701		7.66849e-06		
0.196375		0.098565		0.34781		0.357251		
5.47314e-05		1.47789e-05		0.999887		4.3771e-05		
0.000234003		0.998371		0.000250718		0.00114419		
0.99707		0.000820147		0.00134994		0.0007596		
0.0836134		0.417227		0.104202		0.394958		
0.263158		0.456656		0.21517		0.0650155		
0.0543478		0.307971		0.238225		0.399457		
1.04526e-05		9.42636e-05		0.999855		3.9815e-05		
0.0961159		0.384463		0.00592495		0.513496		
2.27087e-05		0.998559		0.00110078		0.000317922		
0.00188474		0.0015491		0.99643		0.000136469		
0.000741344		0.00100678		0.000435475		0.997816		
5.72222e-05		0.00148062		0.998391		7.15278e-05		
0.996746		0.00026999		0.0013482		0.00163572		
0.00036894		0.000830365		0.998223		0.000578039		
5.26291e-05		9.55745e-05		0.999824		2.75777e-05		
0.312336		0.075678		0.269904		0.342082		
0.99848		0.000199233		0.000725666		0.000594633		
0.99875		0.000240428		0.000278031		0.000731541		
0.00100511		0.997934		0.000233716		0.000827584		
0.0812408		0.208272		0.00738552		0.703102		
0.180844		0.143336		0.4501		0.22572		
0.429421		0.17682		0.349183		0.0445765		
0.290152		0.193435		0.00468933		0.511723		
0.999437		0.000239807		0.000211105		0.000111588		
0.0524287		0.156515		0.239013		0.552043		
0.250746		0.209552		0.317015		0.222687		
0.000507156		0.000446169		0.00217949		0.996867		
0.000401963		0.000236819		0.998992		0.000369031		
0.000623034		0.000764563		0.000553808		0.998059		
0.996949		0.00235613		0.000569895		0.000124753		
0.467857		0.108673		0.286735		0.136735		
0.000494228		0.000124383		0.998879		0.000502483		
0.324489		0.255647		0.358193		0.0616708		
0.298545		0.331558		0.249911		0.119986		
0.186097		0.120203		0.359522		0.334178		
0.198517		0.310544		0.2743		0.216639		
0.00107109		0.00134878		0.00123638		0.996344		
0.581917		0.265777		0.0163835		0.135922		
0.326452		0.327852		0.185794		0.159902		
0.000617175		7.13897e-05		0.00076456		0.998547		
0.203294		0.338652		0.348945		0.10911		
3.51156e-05		6.24277e-05		0.00158996		0.998313		
0.124359		0.237821		0		0.637821		
0.000709757		0.000759894		0.000241286		0.998289		
0.231195		0.353023		0.0129211		0.402861		
0.000403566		0.00157438		0.00160018		0.996422		
0.000714504		0.000142053		0.000506725		0.998637		
0.000350385		0.999352		0.000291511		6.54161e-06		
0.0017232		0.000220718		0.00082171		0.997234		
0.000385933		0.998473		0.00041625		0.000725161		
2.61702e-05		0.999938		1.43883e-05		2.19415e-05		
0.000565698		0.00160103		0.997176		0.00065749		
0.10696		0.347985		0.542125		0.0029304		
8.31447e-05		5.36417e-05		0.999574		0.000288995		
0.000194897		0.998168		0.000847152		0.000789982		
0.000909494		0.997801		0.000348703		0.000941021		
0.296175		0.00163934		0.310929		0.391257		
0.301032		0.0112158		0.32122		0.366532		
0.000704714		0.998215		0.00101752		6.29209e-05		
0.000124227		0.000165208		0.999695		1.52528e-05		
0.000158721		0.000559493		0.0015396		0.997742		
0.00212935		0.996648		0.00101639		0.00020582		
0.0671256		0.402754		0.246701		0.283419		
0.000485753		0.000233716		0.999035		0.000245375		
0.430933		0.231467		0.118933		0.218667		
0.244845		0.254124		0.473711		0.0273196		
0.34484		0.196332		0.349874		0.108954		
0.328323		0.231564		0.0737435		0.366369		
0.00118613		0.000820901		0.997555		0.000438278		
0.999336		2.82689e-05		0.000495477		0.000140317		
0.191092		0.406609		0.299808		0.10249		
0.000714569		0.99816		0.000690064		0.000435211		
0.369684		0.407306		0.0174482		0.205562		
0.262597		0.246609		0.409399		0.0813953		
0.386304		0.281387		0.106673		0.225637		
0.408705		0.321651		0.0723573		0.197287		
0.00151324		0.000184687		0.996566		0.00173566		
0.00177969		4.17411e-05		0.000436384		0.997742		
0.000188734		0.000198034		8.58878e-05		0.999527		
0.000451243		0.997812		0.00100785		0.000728403		
0.270178		0.236194		0.245823		0.247805		
0.000150642		0.000598667		9.83469e-05		0.999152		
0.997496		0.000463845		0.00203577		4.29486e-06		
0.000213998		8.70298e-05		0.000398191		0.999301		
0.000839585		0.0002827		6.13085e-05		0.998816		
0.000954102		0.997457		0.000632158		0.000956709		
0.26077		0.0988903		0.31658		0.32376		
0.344086		0.483871		0.0491551		0.122888		
1.51027e-05		1.88438e-05		1.68347e-05		0.999949		
0.0286494		0.105048		0.390859		0.475443		
0.405366		0.0210297		0.329224		0.24438		
0.00104079		0.997379		0.00152394		5.63676e-05		
2.20801e-06		8.90565e-05		0.000147017		0.999762		
0.997859		0.000696948		0.000757516		0.000686162		
0.00136389		0.99684		0.00149571		0.000300549		
0.282474		0.285052		0.134536		0.297938		
0.313746		0.320042		0.355719		0.0104932		
0.998297		0.000144201		0.000827204		0.00073172		
0.261792		0.433176		0.121855		0.183176		
0.186595		0.26756		0.0225201		0.523324		
0.99977		3.08319e-05		4.43209e-05		0.000155316		
0.00169833		0.000377999		0.000982264		0.996941		
0.107855		0.242519		0.0504988		0.599127		
0.00033937		0.000465457		0.999105		8.9704e-05		
0.999023		0.000433662		0.00039352		0.00014938		
0.301946		0.281957		0.0589164		0.35718		
0.000245564		0.997285		0.00108685		0.00138243		
0.347997		0.349428		0.250358		0.0522175		
0.555082		0.0760483		0.111585		0.257285		
0.0283126		0.258777		0.432616		0.280294		
0.480938		0.150538		0.298143		0.0703812		
0.996566		0.00088752		0.00252389		2.2188e-05		
0.0466981		0.220755		0.399057		0.333491		
0.0954241		0.382254		0.345424		0.176897		
0.997062		0.00249948		0.00031483		0.000123194		
0.270066		0.381964		0.216242		0.131728		
0.198061		0.302423		0.234249		0.265267		
0.208516		0.308704		0.0488416		0.433939		
0.179331		0.52077		0.0597771		0.240122		
0.131279		0.526256		0.0302511		0.312215		
0.000187312		0.000197771		0.000228198		0.999387		
0.000568652		0.997859		0.00128843		0.000283547		
0.999551		0.000163856		9.21892e-05		0.000193174		
0.000636055		0.000660547		0.000113555		0.99859		
0.000130717		0.000105256		0.999504		0.000260121		
0.0401015		0.254315		0.365482		0.340102		
0.218688		0.286779		0.33499		0.159543		
0.996668		0.00121661		0.00188926		0.000226165		
0.143754		0.0347975		0.270964		0.550485		
0.000367405		0.00170798		0.000600393		0.997324		
0.998234		0.000132422		0.000832786		0.000800417		
0.000204206		0.000648444		0.997773		0.00137391		
8.58798e-05		0.999859		2.11024e-05		3.36428e-05		
0.998594		0.000598		0.000444802		0.000363449		
0.246746		0.0150963		0.384695		0.353462		
0.000180463		3.71947e-05		7.14046e-05		0.999711		
0.000390074		0.000364209		0.000534779		0.998711		
0.00170984		0.9975		0.000139896		0.000650259		
0.000430985		0.99827		0.000509346		0.000790139		
0.00130288		9.41534e-05		0.00116547		0.997437		
0.208427		0.496629		0.00842697		0.286517		
0.178532		0.0799562		0.206462		0.535049		
0.00132706		0.00218075		0		0.996492		
0.516676		0.137233		0.133953		0.212138		
0.28928		0.0294952		0.370391		0.310834		
0.998547		9.20661e-05		0.000788731		0.000572328		
0.232596		0.201041		0.318478		0.247885		
0.998137		0.000517716		0.000731915		0.000613651		
0.2		0.224071		0.255221		0.320708		
0.996199		0.00107965		0.000480597		0.00224053		
0.0885542		0.338554		0.260241		0.312651		
0.000886481		0.000537727		0.997934		0.000642199		
0.99734		0.00129779		0.000784208		0.000578161		
0.000154783		0.000778778		0.000609408		0.998457		
0.117552		0.366613		0.316694		0.199141		
0.00118112		0.997141		0.000731468		0.000946792		
0.0836751		0.223954		0.0319934		0.660377		
0.217805		0.321948		0.223404		0.236842		
0.213875		0.33537		0.300503		0.150252		
0.114852		0.359521		0.371867		0.15376		
0.000453532		0.000325142		0.999168		5.33567e-05		
0.000423066		0.000544819		0.998742		0.000289928		
0.00272571		0.000359514		0.996504		0.000410874		
0.000738723		0.000423078		0.000779605		0.998059		
0.398799		0.231516		0.288355		0.0813309		
0.0366599		0.410387		0.0621181		0.490835		
0.191748		0.276343		0.244583		0.287326		
0.19455		0.373891		0.276299		0.15526		
0.996848		0.00136538		0.00134058		0.000446375		
0.996852		0.000451732		0.00122418		0.00147253		
0.000680029		0.000357507		0.998125		0.000837464		
0.293273		0.187453		0.227513		0.291761		
0.0807494		0.229328		0.183463		0.50646		
0.408267		0.0169875		0.0764439		0.498301		
0.00060807		0.000188618		0.000859561		0.998344		
0.362929		0.427918		0.0997712		0.109382		
0.470774		0.168246		0.0750395		0.28594		
0.368816		0.425353		0.107774		0.0980565		
0.00117829		0.997184		0.00129627		0.000341841		
0.000606348		0.00186235		0.996535		0.000996143		
0.498667		0.373333		0.1024		0.0256		
0.277842		0.154292		0.424594		0.143271		
0.1375		0.321296		0.430093		0.111111		
0.0949416		0.325292		0.292218		0.287549		
0.0140351		0.381579		0.336404		0.267982		
1.00216e-05		0.999977		3.28249e-06		1.01335e-05		
0.104847		0.271338		0.308219		0.315595		
0.000125842		0.000906881		0.998375		0.000592277		
0.217153		0.434307		0.203163		0.145377		
0.261785		0.171515		0.35005		0.21665		
0.206771		0.200582		0.358937		0.23371		
0.128992		0.331813		0.340937		0.198258		
0.0188004		0.308863		0.116383		0.555953		
0.313073		0.481078		0.0854358		0.120413		
0.00109615		0.001868		0.000512404		0.996523		
0.0540984		0.27377		0.189617		0.482514		
0.00010558		0.000448467		0.998957		0.000488922		
0.0730539		0.197605		0.42515		0.304192		
0.0384331		0.283814		0.118256		0.559497		
0.245626		0.180546		0.344997		0.228831		
0.000225512		0.997016		0.000805401		0.00195346		
0.000146681		0.000127052		0.9995		0.000226267		
0.232463		0.365008		0.0766721		0.325856		
0.219603		0.0955335		0.130893		0.55397		
0.000598197		0.996297		0.00166925		0.00143567		
0.42093		0.252907		0.0424419		0.283721		
0.000224377		5.65655e-05		0.00168		0.998039		
0.000635726		0.000859308		0.000227622		0.998277		
0.2753		0.322237		0.225033		0.17743		
0.000105614		0.00275916		0.996531		0.000603978		
0.0377891		0.164129		0.351946		0.446136		
7.00851e-05		7.29942e-05		5.22332e-05		0.999805		
0.00100848		0.000777025		0.997723		0.00049184		
2.09727e-05		2.60073e-05		1.16137e-05		0.999941		
0.00082968		0.00119301		0.99716		0.000817151		
2.76055e-05		9.28797e-05		0.999844		3.57648e-05		
0.00132676		0.997027		0.000873192		0.000772701		
0.99748		0.00066419		0.000243353		0.00161199		
0.3019		0.60787		0.00542741		0.0848033		
0.000316119		0.997125		0.00175642		0.000802456		
0.00106193		0.99657		0.000416644		0.00195111		
0.502257		0.073501		0.137975		0.286267		
0.110348		0.00739176		0.430834		0.451426		
0.999301		0.000226635		0.000235387		0.000237197		
0.102264		0.192111		0.065011		0.640614		
0.998992		0.000732271		0.000237132		3.84088e-05		
0.000543777		0.000401359		0.997258		0.00179705		
0.000631788		0.00141734		0.997184		0.00076728		
0.383602		0.183016		0.371889		0.0614934		
0.996508		0.000639558		0.000177655		0.00267498		
0.123077		0.454545		0.220979		0.201399		
0.000470295		0.00130051		0.997039		0.00119013		
0.000591334		0.000137978		0.996219		0.00305194		
0.00174889		0.996199		0.000365586		0.00168631		
0.000822251		0.00130038		0.000178154		0.997699		
0.28052		0.127057		0.321087		0.271336		
0.000510637		0.997566		0.00152811		0.000394842		
0.996477		0.00105782		0.000894674		0.00157094		
0.000808243		0.997574		0.000797733		0.000819805		
0.000424263		0.000469683		0.998941		0.000164647		
9.43624e-06		5.94567e-05		0.999895		3.65759e-05		
0.00228633		0.996602		0.000431794		0.000680309		
0.000245764		0.999137		0.00033689		0.000280627		
0.182055		0.341136		0.241873		0.234937		
0.000987136		0.000566667		0.997301		0.00114542		
0.996922		0.00150947		0.000115101		0.00145356		
0.199662		0.260025		0.166315		0.373997		
0.000698952		0.996543		0.000911417		0.00184666		
0.297131		0.0655738		0.495902		0.141393		
0.255311		0.3002		0.171944		0.272545		
0.00107411		0.997664		3.91061e-05		0.00122272		
0.276056		0.183099		0.533521		0.00732394		
9.89023e-05		0.00170332		0.001772		0.996426		
0.998734		0.000477687		0.000239459		0.000548479		
0.000138534		0.000591681		0.998172		0.00109791		
0.999465		0.000197291		0.000115863		0.000222003		
0.22704		0.276311		0.141506		0.355144		
0.00140986		0.000744947		0.000677225		0.997168		
0.000328925		0.000907647		0.998121		0.000642335		
0.000374538		0.00082274		0.000662097		0.998141		
0.294789		0.241537		0.273868		0.189806		
5.82963e-06		1.58913e-05		1.7166e-06		0.999977		
0.143621		0.0771581		0.595875		0.183346		
0.373107		0.0193822		0.548153		0.059358		
0.000146479		2.41891e-05		0.00029027		0.999539		
0.377679		0.353125		0.234821		0.034375		
