0.337681		0.136412		0.224885		0.301022		
0.0665973		0.316337		0.26847		0.348595		
0.999465		0.000372455		1.98416e-05		0.00014286		
0.405382		0.332337		0.240496		0.0217856		
0.997148		0.000462059		0.00131723		0.00107227		
0.999984		1.58065e-06		7.43435e-06		6.61e-06		
0.000745024		0.996195		0.000274863		0.0027848		
0.227372		0.240213		0.266207		0.266207		
0.00225851		0.000536646		0.996539		0.000665786		
0.146552		0.0584975		0.266626		0.528325		
0.00101978		0.00126232		0.997332		0.000385863		
0.999914		4.99783e-05		2.43934e-05		1.15658e-05		
0.0015301		0.000806685		0.997113		0.000549934		
0.000526259		0.99877		0.000417209		0.000287001		
0.00128205		0.297436		0.126923		0.574359		
0.202747		0.368215		0.0340092		0.395029		
0.000165623		2.12192e-05		0.999645		0.000168627		
0.370843		0.0291572		0.348064		0.251936		
0.00213852		0.000188153		0.996102		0.00157177		
0.0197835		0.300859		0.338186		0.341172		
0.302656		0.00864731		0.37554		0.313156		
0.00032755		0.000338079		2.33965e-06		0.999332		
0.997957		0.00116139		0.000551426		0.000330153		
6.48687e-05		0.00164992		0.000578178		0.997707		
0.0138787		0.176771		0.499635		0.309715		
0.000481248		0.000188314		0.00163903		0.997691		
0.328561		0.133031		0.240922		0.297486		
0.118383		0.305794		0.270029		0.305794		
0.044157		0.302409		0.426851		0.226583		
0.355795		0.396676		0.0907457		0.156783		
0.000228375		0.00100849		0.00100142		0.997762		
0.219974		0.359008		0.163838		0.25718		
0.000445988		0.000817644		0.000861368		0.997875		
0.00141988		0.000416818		0.000518773		0.997645		
0.113967		0.414161		0.28807		0.183802		
0.0788913		0.38806		0.148721		0.384328		
0.530284		0.444376		0.00865266		0.0166873		
0.000352942		0.00145531		0.997793		0.000398778		
0.210779		0.492529		0.0368196		0.259872		
0.000488187		0.00063589		0.998766		0.000110298		
0.000982845		0.996605		0.00198014		0.000431543		
0.000775028		0.00152286		6.79849e-06		0.997695		
0.000250119		0.000166746		0.00144251		0.998141		
0.000780081		0.000800231		0.000892344		0.997527		
0.309693		0.369188		0.204886		0.116233		
0.99752		0.00100121		0.000420728		0.00105853		
0.997836		0.000662432		0.00149449		7.14212e-06		
0.110029		0.343266		0.370774		0.175931		
0.997055		0.00101281		0.000643611		0.00128889		
0.125		0.316949		0.374576		0.183475		
0.186864		0.337188		0.457447		0.0185014		
0.286118		0.260332		0.120452		0.333098		
0.0844156		0.226551		0.347042		0.341991		
0.0273224		0.464481		0.145355		0.362842		
0.124674		0.473657		0.0751174		0.326552		
0.000833735		0.996098		0.00170607		0.00136254		
0.219403		0.269798		0.277683		0.233116		
0.0018758		0.996203		0.00180101		0.000120067		
0.238212		0.366544		0.367774		0.0274703		
0.190985		0.327402		0.357651		0.123962		
0.201737		0.278721		0.303593		0.215949		
0.039548		0.311676		0.554614		0.094162		
0.999102		0.000501332		0.000136537		0.000260568		
0.0282436		0.400706		0.178288		0.392763		
0.43459		0.383038		0.0698448		0.112528		
0.00119947		1.91067e-05		0.00190642		0.996875		
0.00096288		0.0011928		0.000637291		0.997207		
0.437768		0.314531		0.066217		0.181484		
0.217078		0.287551		0.130658		0.364712		
0.0363857		0.553062		0.235294		0.175258		
9.01712e-05		1.47292e-05		0.000203693		0.999691		
0.997633		0.00111917		6.25851e-05		0.00118543		
0.00671592		0.516454		0.263264		0.213566		
0.140745		0.426068		0.427163		0.0060241		
0.000764535		0.997301		0.00185006		8.46242e-05		
3.36941e-05		2.65913e-05		0.999914		2.56521e-05		
0.33266		0.0026936		0.360269		0.304377		
0.000797146		0.000407163		0.998066		0.000729285		
0.124928		0.297421		0.305444		0.272206		
0.132852		0.355688		0.360357		0.151104		
0.0431235		0.384615		0.324786		0.247475		
0.000751793		0.000867737		0.000357033		0.998023		
0.324647		0.298588		0.124864		0.2519		
0.996277		0.00137979		0.0018567		0.000486168		
0.000711534		0.00107506		0.000842314		0.997371		
0.999328		0.000140116		0.000308936		0.000222823		
0.000373052		0.000317265		0.998934		0.000376088		
0.000839947		0.00123812		0.997746		0.000175837		
0.0014058		0.00192515		0.996191		0.000477639		
0.000181824		4.61426e-05		0.999648		0.000123596		
0.441233		0.191233		0.099711		0.267823		
3.5879e-05		0.999934		1.04306e-05		2.00966e-05		
0.000360152		0.000160067		0.999289		0.000190719		
0.380541		0.222222		0.346575		0.0506621		
0.40573		0.146488		0.299908		0.147874		
0.501277		0.206438		0.075626		0.216658		
0.996496		0.00156718		0.00192989		6.84357e-06		
0.00060469		0.998863		8.4361e-05		0.000447668		
0.997812		0.000277155		0.00113025		0.000780091		
0.318677		0.268253		0.143606		0.269463		
0.999977		4.50923e-06		5.92492e-06		1.30034e-05		
0.000168105		0.999551		2.53695e-05		0.000255745		
0.99823		0.000222528		0.000627741		0.000919262		
0.199786		0.307445		0.149438		0.343332		
0.340627		0.416484		0.0547046		0.188184		
0.00034785		0.000998013		0.998316		0.000337731		
0.230548		0.174352		0.308838		0.286263		
0.000271194		0.00122872		0.00104306		0.997457		
1.48273e-05		0.000329907		0.999332		0.000323235		
0.210675		0.349778		0.039628		0.399919		
0.000349681		0.000887652		0.000813449		0.997949		
0.999617		0.000104034		0.00011217		0.000166609		
0.999316		0.000142771		0.000445383		9.54393e-05		
0.0645995		0.186908		0.55814		0.190353		
0.00154306		0.996523		0.0011018		0.000831701		
0.57204		0.141227		0.286733		0		
0.00065407		0.998008		0.000828488		0.000509629		
0.309592		0.134406		0.518093		0.0379092		
0.000605741		0.998289		0.000486494		0.000618703		
0.142857		0.194744		0.356469		0.30593		
0.0705256		0.576181		0.264804		0.0884897		
0.200403		0.276613		0.391532		0.131452		
0.000135759		0.000497208		0.999215		0.000152189		
4.20001e-05		0.000269896		0.999371		0.00031701		
0.000531087		0.000801131		0.000390439		0.998277		
0.2585		0.349608		0.36966		0.0222319		
0.999039		0.000641293		9.6194e-05		0.000223451		
0.16325		0.298259		0.31412		0.224371		
0.997113		0.000537482		0.00147032		0.000878922		
0.000327439		0.000708906		0.9975		0.00146365		
8.4529e-05		0.999434		0.000455346		2.6531e-05		
0.996918		0.00111587		0.000620992		0.00134516		
0.000605133		0.000895704		0.000639788		0.997859		
0.596865		0.137304		0.0896552		0.176176		
1.68079e-05		0.999867		2.16102e-05		9.43944e-05		
0.0278388		0.478388		0.0307692		0.463004		
0.0845612		0.432415		0.308136		0.174888		
0.0403226		0.58933		0.0911911		0.279156		
0.321246		0.356326		0.206149		0.116279		
0.319428		0.334492		0.303978		0.0421012		
0.000421116		0.000166451		0.999324		8.82139e-05		
0.538813		0.131659		0.0707763		0.258752		
0.000992466		0.000251541		0.0010099		0.997746		
0.0859551		0.538202		0.373596		0.00224719		
0.442576		0.253244		0.201826		0.102355		
0.998879		0.000394342		0.000472727		0.000254024		
0.00034375		7.19751e-05		0.999484		9.98999e-05		
0.251902		0.378855		0.286744		0.082499		
0.00022385		0.997996		0.000143264		0.00163679		
0.163025		0.453782		0.351261		0.0319328		
0.269264		0.25		0.36601		0.114726		
0.000937918		0.000841011		0.997379		0.000842165		
0.282833		0.428236		0.287992		0.000938086		
0.000242522		0.000542673		0.997812		0.00140231		
0.997254		0.0012707		0.000227613		0.00124778		
0.0002136		0.998641		0.000360382		0.000785392		
0.000342476		0.996289		0.00257091		0.000797547		
0.000569684		0.998914		0.000143738		0.000372515		
0.999664		0.000168884		3.80499e-05		0.000129003		
3.95665e-05		7.57363e-05		0.999809		7.61035e-05		
0.101364		0.240455		0.308182		0.35		
0.997082		0.00109255		0.00101683		0.000808594		
0.996398		0.00154465		0.00125796		0.000798955		
0.000638393		6.11448e-05		0.998832		0.000468431		
0.322776		0.102003		0.396833		0.178388		
0.999887		6.38094e-05		4.28708e-05		6.60098e-06		
0.146782		0.373626		0.265306		0.214286		
0.996953		0.00222552		0.00014638		0.000674975		
0.348232		0.308411		0.136936		0.20642		
0.387241		0.230394		0.0751727		0.307192		
0.217867		0.276657		0.287032		0.218444		
0.420931		0.302905		0.273398		0.00276625		
0.000638081		0.00210908		0.996223		0.00103018		
0.998586		0.000433311		0.000590966		0.000389786		
0.00238394		0.99718		0.000301653		0.000134719		
0.00101147		0.00115722		0.000335214		0.997496		
0.15087		0.101547		0.588008		0.159574		
0.997598		6.54193e-05		0.00100673		0.00133019		
0.00143755		0.997266		0.000447911		0.000848912		
8.83031e-05		0.000110101		4.72061e-06		0.999797		
0.996723		0.000233312		0.00272837		0.000315657		
0.000182728		0.000104653		0.99957		0.000142306		
0.000496546		0.00188496		0.99759		2.86469e-05		
0.999129		5.9467e-05		0.000343732		0.000467894		
0.175439		0.30622		0.347687		0.170654		
0.474594		0.456784		0.0550026		0.0136197		
0.0508997		0.25347		0.407198		0.288432		
0.996945		0.00203908		0.000759091		0.00025652		
0.268555		0.0415039		0.431641		0.258301		
0.204852		0.654987		0.126011		0.0141509		
0.323636		0.260826		0.164628		0.250909		
0.324324		0.271128		0.0686401		0.335907		
0.144451		0.350251		0.408812		0.0964863		
0.000631786		0.997984		0.00122703		0.000156805		
0.000290895		0.99723		0.00101555		0.00146308		
0.240479		0.166453		0.362003		0.231065		
0.00155108		0.000525168		0.996141		0.00178313		
0.150259		0.207994		0.0392302		0.602517		
0.000764428		0.000915634		0.00139025		0.99693		
0.996824		0.000556044		0.0011799		0.00143984		
0.241415		0.436524		0.308533		0.0135276		
0.000697414		0.000314131		0.998285		0.000703299		
0.00182563		8.46766e-05		0.00130063		0.996789		
0.00217461		0.000532497		0.996719		0.000574144		
0.092973		0.274054		0.297297		0.335676		
0.151699		0.218247		0.312343		0.31771		
0.00122535		0.000464477		0.00150548		0.996805		
0.0256055		0.0982699		0.281661		0.594464		
0.309656		0.289689		0.109002		0.291653		
0.358318		0.356124		0.0936015		0.191956		
0.358093		0.176066		0.281522		0.184319		
0.27957		0.00860215		0.511828		0.2		
0.00124626		0.000358963		0.996547		0.0018479		
0.000332047		0.997926		0.0005606		0.00118157		
0.328789		0.0818039		0.220241		0.369166		
0.00171277		0.997086		0.00076019		0.000441098		
0.382643		0.244576		0.290927		0.081854		
0.000906501		0.997434		0.000726544		0.000933361		
3.01096e-05		4.95409e-05		5.70683e-05		0.999863		
0.262755		0.403912		0.0884354		0.244898		
0.264475		0.299457		0.142039		0.294029		
0.000580556		0.996734		0.00135995		0.00132512		
0.996566		0.00100156		0.00116703		0.00126501		
0.280862		0.180927		0.00457218		0.533638		
0.998629		0.000578162		0.000756184		3.67476e-05		
0.335377		0.291594		0.145359		0.227671		
0.000545021		0.00133822		0.000605038		0.997512		
0.000714375		0.00136497		0.997023		0.000897221		
0.469027		0.00353982		0.251327		0.276106		
0.166477		0.0741163		0.192132		0.567275		
3.07998e-05		6.80406e-05		0.999824		7.69409e-05		
0.000979425		0.997082		0.00115125		0.000787289		
0.259225		0.40452		0.0239852		0.312269		
0.000500168		0.000926173		0.00146428		0.997109		
0.000136525		0.000228031		0.99932		0.000315132		
0.00019673		0.00122254		0.996824		0.00175652		
0.488189		0.0479003		0.455381		0.00853018		
4.41276e-05		0.00192507		0.996941		0.0010894		
0.00016646		0.000722018		0.000576366		0.998535		
0.996504		0.000703616		0.00128473		0.00150775		
0.998418		0.000523466		0.000560201		0.000498364		
0.0306279		0.582695		0.0298622		0.356815		
7.21436e-05		6.97021e-05		0.999793		6.51855e-05		
0.143114		0.137714		0.29883		0.420342		
0.234711		0.161322		0.287273		0.316694		
0.00102142		0.000570447		0.000146419		0.998262		
0.270882		0.153005		0.190086		0.386027		
0.265458		0.0309168		0.267591		0.436034		
0.996996		0.000647973		0.00119067		0.00116526		
0.319601		0.218605		0.202326		0.259468		
0.227688		0.329615		0.0157201		0.426978		
0.285714		0.272		0.35581		0.0864762		
0.257155		0.253475		0.0928046		0.396566		
0.581461		0.246489		0.00561798		0.166433		
0.338857		0.256869		0.0619276		0.342346		
0.103469		0.455265		0.361534		0.0797322		
0.235689		0.329682		0.187986		0.246643		
0.277023		0.226372		0.237974		0.25863		
0.000879053		0.0010961		0.000294374		0.99773		
0.387907		0.2234		0.300353		0.0883392		
0.00130095		0.00104199		0.996508		0.00114925		
0.221189		0.35969		0.259432		0.15969		
0.193247		0.373612		0.183474		0.249667		
0.164225		0.582884		0.0670779		0.185813		
0.127335		0.338925		0.323675		0.210065		
0.99673		0.00103367		0.000155931		0.00207992		
0.999109		0.000421023		0.000411058		5.85446e-05		
9.6047e-05		0.998523		0.000948944		0.000431571		
0.178447		0.290846		0.104287		0.426419		
0.258175		0.297218		0.339678		0.104929		
0.27634		0.235983		0.261553		0.226124		
0.351088		0.455899		0.0378007		0.155212		
0.104097		0.674419		0.0653378		0.156146		
0.241589		0.023166		0.442361		0.292885		
0.0315135		0.304483		0.436307		0.227696		
0.000358661		0.000382115		0.998664		0.000595162		
0.998875		0.000492906		1.4685e-05		0.000617409		
0.0971591		0.01875		0.372727		0.511364		
0.10429		0.122786		0.382527		0.390397		
3.64775e-05		5.64739e-06		0.999945		1.25626e-05		
0.31652		0.0606725		0.0562865		0.56652		
0.00103776		0.00169966		0.996887		0.000375863		
0.291741		0.10814		0.0796197		0.520499		
0.15451		0.263174		0.285204		0.297112		
0.185312		0.221002		0.338367		0.255319		
0.389769		0.00304507		0.479294		0.127893		
0.227743		0.303313		0.109731		0.359213		
0.246789		0.236677		0.250068		0.266466		
0.048926		0.278043		0.333532		0.339499		
0.240531		0.171808		0.226084		0.361578		
0.452233		0.121588		0.0700993		0.356079		
0.00149612		0.000951638		0.996867		0.00068505		
0.200999		0.0873908		0.0761548		0.635456		
0.176503		0.404788		0.256125		0.162584		
5.62676e-05		0.00174054		0.996504		0.00169928		
0.402493		0.171416		0.405165		0.0209261		
4.33573e-05		0.999586		2.92662e-05		0.000341439		
0.141926		0.421126		0.0144253		0.422522		
7.03799e-05		0.999605		0.000163211		0.00016094		
0.000966571		0.00074062		0.998207		8.5778e-05		
0.320533		0.331505		0.318574		0.0293887		
0.419617		0.0708067		0.404527		0.105049		
0.284503		0.215883		0.366615		0.132999		
0.155805		0.281648		0.093633		0.468914		
0.000707035		0.000647744		0.998254		0.000391315		
0.000471588		0.000299968		0.000665944		0.998563		
0.0943396		0.266741		0.328524		0.310396		
0.998582		0.000490492		0.000520219		0.000407257		
0.000703031		0.00131589		0.000531859		0.997449		
0.453564		0.0961123		0.397408		0.0529158		
0.10087		0.413913		0.171014		0.314203		
0.348052		0.11243		0.260482		0.279035		
0.996973		0.00111809		0.00137932		0.000529934		
0.000873685		0.000812374		0.997633		0.000681129		
0.000375		0.997422		0.000966595		0.00123653		
0.000293449		0.000357487		0.000653751		0.998695		
2.49256e-05		0.000473586		0.0010718		0.99843		
0.430108		0.344086		0.133065		0.0927419		
0.000268037		0.00168008		0.00120422		0.996848		
0.255226		0.235424		0.274752		0.234598		
0.000719103		0.00134579		0.997668		0.000267137		
0.552687		0.0802512		0.230984		0.136078		
0.99732		0.000883139		0.00104371		0.00075284		
0.1165		0.472658		0.218735		0.192107		
0.390085		0.405088		0.0163079		0.188519		
0.346577		0.11369		0.158537		0.381196		
0.000814663		0.000556719		8.56491e-05		0.998543		
0.0170828		0.505913		0.103811		0.373193		
0.000991638		0.00113165		0.00085327		0.997023		
0.0313688		0.313688		0.573194		0.081749		
0.133413		0.0667064		0.339488		0.460393		
0.277455		0.170543		0.311047		0.240956		
0.996945		0.000902121		0.00043247		0.0017201		
0.443599		0.0165622		0.182184		0.357654		
0.00123008		0.996102		0.0012726		0.00139575		
0.00038766		0.000336674		5.30099e-05		0.999223		
0.000359917		0.99843		0.000531224		0.000679171		
0.219482		0.211776		0.266646		0.302096		
0.998289		0.00101423		0.000440836		0.00025587		
0.000398522		0.999105		0.000178906		0.000317103		
0.196441		0.558522		0.112252		0.132786		
0.335015		0.228052		0.184662		0.25227		
0.210631		0.24186		0.281728		0.265781		
0.000518763		0.00122271		0.998188		7.10287e-05		
0.286252		0.457627		0.20904		0.047081		
0.315653		0.257115		0.12969		0.297542		
6.5e-05		0.999844		6.67045e-05		2.45455e-05		
0.000293755		0.998965		0.00039635		0.000345052		
0.222524		0.126866		0.113297		0.537313		
0.299742		0.244509		0.278424		0.177326		
0.340798		0.375852		0.225414		0.0579357		
0.998992		2.11948e-05		1.90753e-05		0.000967542		
0.358311		0.190186		0.123621		0.327881		
0.348226		0.387648		0.00919842		0.254928		
0.0013849		0.997262		0.000864905		0.000488479		
0.00176234		0.997645		4.54066e-05		0.000547717		
0.23051		0.319538		0.406641		0.0433109		
0.996617		0.00183662		0.00133758		0.000208614		
0.00234082		0.427434		0.195693		0.374532		
0.00112702		0.000717857		0.99691		0.00124497		
0.000579309		0.000172037		0.998676		0.000572872		
0.316327		0.17551		0.364286		0.143878		
0.000259771		0.000292503		0.000236788		0.999211		
0.00112434		0.00177864		1.88965e-05		0.997078		
0.000139642		0.0023482		0.00104732		0.996465		
0.527431		0.126559		0.138404		0.207606		
0.44368		0.268272		0.134996		0.153052		
0.326557		0.202668		0.427573		0.043202		
0.193674		0.237956		0.118248		0.450122		
0.362101		0.147264		0.125597		0.365039		
0.346043		0.291739		0.224726		0.137493		
0.10675		0.171115		0.39011		0.332025		
0.321237		0.215348		0.0487805		0.414634		
0.000946551		0.0015843		0.001059		0.99641		
0.278334		0.189027		0.284341		0.248298		
0.0305732		0.23758		0.480892		0.250955		
0.998617		0.00060246		0.000746355		3.39971e-05		
0.000264306		0.998512		0.000170154		0.00105382		
0.179306		0.300276		0.257906		0.262512		
0.155385		0.307692		0.201923		0.335		
0.161574		0.431944		0.216204		0.190278		
0.41979		0.258871		0.0394803		0.281859		
0.529762		0.366883		0.0914502		0.0119048		
0.418888		0.313785		0.226961		0.0403656		
0.144543		0.583481		0.0141593		0.257817		
0.359749		0.075716		0.391134		0.173401		
0.996703		0.00147486		0.000654326		0.00116769		
0.000773979		0.998035		0.000695917		0.000494948		
0.0515518		0.431352		0.431352		0.0857443		
0.000974624		0.997719		0.000791018		0.000515608		
0.27368		0.0838223		0.403185		0.239313		
0.41896		0.159458		0.0707733		0.350808		
0.432581		0.233584		0.208521		0.125313		
0.234899		0.343241		0.354746		0.0671141		
0.0748031		0.377953		0.269685		0.277559		
0.0944522		0.305478		0.28441		0.31566		
0.260906		0.254433		0.23445		0.250211		
0.166299		0.147167		0.142016		0.544518		
0.439299		0.377972		0.10826		0.0744681		
0.000402385		0.99807		0.000862045		0.000665258		
0.0696921		0.223663		0.255538		0.451108		
0.0669993		0.0406272		0.184604		0.707769		
0.00107117		0.000876596		0.997895		0.000157705		
0.00137646		0.000549276		0.997543		0.000531294		
0.998008		1.04167e-05		1.04167e-05		0.00197135		
0.00104959		0.000183301		0.996316		0.00245071		
0.153755		0.459491		0.19929		0.187463		
0.267633		0.0031348		0.363636		0.365596		
0.266467		0.00748503		0.473802		0.252246		
0.199832		0.282955		0.402183		0.115029		
0.000955811		0.00152753		0.000461975		0.997055		
0.000223697		0.000646235		0.000790224		0.99834		
0.235686		0.271638		0.084332		0.408344		
0.115925		0.496487		0.339578		0.0480094		
0.301344		0.228727		0.285988		0.183941		
0.44252		0.256373		0.0817701		0.219336		
0.467328		0.203617		0.292882		0.0361727		
0.232172		0.0779436		0.661692		0.0281924		
0.000958817		0.997379		0.00084239		0.000819887		
0.222102		0.0204852		0.301348		0.456065		
0.215081		0.391174		0.360754		0.0329906		
0.0501099		0.423297		0.275604		0.250989		
0.996953		0.000953714		0.000404859		0.0016883		
0.369728		0.554015		0.0710572		0.00519931		
6.45048e-05		0.999844		6.71829e-05		2.45623e-05		
0.109084		0.356853		0.183698		0.350365		
0.000458303		0.000491837		0.998566		0.000483454		
0.122336		0.0757695		0.0639305		0.737964		
0.000869896		0.997898		0.00103105		0.000200619		
0.000958214		0.000291542		0.00167993		0.99707		
0.208964		0.278431		0.152941		0.359664		
0.000720633		0.000691124		0.00142418		0.997164		
0.000242805		0.0017609		0.997574		0.000422072		
0.317269		0.404284		0.0352521		0.243195		
0.287632		0.271359		0.11188		0.329129		
0.999621		8.72957e-05		0.000204315		8.72957e-05		
0.999859		5.21112e-05		7.16764e-05		1.68374e-05		
0.00159862		0.997812		0.00028964		0.000299241		
0.0011645		8.28966e-05		0.996258		0.00249479		
0.342408		0.254083		0.262553		0.140956		
0.294118		0.363322		0.0716757		0.270885		
0.00132261		0.0014092		0.996453		0.000815065		
8.15263e-05		6.22015e-05		0.999773		8.28347e-05		
0.519481		0.235065		0.174026		0.0714286		
0.00149447		0.000601106		0.000103639		0.997801		
0.0483768		0.404201		0.119669		0.427753		
0.210893		0.139329		0.49715		0.152628		
1.46684e-05		0.99991		3.47521e-05		4.04233e-05		
0.000848475		0.00048138		0.996184		0.00248655		
0.99841		0.000111895		0.00075063		0.000727319		
0.486882		0.360242		0.13219		0.0206862		
0.465777		0.037703		0.417633		0.0788863		
0.295314		0.251551		0.149897		0.303239		
0.0677618		0.356776		0.291068		0.284394		
0.242273		0.398804		0.0817547		0.277168		
0.00123949		0.99777		0.000375836		0.000615143		
0.00074085		0.000822561		0.000631901		0.997805		
0.0102289		0.261568		0.407209		0.320994		
0.000997308		0.000294261		0.997789		0.000919368		
0.000116373		0.99959		0.000198203		9.55802e-05		
0.121087		0.327018		0.357496		0.194399		
0.332356		0.311339		0.238025		0.11828		
6.08947e-05		4.05608e-05		0.999875		2.35445e-05		
0.000168963		0.000110157		0.000560724		0.99916		
0.303757		0.11589		0.229063		0.35129		
0.434539		0.366276		0.013245		0.18594		
0.000331781		0.000714606		0.000605957		0.998348		
0.000371662		0.000943305		0.998172		0.000513158		
0.999098		0.000464692		0.000400096		3.75559e-05		
0.000704925		0.996359		0.00213039		0.00080531		
0.0012009		0.00142684		0.997145		0.000227726		
1.01547e-05		4.37923e-05		2.80842e-05		0.999918		
0.143687		0.18542		0.23719		0.433703		
0.0430733		0.546566		0.253201		0.157159		
0.161379		0.238621		0.242759		0.357241		
0.00931099		0.22067		0.378026		0.391993		
0.360268		0.342531		0.280646		0.016555		
0.000121921		0.999668		0.000138107		7.20031e-05		
0.0785563		0.351592		0.41741		0.152442		
0.160016		0.254304		0.320031		0.265649		
0.00045912		0.998422		0.000738271		0.000380734		
0.997074		0.000984291		0.000690809		0.00125068		
0.0134328		0.707463		0.202239		0.0768657		
0.201408		0.17277		0.173709		0.452113		
0.000366604		0.00129072		0.997852		0.000491111		
0.435437		0.0196873		0.454545		0.0903301		
0.000245129		0.000973368		0.000183847		0.998598		
0.267896		0.176067		0.284526		0.271511		
0.432941		0.0129412		0.184118		0.37		
0.000580118		0.000820553		0.00125949		0.99734		
0.219119		0.200859		0.451128		0.128894		
0.339226		0.380892		0.188131		0.0917508		
0.32909		0.303632		0.345189		0.0220891		
0.000752973		0.000652367		0.997406		0.00118841		
0.3945		0.2105		0.0985		0.2965		
0.997859		0.000664623		0.00135286		0.000123141		
0.00026989		0.996137		0.00107956		0.00251383		
0.00169422		0.00108646		0.99716		5.91634e-05		
0.261998		0.0302911		0.347364		0.360346		
0.240711		0.0193861		0.384491		0.355412		
0.308716		0.0151376		0.412844		0.263303		
0.997477		0.00116106		0.000345909		0.00101646		
0.120046		0.379954		0.254954		0.245046		
0.999051		0.000222043		0.000185819		0.000541357		
0.268543		0.262838		0.100799		0.36782		
0.181024		0.277154		0.487516		0.0543071		
0.114227		0.231874		0.270178		0.383721		
0.347141		0.171094		0.262044		0.219721		
0.383333		0.207265		0.0282051		0.381197		
0.998789		0.000136404		0.000522791		0.000551742		
0.000342539		0.00156659		0.99748		0.000610402		
0.283831		0.353227		0.203331		0.159611		
0.000299128		0.00122428		0.997531		0.000945344		
0.00063664		0.00138951		0.997844		0.000130104		
1.39809e-05		0.999824		0.000127722		3.40786e-05		
0.164794		0.134831		0.02397		0.676404		
0.00155521		0.00197462		0.000364705		0.996105		
0.00150372		0.996137		0.00166183		0.000697728		
0.333489		0.175128		0.348859		0.142524		
0.000848828		0.00151668		0.996477		0.00115793		
9.9416e-06		0.000302836		0.999313		0.000374722		
0.416773		0.149808		0.252881		0.180538		
0.000136589		0.000158392		0.000302676		0.999402		
0.25068		0.190321		0.462208		0.0967917		
0.337833		0.29698		0.062167		0.30302		
0.999777		9.96361e-05		1.18614e-05		0.000111159		
0.000353564		0.998437		0.000631818		0.000577118		
0.10872		0.205549		0.489807		0.195923		
0.998863		5.54497e-05		0.000639024		0.000442245		
0.999426		0.000504634		5.78897e-05		1.16949e-05		
0.000635507		0.000363488		0.000188505		0.998812		
0.00021793		0.999465		7.95854e-05		0.000237641		
0.998848		0.000374788		0.000428144		0.000349412		
0.000176807		0.999422		0.000220346		0.000180972		
0.164126		0.280269		0.294619		0.260987		
0.997355		0.00130345		0.000916862		0.00042422		
0.000859249		0.000131384		0.996652		0.00235702		
6.50191e-05		0.999836		5.54643e-05		4.35791e-05		
0.234837		0.0730949		0.386858		0.30521		
0.357276		0.162848		0.297214		0.182663		
0.000345245		0.999465		8.56663e-05		0.000104245		
0.000394131		0.00105758		0.996926		0.0016225		
0.0563549		0.284173		0.552758		0.106715		
0.000540655		9.99935e-05		0.000523414		0.998836		
0.998078		0.000984571		0.000423396		0.000513908		
0.264088		0.27698		0.110497		0.348435		
0.27574		0.087574		0.486982		0.149704		
0.000339251		0.000678503		0.998379		0.000603339		
0.00131323		0.000598266		0.996891		0.00119787		
0.641304		0.00339674		0.0591033		0.296196		
0.184141		0.377974		0.181938		0.255947		
0.201874		0.344006		0.340882		0.113237		
0.159556		0.198379		0.40657		0.235495		
0.000993404		0.000877566		0.00145325		0.996676		
0.00033971		0.000202818		0.00038716		0.99907		
0.338164		0.14533		0.217794		0.298712		
0.28361		0.191465		0.268882		0.256042		
0.997684		3.37341e-05		0.00176167		0.000521004		
0.109473		0.370867		0.319482		0.200179		
0.998902		5.56979e-05		0.000676526		0.000365433		
0.35746		0.00976909		0.228686		0.404085		
0.000383185		0.000143895		0.000363545		0.999109		
0.0469887		0.387161		0.126406		0.439444		
0.15738		0.71988		0.0896084		0.0331325		
0.00193433		0.0016546		0.000122012		0.996289		
0.471653		0.185326		0.232968		0.110052		
0.000826462		0.00131581		0.996629		0.00122882		
0.0236275		0.0257123		0.359972		0.590688		
0.000132102		0.998219		0.00100675		0.000642401		
0.000118538		4.4121e-05		9.12476e-05		0.999746		
0.404825		0.0666667		0.12807		0.400439		
0.388751		0.246889		0.0433051		0.321055		
0.0011561		0.000937479		0.00140251		0.996504		
0.142695		0.362983		0.179031		0.315291		
0.342847		0.0469653		0.345376		0.264812		
0.475835		0.0358744		0.132536		0.355755		
0.210834		0.33749		0.137568		0.314108		
0.196841		0.264885		0.342649		0.195626		
0.0010779		0.000696918		0.997105		0.00111971		
0.448165		0.126147		0.351376		0.0743119		
0.997207		0.0010343		0.000795208		0.000963459		
0.000549601		0.000847075		0.997965		0.00063848		
0.424303		0.338645		0.15405		0.0830013		
0.0594432		0.458239		0.352897		0.129421		
0.169795		0.329352		0.206058		0.294795		
0.406535		0.245313		0.140868		0.207284		
0.248223		0.265719		0.266266		0.219792		
0.00119651		0.00113683		0.996691		0.000975256		
0.370619		0.0868939		0.422468		0.120019		
0.000610929		0.000338781		0.000265133		0.998785		
0.329718		0.116052		0.16974		0.38449		
0.32125		0.405417		0.15		0.123333		
0.361522		0.143235		0.019556		0.475687		
4.29498e-06		4.79274e-06		2.63103e-06		0.999988		
0.000316322		0.000196973		0.999191		0.000295298		
0.165574		0.258365		0.317351		0.25871		
0.0939691		0.291024		0.293128		0.321879		
0.000907935		0.00106252		0.000931885		0.997098		
0.172008		0.0508954		0.437323		0.339774		
0.254181		0.356904		0.264692		0.124224		
0.000242801		0.000181993		0.000184581		0.999391		
0.0901899		0.369198		0.0764768		0.464135		
0.00148023		0.000495092		0.997812		0.000212182		
0.394336		0.156382		0.284446		0.164835		
0.00151975		0.00115156		0.996949		0.000379469		
0.000251148		0.000196665		0.000204531		0.999348		
0.0951914		0.473013		0.168793		0.263003		
0.378745		0.282646		0.208592		0.130017		
0.00871586		0.3957		0.112144		0.48344		
0.000605508		0.997801		0.00110726		0.000486447		
0.403579		0.124751		0.113817		0.357853		
6.10807e-05		1.34213e-05		0.999828		9.7373e-05		
0.380972		0.360964		0.0669661		0.191098		
0.000305411		0.997406		0.00183022		0.000458117		
0.00456882		0.0205597		0.447173		0.527698		
0.19919		0.375304		0.0728745		0.352632		
0.996941		0.00133311		0.000909534		0.000815953		
0.270769		0.457692		0.0815385		0.19		
0.000229697		0.000591403		0.000514838		0.998664		
0.000495514		0.000369966		0.000638426		0.998496		
0.388514		0.130631		0.378378		0.102477		
0.17		0.3375		0.209167		0.283333		
0.0433898		0.16678		0.24		0.549831		
0.000234509		0.99882		0.000216653		0.000728525		
0.207991		0.336859		0.290247		0.164904		
0.344172		0.0815408		0.076038		0.498249		
0.996711		0.000731157		0.000861803		0.0016961		
0.395043		0.173495		0.108751		0.322711		
0.257974		0.193061		0.31897		0.229994		
0.168717		0.535149		0.159051		0.137083		
0.99975		7.84059e-05		5.73557e-05		0.000114238		
0.368331		0.0669694		0.397276		0.167423		
0.000485484		1.41129e-05		0.998906		0.000594153		
0.362911		0.0568295		0.10668		0.473579		
0.2026		0.178395		0.416853		0.202152		
0.000355298		0.99652		0.00294752		0.000177649		
0.000754455		0.000929097		0.00155082		0.996766		
0.00104821		0.00105064		0.000182403		0.997719		
0.999074		0.000250156		0.00040524		0.000270385		
0.0433542		0.524815		0.161438		0.270394		
0.130045		0.621824		0.140508		0.107623		
0.000433039		0.998984		0.000114437		0.00046815		
0.347639		0.214592		0.238913		0.198856		
0.000911526		0.996555		0.00250192		3.18715e-05		
1.34071e-05		0.000426865		0.000169103		0.999391		
0.000666576		0.000933469		0.997566		0.000833549		
0.0741561		0.277255		0.312673		0.335916		
0.997445		0.000852758		0.000876969		0.000824961		
0.254157		0.0266033		0.405701		0.313539		
0.00179729		0.000390832		0.996129		0.00168297		
0.998098		0.000967113		0.00029226		0.000642971		
0.139271		0.185425		0.42753		0.247773		
0.000129353		0.999633		2.29349e-05		0.0002149		
0.0284672		0.313139		0.306204		0.35219		
8.54341e-05		0.999824		9.82628e-06		8.05209e-05		
0.603837		0.316027		0.0553047		0.0248307		
0.169819		0.0542763		0.369655		0.40625		
0.00026977		0.9995		5.88895e-05		0.00017134		
4.16894e-05		0.000251147		0.000199351		0.999508		
0.29623		0.0380512		0.353485		0.312233		
0.000828284		0		0.997426		0.00174593		
0.999805		7.29152e-05		8.8828e-05		3.35693e-05		
0.375877		0.451145		0.0229079		0.15007		
0.342091		0.158748		0.0866406		0.412521		
0.715197		0.0892667		0.144527		0.0510096		
0.138068		0.223864		0.0835227		0.554545		
0.36533		0.338109		0.025788		0.270774		
0.0005108		0.00035494		0.00091551		0.998219		
0.340239		0.012749		0.567331		0.0796813		
0.998734		0.000458471		0.000421875		0.000385279		
0.998051		0.000498461		0.000730126		0.000720632		
0.196769		0.0638767		0.714391		0.0249633		
0.14126		0.224003		0.323518		0.311219		
0.000215182		0.00030997		0.998992		0.00048266		
0.000231908		0.000624068		0.998902		0.00024168		
0.228694		0.459841		0.174126		0.137339		
0.00162002		0.99684		0.000177537		0.0013626		
0.188022		0.300836		0.147168		0.363974		
0.119819		0.400907		0.192358		0.286917		
0.997297		0.000482865		0.000696792		0.00152347		
1.55643e-05		0.000201713		0.000423348		0.999359		
0.00250448		0.99625		0.000406222		0.000839302		
0.999215		0.000430305		0.000261719		9.31322e-05		
0.267748		0.294414		0.18018		0.257658		
0.000599031		0.998848		1.2895e-05		0.000540418		
0.00866739		0.124594		0.524377		0.342362		
0.178372		0.38796		0.299889		0.133779		
0.362648		0.238142		0.205534		0.193676		
0.000553063		0.000470801		0.998344		0.000632386		
0.402584		0.354374		0.105368		0.137674		
0.99723		0.0010275		0.0014457		0.00029634		
0.36255		0.53671		0.0267501		0.0739898		
0.28884		0.291028		0.162655		0.257476		
0.35432		0.243595		0.136778		0.265306		
0.996637		0.00135005		0.000159336		0.0018539		
0.369657		0.199624		0.196336		0.234382		
0.000743565		0.0007549		0.99782		0.000681223		
0.00235301		0.996246		0.000197095		0.0012038		
0.000514036		0.000363083		0.998875		0.000247881		
0.000116035		6.09076e-05		0.999734		8.86827e-05		
0.344533		0.222933		0.206933		0.2256		
0.385485		0.242503		0.324641		0.0473707		
0.00124475		0.00160449		0.997012		0.000139041		
0.310223		0.18018		0.340384		0.169213		
0.308458		0.31592		0.0806681		0.294954		
0.124864		0.00272628		0.40458		0.46783		
0.997109		0.00114413		0.000290488		0.00145601		
0.0321869		0.249118		0.436508		0.282187		
0.999797		2.74363e-05		5.58353e-05		0.000119853		
0.367816		0.0467697		0.251288		0.334126		
0.000880704		0.000969822		0.996582		0.00156744		
0.175914		0.320933		0.491173		0.0119798		
0.00100651		1.96712e-05		0.99698		0.00199335		
0.996109		0.00194181		0.001403		0.000545807		
0.000306412		0.00147115		0.996605		0.00161697		
0.000142929		0.000333501		0.00202748		0.997496		
0.00212689		0.997207		0.000565154		0.00010092		
0.00161313		0.00080549		0.997211		0.000370439		
0.13106		0.277571		0.509856		0.0815131		
4.86295e-05		0.000296198		0.999559		9.65789e-05		
0.997078		0.00100557		0.00103791		0.000878395		
0.253911		0.138232		0.259003		0.348854		
0.200977		0		0.551291		0.247732		
0.00023692		0.99652		0.00139896		0.00184459		
0.293622		0.253558		0.441223		0.0115973		
0.139379		0.375315		0.370697		0.11461		
0.00125545		0.000637563		0.997379		0.000728082		
0.29924		0.213891		0.212509		0.274361		
0.996223		0.00101934		0.00138729		0.00137072		
0.00059777		0.00126727		0.00156855		0.996566		
0.00153256		0.00060201		0.996156		0.00170918		
0.00127113		0.000891397		0.99632		0.00151716		
9.94967e-05		6.42682e-06		0.000112826		0.999781		
0.000160777		0.998879		0.000275928		0.000684389		
0.159704		0.26917		0.212586		0.35854		
0.000252175		0.00065007		0.998492		0.000605568		
0.996105		0.00156337		0.00154947		0.000781686		
0.00128147		0.00095476		0.997098		0.000666112		
6.63603e-05		0.999703		0.000121404		0.00010911		
0.000595939		0.998051		0.000560245		0.000793034		
2.42197e-05		1.6793e-05		0.999934		2.53936e-05		
0.246105		0.396324		0.151418		0.206153		
0.000558783		0.999293		0.000104344		4.39044e-05		
5.92758e-05		0.996266		0.00317395		0.00050115		
0.000160723		0.00159001		0.00106958		0.99718		
0.202742		0.284131		0.237456		0.275671		
0.26693		0.164786		0.518059		0.0502257		
0.00114614		0.001091		0.997465		0.000298022		
0.246797		0.442347		0.0937289		0.217127		
0.000102988		0.000206257		0.000276693		0.999414		
0.000749739		0.996801		0.00101951		0.00142997		
0.195811		0.0733151		0.319672		0.411202		
0.305569		0.170034		0.217841		0.306555		
0.206758		0.249535		0.273404		0.270304		
0.393283		0.160407		0.37384		0.0724702		
0.000593024		0.000441068		0.000766689		0.998199		
0.00119305		0.00256136		3.07486e-05		0.996215		
0.000184488		0.996113		0.00199447		0.00170776		
0.480583		0.248382		0.0598706		0.211165		
0.000454657		0.998797		0.000393178		0.00035529		
4.946e-05		0.000159278		5.29809e-05		0.999738		
0.611251		0.0738875		0.0537364		0.261125		
0.00111488		0.996496		0.000925274		0.00146375		
0.998449		0.000344073		0.000694453		0.000512255		
0.179178		0.13881		0.159348		0.522663		
4.69153e-05		0.0021972		0.000787135		0.996969		
0.0605175		0.404841		0.170284		0.364357		
0.996781		0.000813062		0.00109931		0.00130638		
0.207843		0.159477		0.588889		0.0437908		
0.000845816		0.000655507		3.38326e-05		0.998465		
0.000763856		0.000650257		0.997906		0.000679636		
0.99802		0.00063944		0.000900464		0.000440565		
0.00173731		0.99657		0.0010334		0.000658979		
0.000359327		0.998938		0.000421252		0.000281921		
0.00012164		0.000420577		0.00018044		0.999277		
0.452462		0.24618		0.0356537		0.265705		
0.000110549		0.00010715		0.000126051		0.999656		
0.0438884		0.327728		0.28507		0.343314		
0.0703775		0.0646193		0.620601		0.244402		
0.00030041		0.000333652		0.000971407		0.998395		
0.000758514		0.000312329		0.997879		0.00105025		
7.83685e-05		0.99775		0.00136939		0.000802246		
0.334719		0.277755		0.277755		0.109771		
0.185999		0.0516096		0.340317		0.422075		
0.996141		0.000865726		0.00143841		0.00155524		
0.1606		0.408137		0.315632		0.115632		
0.116461		0.294079		0.418347		0.171113		
0.357392		0.253395		0.268917		0.120295		
0.00149482		0.000196238		0.998055		0.000254256		
0.000506008		0.000148897		0.000188845		0.999156		
0.255669		0.40329		0.0635838		0.277457		
0.000757647		0.99825		0.000657451		0.000334902		
0.173729		0.716102		0.0480226		0.0621469		
8.51293e-05		0.000215137		0.999691		8.32787e-06		
0.0221457		0.264272		0.411909		0.301673		
0.997625		0.00116117		0.000792567		0.000421262		
0.99968		2.75183e-05		0.000291694		1.10073e-06		
0.176012		0.119941		0.296441		0.407606		
0.996117		0.00147304		0.000174		0.00223578		
0.176004		0.161626		0.464056		0.198314		
0.0697545		0.0078125		0.513393		0.40904		
0.996953		0.000735085		0.000973011		0.00133878		
0.324485		0.344529		0.0308776		0.300108		
0.000327078		0.00133821		0.997441		0.00089331		
0.261709		0.333572		0.253486		0.151233		
0.278936		0.258088		0.0294752		0.433501		
0.000118664		3.28927e-05		6.32873e-05		0.999785		
0.996391		0.000591118		0.00165818		0.00136008		
0.020316		0.201467		0.387698		0.390519		
0.286088		0.263502		0.23928		0.211129		
0.406231		0.216249		0.190593		0.186927		
0.000932954		0.000678998		0.00100914		0.997379		
0.227273		0.140063		0.277484		0.35518		
0.338433		0.172925		0.241539		0.247102		
0.363164		0.0970835		0.29964		0.240112		
0.000328988		0.00103183		0.00107669		0.997563		
0.386076		0.380142		0.206092		0.0276899		
0.999141		0.00025821		0.000298288		0.000302877		
0.000500317		0.000224222		0.00158796		0.997687		
0.00108766		0.00135551		0.000115425		0.997441		
0.997977		0.000788884		0.00107404		0.000160509		
0.000535814		0.998918		0.000309523		0.000236694		
0.000773056		0.000537165		0.000935872		0.997754		
0.245925		0.114458		0.287739		0.351878		
0.0738342		0.0110104		0.300518		0.614637		
0.2375		0.236875		0.369375		0.15625		
0.0247317		0.410173		0.336911		0.228185		
0.0163761		0.475964		0.394612		0.113048		
0.00145988		0.997367		0.000139036		0.0010339		
3.71813e-05		0.000187843		0.999453		0.000321851		
0.000668918		0.000794585		0.000497434		0.998039		
0.000288052		0.000199981		0.999227		0.000285404		
0.000145164		0.000148141		6.99763e-05		0.999637		
0.50206		0.0995879		0.350275		0.0480769		
0.111762		0.188398		0.389037		0.310804		
0.999156		2.20256e-05		0.000118599		0.000703125		
0.000280146		0.00053675		0.00183154		0.997352		
0.249775		0.192134		0.280096		0.277995		
0.171053		0.179605		0.121711		0.527632		
0.998711		0.000349104		0.000754753		0.000185205		
0.00107334		0.00040573		0.00106781		0.997453		
0.0945419		0.322937		0.267706		0.314815		
0.000547036		0.998848		0.000378169		0.000227139		
0.996402		0.0020638		0.000595769		0.00093809		
0.00089109		0.998691		0		0.000417504		
0.000103069		0.000581073		0.00019867		0.999117		
0.421603		0.0352787		0.405923		0.137195		
0.381618		0.342651		0.0847099		0.191021		
0.102901		0.101259		0.543514		0.252326		
0.215278		0.345139		0.167361		0.272222		
0.000170667		0.000135632		0.00017417		0.99952		
7.36879e-07		0.999637		8.32673e-05		0.000279277		
0.000426047		0.000141793		0.000631379		0.998801		
0.00124031		0.00042896		0.0013151		0.997016		
0.00113865		0.997012		0.00102532		0.000824307		
0.172656		0.286719		0.354687		0.185938		
0.997641		0.000780325		0.000780325		0.000798724		
0.00100091		0.99675		0.00205284		0.000196256		
0.000697671		0.998176		0.000256848		0.0008697		
0.239099		0.456636		0.00287494		0.30139		
0.284125		0.219585		0.288576		0.207715		
0.0380488		0.035122		0.299512		0.627317		
0.0149639		0.369969		0.110939		0.504128		
0.271274		0.252268		0.183153		0.293305		
0.999051		0.000153332		0.000364219		0.000431667		
0.000755872		0.998789		0.000374079		8.09863e-05		
0.463517		0.101312		0.140157		0.295013		
0.00046369		0.000270486		0.997437		0.00182832		
0.14506		0.0950396		0.352647		0.407253		
0.998945		0.000453946		0.00040927		0.000191471		
0.998734		0.000465238		0.000543513		0.000256873		
0.000732796		0.998918		0.000238793		0.000110442		
0.41504		0.176234		0.0683123		0.340413		
0.0996835		0.333861		0.329114		0.237342		
0.00158942		0.997352		0.000539397		0.000519619		
0.0733333		0.235111		0.317778		0.373778		
0.00114712		0.00145693		0.00095454		0.996441		
0.0955544		0.315278		0.257026		0.332141		
0.000570158		0.999367		4.38583e-05		1.87964e-05		
0.296933		0.209639		0.186384		0.307044		
0.368692		0.263084		0.0901869		0.278037		
0.0506156		0.452804		0.389877		0.106703		
0.99707		0.000823117		0.000628008		0.00147856		
0.117371		0.228706		0.0724346		0.581489		
0.401373		0.230664		0.253089		0.114874		
0.302424		0.0865718		0.342439		0.268565		
0.00108871		0.997344		0.00101429		0.000553251		
0.000373436		0.998871		0.000530058		0.000225413		
0.0618317		0.266388		0.23338		0.438401		
0.201238		0.415893		0.330237		0.0526316		
0.996777		0.00159239		0.000292149		0.00133811		
0.998418		0.00065071		0.000482785		0.000448537		
