0.1002		0.237141		0.364061		0.298597		
0.186925		0.405811		0.150121		0.257143		
0.232041		0.0222349		0.310718		0.435006		
0.33675		0.0183016		0.283309		0.36164		
0.304714		0.253535		0.317845		0.123906		
0.209916		0.373451		0.317073		0.0995602		
0.0684818		0.310231		0.32797		0.293317		
0.458634		0.053859		0.215991		0.271516		
0.299655		0.441597		0.00985707		0.248891		
0.0642709		0.294402		0.0421562		0.599171		
0.000535593		0.997672		0.000920518		0.000872015		
0.00111141		4.14869e-05		0.000476007		0.998371		
0.516756		0.00871314		0.258713		0.215818		
0.996734		0.00102483		0.0012295		0.00101129		
0.323291		0.204712		0.363075		0.108922		
1.44929e-06		1.19837e-06		0.999996		1.25859e-06		
0.99809		0.000505678		0.000420854		0.000983624		
0.000847024		0.998918		4.80014e-05		0.000187005		
0.000939181		0.00175151		0.000133533		0.997176		
0.422176		0.177512		0.222801		0.177512		
0.0324777		0.339969		0.332111		0.295443		
0.000708507		0.000160417		3.34201e-05		0.999098		
0.000835129		0.00100216		0.997336		0.000826778		
0.000476062		0.00035339		0.000576798		0.998594		
0.000458164		0.000185964		0.999133		0.00022306		
0.0336887		0.317271		0.338166		0.310874		
0.000677027		0.998602		0.000634757		8.66538e-05		
0.396755		0.151917		0.0988201		0.352507		
0.000636581		9.63247e-05		0.000747563		0.99852		
0.997941		0.00120018		0.00013512		0.00072329		
0.207131		0.153226		0.398981		0.240662		
0.0623624		0.475422		0.137197		0.325018		
0.055681		0.262227		0.349135		0.332957		
0.000249392		0.9985		0.00120681		4.37956e-05		
0.392413		0.0837148		0.428385		0.0954872		
0.999687		2.02087e-05		0.000179674		0.000112618		
0.00084391		0.997297		0.000243216		0.001616		
0.000557936		0.000480939		0.998684		0.000277531		
0.0026809		0.997176		0.000118027		2.52915e-05		
9.58059e-05		5.60238e-05		9.81702e-05		0.99975		
0.001484		2.66906e-05		0.00064947		0.99784		
0.376953		0.0222656		0.275		0.325781		
0.0311231		0.23816		0.606225		0.124493		
0.00143473		0.000704998		0.000723551		0.997137		
0.0022949		0.000648002		0.000322721		0.996734		
0.000200686		0.999414		0.000231282		0.000153969		
0.000186363		1.09626e-05		0.999727		7.61115e-05		
0.335521		0.309653		0.269112		0.0857143		
0.000985026		0.00205442		0.996555		0.000405867		
0.000370837		0.000474567		0.998555		0.000599908		
0.000340461		0.0014007		0.997363		0.000895559		
0.259326		0.417079		0.138876		0.184719		
0.466125		0.00948509		0.235772		0.288618		
0.112911		0.398481		0.435443		0.0531646		
0.368		0.004		0.122857		0.505143		
0.00991609		0.238749		0.212052		0.539283		
0.20622		0.392833		0.359026		0.0419202		
0.352242		0.292772		0.157823		0.197164		
0.102278		0.360298		0.354254		0.183171		
0.233089		0.395273		0.0521597		0.319478		
0.0942646		0.243044		0.246451		0.416241		
0.000884252		0.000716986		0.000410481		0.997988		
0.0634209		0.248559		0.359385		0.328635		
0.324929		0.240247		0.380114		0.0547098		
0.0111896		0.524146		0.0135453		0.451119		
0.382163		0.0355125		0.287328		0.294996		
0.139057		0.0961306		0.574365		0.190447		
0.00112161		0.000854491		0.996809		0.00121531		
0.0311558		0.30603		0.196985		0.465829		
0.000140521		0.999703		0.000126007		3.03472e-05		
0.275095		0.267471		0.446633		0.0108005		
0.347234		0.320018		0.19842		0.134328		
0.232346		0.230828		0.237661		0.299165		
4.37505e-05		2.9467e-05		0.99984		8.69388e-05		
0.424464		0.0808967		0.35575		0.138889		
0.00178908		0.000603957		0.000993681		0.996613		
0.00123357		0.000857405		0.000592618		0.997316		
0.996641		0.000652555		0.00162449		0.00108233		
0.00105255		0.000583696		0.00075438		0.997609		
0.129696		0.205219		0.330565		0.33452		
0.0604396		0.21978		0.234266		0.485514		
0.0486976		0.430351		0.083239		0.437712		
0.0690476		0.143651		0.702381		0.0849206		
0.000524136		0.00174792		0.000954505		0.996773		
0.0233867		0.32395		0.319186		0.333478		
0.0300092		0.295937		0.253463		0.420591		
0.000123231		0.00194626		0.000547692		0.997383		
0.997051		0.000705862		1.79674e-05		0.00222539		
0.163649		0.653253		0.13615		0.0469484		
0.180223		0.341182		0.220034		0.258562		
0.137605		0.179622		0.511029		0.171744		
0.314249		0.284971		0.218282		0.182498		
0.278909		0.374952		0.34345		0.0026892		
0.00248894		2.64079e-05		1.98059e-05		0.997465		
0.0946148		0.366492		0.286462		0.252431		
0.00164355		0.997895		0.000386719		7.51953e-05		
0.377622		0.275058		0.156954		0.190365		
0.998316		0.000800025		0.000299669		0.0005839		
0.00025617		0.000325053		0.999125		0.000293777		
0.000336066		0.000458443		0.000119553		0.999086		
0.116631		0.161987		0.0107991		0.710583		
0.999379		3.73806e-05		0.000370931		0.000212782		
0.780018		0.0368098		0.0438212		0.139351		
0.000869622		0.00171061		0.997141		0.000279138		
0.000376653		0.999289		0.0001617		0.000172584		
0.00206793		0.00107522		0.000384192		0.996473		
0.266081		0.119156		0.343058		0.271705		
0.000670095		0.00154211		0.00158857		0.996199		
2.59492e-05		0.999914		2.6865e-05		3.31233e-05		
0.274478		0.331461		0.000401284		0.39366		
0.255046		0.259939		0.0740061		0.411009		
0.136816		0.219403		0.422886		0.220896		
0.999262		0.000118462		0.000346585		0.000273234		
0.00100732		0.997375		0.00114106		0.000476626		
0.230104		0.298962		0.30346		0.167474		
0.00148229		0.997254		0.000836937		0.000426871		
0.439764		0.125906		0.163043		0.271286		
0.109261		0.0223725		0.477627		0.390739		
0.999059		0.00042009		0.00018957		0.000331747		
0.000716094		0.000888109		0.000239547		0.998156		
0.997758		0.000499285		0.000424239		0.00131866		
0.000200399		0.000158007		0.000137687		0.999504		
7.30761e-05		0.999805		6.56947e-05		5.65417e-05		
0.997605		0.00128038		0.00104291		7.12423e-05		
0.997059		0.000935552		0.00121275		0.000793102		
0.999637		0.000179201		9.3149e-05		9.09312e-05		
0.000379763		0.996172		0.00250588		0.000942478		
0.0723861		0.284182		0.381463		0.261969		
0.00082523		0.000365739		0.99852		0.0002895		
0.00100057		0.997094		0.00076889		0.00113679		
0.156825		0.0280736		0.529526		0.285576		
0.341696		0.249117		0.303534		0.105654		
0.996105		0.000716494		0.00219692		0.000981122		
0.124386		0.234043		0.118385		0.523186		
0.258897		0.219121		0.240754		0.281228		
0.00047237		0.998648		0.000421072		0.000458121		
0.356322		0.109195		0.271264		0.263218		
0.213135		0.269541		0.325544		0.191781		
0.0005218		0.000439869		0.000460206		0.998578		
0.00023139		0.00163878		0.997898		0.00023139		
0.998832		0.000127415		0.0005073		0.000533254		
0.111687		0.317154		0.167295		0.403864		
0.321165		0.259029		0.281165		0.138641		
0.38087		0.358897		0.152951		0.107281		
0.000536318		0.000275406		0.999008		0.000180464		
0.00106907		0.00113056		0.000995684		0.996805		
9.73261e-05		0.00152701		0.00123504		0.997141		
0.135689		0.484383		0.152586		0.227343		
0.0159074		0.579176		0.218366		0.186551		
0.00116312		0.00113572		0.000271477		0.99743		
0.233503		0.296954		0.174402		0.295141		
0.999918		3.08353e-05		2.35972e-05		2.75987e-05		
0.184189		0.293339		0.304976		0.217496		
0.997242		0.00130244		0.00110345		0.000351921		
0.996195		0.00136383		0.00143993		0.00100093		
0.305177		0.0865123		0.304496		0.303815		
0.31928		0.310496		0.0417216		0.328502		
0.369773		0.0890084		0.157706		0.383513		
0.000971196		0.00134458		0.996113		0.00157094		
0.998094		0.000267039		0.00080728		0.00083193		
0.250523		0.277041		0.145499		0.326936		
4.32324e-05		4.44359e-06		4.21678e-05		0.99991		
0.165655		0.00954033		0.684302		0.140503		
0.0489381		0.144044		0.43675		0.370268		
0.537149		0.0528343		0.397909		0.0121079		
0.00108057		0.000552259		0.000550763		0.997816		
0.173589		0.1459		0.0873269		0.593184		
0.997586		0.00031307		0.0010774		0.00102359		
0.309293		0.21706		0.333218		0.14043		
0.000296249		1.9157e-05		0.000141625		0.999543		
0.0480148		0.268236		0.377655		0.306094		
0.000269331		0.997891		0.000795224		0.00104482		
0.269947		0.160984		0.309666		0.259402		
4.69021e-05		0.00031583		0.000172424		0.999465		
0.000219396		0.999027		0.000536789		0.000216471		
0.302062		0.285888		0.329964		0.0820865		
0.000458948		0.00158082		0.00181179		0.996148		
0.220055		0.333984		0.179087		0.266875		
0.000699089		0.000599426		0.998672		2.96102e-05		
0.000150691		0.999539		9.59417e-05		0.000214305		
0.0002143		0.00010861		0.99966		1.69338e-05		
0.212187		0.363983		0.0924918		0.331338		
7.59628e-05		0.999809		8.03773e-05		3.50662e-05		
0.744559		0.100802		0.0721649		0.0824742		
0.000664031		0.000278465		0.999043		1.45352e-05		
5.95179e-05		0.999672		0.000135339		0.000133268		
0.323892		0.409319		0.0607583		0.20603		
0.433488		0.0397088		0.489742		0.0370615		
0.00266134		0.0139721		0.499667		0.483699		
0.185798		0.138132		0.0933852		0.582685		
0.99918		5.15483e-05		0.000287977		0.000480787		
0.000379435		0.996977		0.00174058		0.000903418		
0.000722638		0.000569579		0.00080544		0.997902		
0.00106201		0.000604663		0.997867		0.00046614		
0.298387		0.212049		0.12334		0.366224		
0.245634		0.186263		0.122235		0.445867		
1.235e-05		6.42833e-05		0.999852		7.18042e-05		
0.0460137		0.186333		0.316629		0.451025		
0.198244		0.32553		0.0285296		0.447696		
0.158993		0.334532		0.194964		0.311511		
0.123022		0.22518		0.439568		0.21223		
0.0789116		0.365986		0.302041		0.253061		
0.291684		0.109226		0.239553		0.359537		
0.192854		0.373031		0.358048		0.0760661		
0.170909		0.426494		0.210909		0.191688		
0.292056		0.31581		0.278427		0.113707		
0.0293073		0.361901		0.308171		0.300622		
0.110918		0.0887342		0.399304		0.401044		
0.000683612		0.00049372		0.00153361		0.997289		
0.0877915		0.117284		0.571331		0.223594		
0.0911124		0.278927		0.13583		0.494131		
0.427097		0.298925		0		0.273978		
0.000113088		0.999738		1.40993e-05		0.000134531		
0.000283062		0.000390625		0.998828		0.000498188		
0.320648		0.0623482		0.336437		0.280567		
6.10749e-06		5.34406e-06		2.67203e-07		0.999988		
0.0541069		0.603651		0.0625815		0.279661		
0.313547		0.0460894		0.0342179		0.606145		
0.386503		0.149127		0.371402		0.0929684		
0.359675		0.18353		0.141433		0.315362		
0.997938		0.000783538		0.000467674		0.000811288		
0.321251		0.217484		0.110163		0.351102		
0.997695		0.00104017		0.000420373		0.000844146		
0.361722		0.0668498		0.268773		0.302656		
0.00120039		0.996469		0.00203484		0.000296019		
0.387261		0.212102		0.314013		0.0866242		
0.00120142		0.000367781		0.996855		0.00157533		
0.301587		0.173641		0.250601		0.27417		
0.20688		0.44345		0.274741		0.0749293		
0.450278		0.0605312		0.460161		0.0290303		
0.000910053		0.000100226		0.00112253		0.997867		
0.0005112		0.998602		0.0003976		0.000489637		
0.00046326		0.000102832		1.5939e-05		0.999418		
1.87578e-05		0.999715		9.701e-05		0.000169388		
4.26604e-05		6.81227e-06		0.99991		4.03711e-05		
0.253326		0.330495		0.0415114		0.374667		
0.998602		0.000292162		0.000397209		0.000709067		
0.425638		0.13929		0.340733		0.0943396		
0.000434766		0.99682		0.000880586		0.00186434		
0.336018		0.336913		0.270246		0.0568233		
0.159584		0.260624		0.349523		0.230269		
0.267712		0.382445		0.0833856		0.266458		
0.00108951		0.997371		0.00120604		0.000333356		
0.201718		0.351882		0.0384615		0.407938		
0.000577865		0.0011034		0.000846082		0.997473		
0.218761		0.355174		0.177587		0.248478		
0.998246		0.000667158		0.000393414		0.000693335		
0.997422		0.00106386		0.000886554		0.000627706		
0.310969		0.245555		0.302583		0.140892		
0.00109319		0.996109		0.00175899		0.00103844		
0.000812312		0.996664		0.00149298		0.00103064		
0.077561		0.332683		0.268293		0.321463		
0.000865062		0.000489093		0.998324		0.000321626		
0.000208922		9.09136e-05		0.000192352		0.999508		
0.999305		0.000262596		0.000299208		0.000133508		
0.000101321		0.00257772		0.000789707		0.996531		
0.104821		0.402466		0.368834		0.123879		
0.454175		0.0997963		0.0339443		0.412084		
0.189575		0.096139		0.340154		0.374131		
0.392393		0.180549		0.113625		0.313433		
7.91914e-05		7.55749e-05		1.48368e-06		0.999844		
0.00111189		0.000106556		0.998145		0.000637021		
0.321301		0.222134		0.285601		0.170964		
0.000366254		0.999145		6.38867e-05		0.000425328		
0.225193		0.174688		0.484848		0.11527		
0.204764		0.0998479		0.291434		0.403953		
0.292509		0.229213		0.150187		0.32809		
0.178755		0.331352		0.34998		0.139913		
0.278491		0.366774		0.163323		0.191413		
0.00110039		0.000409755		0.000935167		0.997555		
0.000951547		0.998035		5.06142e-05		0.000962682		
0.230119		0.202075		0.189781		0.378025		
9.77268e-05		0.999586		0.000163729		0.000152607		
0.000134125		0.00188003		0.996949		0.00103663		
0.998809		0.000532177		0.00031643		0.000342799		
0.00117971		0.00126191		0.996488		0.00107011		
0.298279		0.152964		0.297132		0.251625		
0.00061371		0.000870003		0.997027		0.00148894		
0.000543444		0.00124256		0.997313		0.000901494		
0.299086		0.198084		0.224641		0.278189		
0.104762		0.734127		0.135714		0.0253968		
0.0014777		0.996301		0.000246615		0.00197491		
0.15241		0.392169		0.446386		0.00903614		
0.000393236		0.000107246		0.998262		0.0012378		
0.165962		0.165962		0.285824		0.382251		
0.210206		0.194973		0.289033		0.305788		
1.04167e-05		2.82738e-05		0.000101935		0.999859		
0.116406		0.270933		0.159292		0.45337		
0.000152217		0.00166638		0.00164234		0.996539		
0.324086		0.111405		0.193307		0.371202		
0.144993		0.382315		0.0208062		0.451886		
0.000608617		0.00111614		0.997875		0.000400243		
0.00130388		0.000390685		0.00190309		0.996402		
0.142192		0.291189		0.339183		0.227436		
0.000126774		0.000199497		0.000915917		0.998758		
0.00145676		0.0010751		0.00135095		0.996117		
0.000444231		0.000267808		0.000319212		0.998969		
0.412158		0.0835003		0.108884		0.395458		
0.000890302		0.000210639		0.997352		0.0015475		
0.999754		0.000127908		3.53323e-05		8.28529e-05		
0.227063		0.142438		0.349811		0.280687		
0.234203		0.223188		0.530435		0.0121739		
0.358974		0.258159		0.261072		0.121795		
0.997762		8.94418e-06		0.00133045		0.00089889		
0.27907		0.253978		0.197674		0.269278		
0.0652058		0.435061		0.456975		0.0427579		
0.230324		0.243056		0.283565		0.243056		
0.116564		0.379896		0.377065		0.126475		
0.00121702		0.000725789		0.00105328		0.997004		
0.999793		8.14361e-06		9.25619e-05		0.000106326		
0.000728158		0.000788838		0.996137		0.00234629		
0.0516055		0.444954		0.021789		0.481651		
0.997934		0.000913703		0.000270727		0.000881977		
0.166877		0.219132		0.420565		0.193426		
0.00103511		0.00138583		0.000227496		0.997352		
0.00153792		0.000374001		0.00156855		0.99652		
0.000446369		0.000733723		0.998176		0.000644127		
0.000141696		0.000213592		3.92434e-05		0.999605		
0.0871898		0.24279		0.234071		0.435949		
0.000256357		0.999375		0.000154782		0.000213861		
0.00163187		0.996406		0.000726033		0.00123585		
0.20319		0.0457698		0.532594		0.218447		
0.0188434		0.302144		0.594542		0.0844704		
0.00112259		0.0012024		0.000565633		0.997109		
0.0650155		0.50774		0.113003		0.314241		
0.109233		0.00195059		0.242523		0.646294		
0.346917		0.256401		0.0872701		0.309412		
0.99791		0.000225975		0.0014442		0.000419668		
0.000971736		0.00125346		0.000384175		0.997391		
0.000230556		0.998125		0.00116806		0.000476389		
0.144481		0.295455		0.324675		0.23539		
0.126459		0.303891		0.320623		0.249027		
0.000115719		0.000128967		0.999738		1.70333e-05		
0.0710086		0.327906		0.227951		0.373134		
0.000124113		0.999418		0.000247476		0.000210442		
0.489403		0.0337187		0.134875		0.342004		
3.33583e-05		7.11038e-05		4.78816e-05		0.999848		
8.08688e-05		0.999543		0.000225452		0.00015071		
0.000926061		0.998086		0.000656975		0.000331026		
0.000780572		0.00070992		0.000353258		0.998156		
0.997363		0.00228476		0.000184928		0.000167032		
0.409377		0.0543168		0.446541		0.0897656		
0.00152786		0.000117993		0.00134633		0.997008		
0.273404		0.382979		0.282447		0.0611702		
0.00139893		0.997926		5.58086e-06		0.000669703		
0.129452		0.0869863		0.634932		0.14863		
0.0288945		0.175251		0.469849		0.326005		
0.999238		0.000255424		0.000294875		0.00021142		
0.15919		0.292692		0.246744		0.301375		
0.206897		0.187854		0.406588		0.198662		
0.000811039		0.000956445		0.997719		0.000513766		
0.42915		0.0880567		0.0101215		0.472672		
0.252402		0.187773		0.310917		0.248908		
0.00395257		0.347387		0.306544		0.342117		
3.35969e-05		0.999457		0.000175571		0.000333801		
0.266229		0.293277		0.0784389		0.362056		
0.144		0.227789		0.417263		0.210947		
0.997004		0.000760071		0.000519235		0.00171679		
0.377589		0.0630885		0.293315		0.266008		
0.36511		0.125834		0.130601		0.378456		
0.407914		0.14964		0.0568345		0.385612		
0.0588808		0.314842		0.426764		0.199513		
0.000875069		0.000541649		0.000813751		0.99777		
0.452652		0.210227		0.0252525		0.311869		
0.15798		0.511401		0.239414		0.0912052		
0.0431034		0.270115		0.538793		0.147989		
0.147717		0.192917		0.261883		0.397484		
0.999863		4.52872e-05		6.37164e-05		2.77152e-05		
0.997074		0.00178559		0.0010407		9.94981e-05		
0.040724		0.043552		0.495475		0.420249		
0.328221		0.0141871		0.281825		0.375767		
0.258082		0.0457079		0.168896		0.527313		
0.0342131		0.420821		0.295699		0.249267		
0.00020145		0.000189258		1.94483e-05		0.99959		
0.000519246		0.00261325		0.000320627		0.996547		
0.131431		0.128051		0.375141		0.365377		
0.0204545		0.402841		0.300568		0.276136		
0.00162214		0.997613		3.78844e-05		0.000726692		
0.00141219		0.996219		0.000177741		0.00219132		
0.420534		0.185035		0.0411833		0.353248		
0.101074		0.350975		0.205332		0.342618		
0.999184		0.000138648		0.000273257		0.000404501		
0.345006		0.0320678		0.291559		0.331367		
0.000411871		0.000491957		0.998977		0.000119609		
0.477788		0.275612		0.106981		0.139619		
0.198908		0.262631		0.156122		0.38234		
0.156794		0.49338		0.030662		0.319164		
0.176632		0.0109966		0.22268		0.589691		
0.409639		0.198795		0.0495315		0.342035		
0.249006		0.279725		0.241778		0.22949		
0.00112373		0.000468222		0.996535		0.00187289		
0.00010217		0.998273		0.000728968		0.000895425		
0.000544633		0.99866		0.000298633		0.000496577		
0.99634		0.000287471		0.00124269		0.00213		
0.000241257		0.000534142		0.998391		0.000833976		
0.00109253		0.0013301		0.00107347		0.996504		
0.399144		0.321516		0.221883		0.0574572		
0.0827068		0.440139		0.292076		0.185078		
0.116947		0.747275		0.0812686		0.0545094		
0.999184		0.000259493		0.000286531		0.000270383		
1.13862e-05		3.84407e-06		8.20718e-06		0.999977		
0.326571		0.254406		0.170602		0.24842		
0.172171		0.203435		0.380889		0.243505		
0.000615323		0.00125721		0.99618		0.00194778		
0.00122324		0.175535		0.478899		0.344343		
0.263012		0.375969		0.174419		0.1866		
0.389895		0.164632		0.115368		0.330105		
0.00039965		0.000207701		0.999		0.000392649		
0.00119368		0.000944236		0.996805		0.0010574		
0.180168		0.34927		0.275786		0.194776		
0.388225		0.245307		0.301195		0.065273		
0.000108529		0.998496		0.000504482		0.000890895		
0.997277		0.00127734		0.000597656		0.000847656		
0.0067535		0.221418		0.370478		0.401351		
0.0407751		0.387969		0.230117		0.341138		
0.997223		0.000319006		0.00170269		0.000755645		
0.310861		0.300987		0.166837		0.221314		
0.260889		0.19084		0.361473		0.186798		
0.257056		0.0533944		0.595728		0.0938215		
0.00109737		0.00121805		0.996895		0.000790053		
0.218236		0.153961		0.618834		0.00896861		
0.18322		0.323257		0.076496		0.417027		
0.99848		0.000620943		5.33409e-05		0.000845248		
0.176739		0.160775		0.305207		0.357279		
0.000958419		0.996586		0.00103842		0.00141722		
0.300116		0.115295		0.0903824		0.494206		
0.000846909		0.00097355		0.997211		0.000968603		
0.276942		0.00421433		0.207706		0.511138		
0.331535		0.368465		0.222822		0.0771784		
0.317986		0.327923		0.330242		0.023849		
0.000139169		4.73697e-05		8.68989e-05		0.999727		
0.00066141		0.998086		0.000384193		0.00086846		
0.252799		0.042444		0.274254		0.430504		
0.279343		0.29108		0.187793		0.241784		
0.389666		0.0316109		0.368389		0.210334		
0.422272		0.153229		0.351448		0.0730512		
0.996871		0.000150631		0.00181022		0.00116805		
0.288783		0.146778		0.232697		0.331742		
0.0924309		0.201601		0.412664		0.293304		
0.646173		0.0288582		0.287327		0.0376412		
0.112235		0.219414		0.380688		0.287664		
0.474932		0.179539		0.198509		0.147019		
0.0752		0.468		0.352		0.1048		
0.358961		0.109091		0.388571		0.143377		
0.99716		0.00129223		0.000566433		0.000981177		
4.06083e-05		0.000262987		0.999367		0.000329217		
0.000513629		0.000282936		0.998711		0.000492497		
0.996973		0.00126888		0.000320116		0.00143835		
0.998625		0.000354839		0.000553943		0.000466219		
0.996258		0.00125245		0.00106391		0.00142584		
0.311738		0.00577293		0.31687		0.365619		
0.228534		0.380312		0.102342		0.288812		
0.000982883		0.997195		0.00087517		0.000946634		
0.029517		0.405635		0.220483		0.344365		
0.00022004		0.996668		0.00176451		0.00134748		
0.258834		0.276943		0.223057		0.241166		
0.996617		0.0016828		0.0010333		0.000666722		
0.00473653		0.554766		0.0106572		0.42984		
0.318197		0.303718		0.117473		0.260612		
0.488889		0.22619		0.0880952		0.196825		
0.350044		0.310026		0.146438		0.193492		
0.344066		0.0250842		0.324972		0.305878		
0.317063		0.0902808		0.374082		0.218575		
0.418817		0.276344		0.224731		0.0801075		
0.996637		0.0012878		0.00142533		0.000650151		
0.000329801		0.000268134		0.99927		0.000132534		
0.000445212		0.000685434		0.998074		0.000795135		
3.48091e-05		0.000179588		8.24776e-05		0.999703		
0.302441		0.385624		0.229204		0.0827306		
0.997437		0.00099187		0.000255636		0.00131499		
0.997121		0.000835585		0.000891759		0.00115156		
0.998531		0.000219058		0.000434256		0.000815436		
0.257856		0.265954		0.165533		0.310658		
0.00150629		0.000731811		0.000394709		0.997367		
0.238009		0.366063		0.1		0.295928		
7.3573e-05		0.000594034		0.998648		0.000683956		
0.160653		0.255982		0.279529		0.303836		
0.000507663		0.000472435		0.99877		0.000250371		
0.000762016		0.998977		0.000228843		3.25784e-05		
0.281069		0.100668		0.391091		0.227171		
0.392174		0.448696		0.0286957		0.130435		
0.000299772		3.99396e-05		0.999656		4.03884e-06		
0.000812322		0.996777		0.000375533		0.0020348		
0.000393739		0.00214228		0.996516		0.00094836		
0.000126791		0.996895		0.00142962		0.00154906		
0.138929		0.11095		0.361795		0.388326		
0.294118		0.31732		0.229739		0.158824		
0.996902		0.00127627		0.00114976		0.000671624		
0.0633923		0.272416		0.461451		0.202741		
0.000636444		0.000341753		0.999012		1.00845e-05		
0.168925		0.355465		0.171635		0.303975		
0.00048959		0.00047278		0.00142044		0.997617		
0.0014885		0.000201002		0.996371		0.0019394		
0.0364842		0.0630182		0.771144		0.129353		
0.0488865		0.277567		0.487235		0.186312		
0.186223		0.259511		0.293953		0.260312		
0.000804614		0.000609006		0.996586		0.00200044		
0.421778		0.271041		0.0965288		0.210651		
0.0325165		0.162111		0.43591		0.369463		
0.127432		0.341405		0.341802		0.189361		
0.116788		0.379946		0.254706		0.248559		
0.998125		0.00114998		0.000693434		3.1585e-05		
0.341897		0.305929		0.26917		0.083004		
0.304885		0.41868		0.270531		0.00590446		
0.25478		0.314362		0.115607		0.315251		
0.00121004		0.99773		8.37937e-05		0.0009757		
0.000864705		0.000501809		0.998437		0.000195986		
0.293643		0.00806452		0.391841		0.306452		
0.312337		0.170224		0.0484123		0.469027		
0.15528		0.279503		0.42167		0.143547		
0.998758		3.55418e-05		0.000850339		0.000356307		
0.101513		0.290038		0.408575		0.199874		
0.997258		0.00101193		0.00131893		0.000411328		
0.00214439		0.000989162		0.996477		0.000389889		
0.00014468		0.000293881		0.000459876		0.999102		
0.0107373		0.0300644		0.361489		0.597709		
0.00088673		0.99682		0.00218324		0.000109722		
0.000215252		0.000254389		0.997484		0.00204598		
0.000540097		0.000775359		0.0002197		0.998465		
0.000832231		0.99648		0.0005584		0.0021289		
0.996406		0.00037225		0.000878845		0.00234265		
0.355989		0.309886		0.0979087		0.236217		
0.0965543		0.338129		0.236274		0.329042		
0.000108729		0.000133992		0.999637		0.000120561		
0.0361328		0.337891		0.342773		0.283203		
0.249811		0.188209		0.267574		0.294407		
2.39507e-05		0.999844		6.55794e-05		6.67199e-05		
0.14914		0.280433		0.434672		0.135755		
0.55971		0.113993		0.162244		0.164053		
0.000875256		0.998316		0.000196508		0.00061183		
0.366957		0.384807		0.0626816		0.185554		
0.999996		1.17629e-06		1.25961e-06		1.47036e-06		
0.159754		0.0998464		0.168203		0.572197		
0.999957		1.95122e-05		8.60214e-06		1.48544e-05		
0.36194		0.522388		0.0565032		0.0591684		
0.360046		0.250871		0.333333		0.0557491		
0.000255722		6.239e-05		0.000228763		0.999453		
0.996871		0.000191142		0.00163301		0.00130475		
0.175172		0.183513		0.460746		0.180569		
0.00145359		0.00057503		0.996605		0.00136591		
0.000393486		0.998254		0.000597607		0.000755001		
0.374678		0.19485		0.206867		0.223605		
0.000443608		0.000962494		0.997801		0.000793117		
0.000908061		0.000192177		0.000860699		0.998039		
0.227505		0.17721		0.316699		0.278585		
0.273725		0.284696		0.278113		0.163467		
0.996145		0.00167039		0.00159319		0.000591889		
0.00040597		4.81241e-05		0.999363		0.000182625		
0.00106459		0.000905321		0.00113165		0.996898		
0.00138143		0.00156575		0.000408285		0.996645		
0.238073		0.415553		0.16937		0.177004		
0.00186884		8.58937e-05		0.00059605		0.997449		
0.210565		0.0741012		0.412326		0.303008		
0.432999		0.0270624		0.196857		0.343082		
0.197235		0.4		0.102304		0.300461		
0.150138		0.258264		0.299587		0.292011		
0.00211154		0.00148056		5.63378e-05		0.996352		
0.0865866		0.0475475		0.488488		0.377377		
0.998973		0.000298544		2.12201e-05		0.000707579		
8.43591e-05		0.00011666		0.000154449		0.999645		
0.00299658		0.000225749		0.000117513		0.99666		
0.996684		0.00131326		0.000942658		0.00106049		
0.00045723		0.997965		0.000850395		0.000727531		
0.000478338		0.998191		0.0008618		0.000468455		
0.273924		0.402546		0.251975		0.071554		
0.224678		0.19574		0.348875		0.230707		
0.153564		0.320755		0.451258		0.0744235		
0.28483		0.329205		0.255418		0.130547		
0.307692		0.111406		0.424403		0.156499		
0.00102766		0.00072541		0.996313		0.00193443		
0.000231014		0.999437		0.000157271		0.000174215		
0.00015771		0.000332095		0.999426		8.44133e-05		
0.267405		0.609177		0.00632911		0.117089		
0.194922		0.127734		0.346484		0.330859		
0.186673		0.191251		0.284842		0.337233		
0.0894988		0.109189		0.47673		0.324582		
0.000683747		0.996605		0.00191812		0.000792662		
0.000565921		0.000562044		0.00239547		0.996477		
0.0012		0.000793843		0.996551		0.00145538		
0.170908		0.231087		0.30055		0.297455		
0.261738		0.29304		0.1332		0.312021		
0.000170202		0.997848		0.00136871		0.000613436		
0.299297		0.0376189		0.404299		0.258785		
0.130802		0.129747		0.275316		0.464135		
0.000294866		0.000338833		0.999078		0.000288176		
0.000548577		0.00129769		0.997133		0.00102092		
0.000949489		0.99791		0.000424363		0.000715992		
0.000269356		0.999176		0.000136341		0.000418523		
0.509771		0.0960357		0.374093		0.0201005		
0.0939368		0.337319		0.0179334		0.550811		
0.997145		0.000537801		0.00198474		0.000332925		
3.52926e-05		0.00078125		0.00152721		0.997656		
9.9651e-05		0.000624678		0.000357702		0.998918		
0.16366		0.466495		0.318299		0.0515464		
0.000446815		0.998949		0.000486769		0.000117197		
0.140877		0.202323		0.290746		0.366055		
0.000747532		0.000855892		0.000712982		0.997684		
0.0005003		0.000594781		0.000404919		0.9985		
0.000615585		0.000811679		0.000533673		0.998039		
0.161207		0.228879		0.263793		0.346121		
0.172016		0.165998		0.300903		0.361083		
0.243723		0.233344		0.297623		0.22531		
0.000644398		0.00106055		0.997195		0.00109974		
0.000201799		0.000872782		0.000788699		0.998137		
6.05046e-05		0.000748282		0.000218558		0.998973		
0.0946181		0.144097		0.364583		0.396701		
0.247748		0.356982		0.300676		0.0945946		
0.26761		0.290401		0.271754		0.170235		
0.467515		0.277294		0.244474		0.0107167		
0.239711		0.098917		0.550181		0.111191		
0.192366		0.487023		0.149618		0.170992		
0.00024221		0.000217781		0.000426727		0.999113		
0.502927		0.266393		0.0087822		0.221897		
0.996914		0.000450846		0.00103516		0.00159993		
0.999805		6.57412e-05		0.000123265		6.30657e-06		
0.520933		0.128346		0.256692		0.0940288		
0.00102195		0.000402293		0.997387		0.00118903		
0.000828624		0.00126232		0.997391		0.000518428		
0.00167641		0.000417961		0.000292344		0.997613		
0.997973		0.000873387		0.000247761		0.000906196		
0.135922		0.341963		0.0954693		0.426645		
0.364532		0.157088		0.209086		0.269294		
0.336898		0.120321		0.195187		0.347594		
0.294191		0.275453		0.153654		0.276702		
0.188877		0.535793		0.0154185		0.259912		
0.201845		0.342435		0.172694		0.283026		
0.113397		0.177512		0.342584		0.366507		
0.0685663		0.385574		0.137133		0.408727		
0.196569		0.204451		0.233194		0.365786		
0.997523		0.00148989		0.00027908		0.000707589		
0.510559		0.18323		0.123602		0.182609		
0.0495248		0.287644		0.229615		0.433217		
8.26233e-05		0.999812		9.30082e-05		1.18685e-05		
0.222222		0.0959259		0.357037		0.324815		
0.187616		0.338262		0.380776		0.0933457		
0.353445		0.342546		0.0770728		0.226937		
0.00793966		0.348551		0.378722		0.264788		
0.0331665		0.371715		0.425532		0.169587		
0.000425587		0.997152		0.00116613		0.00125594		
0.998062		0.000867034		0.000788707		0.000281759		
0.319905		0.0331754		0.298973		0.347946		
0.00130318		0.000551077		0.00063402		0.997512		
4.32885e-05		0.00120566		0.998648		0.00010261		
3.51098e-05		3.93372e-05		1.53967e-05		0.99991		
0.150859		0.132935		0.398058		0.318148		
0.264987		0.0165074		0.383145		0.335361		
0.00133451		0.997504		0.00102454		0.00013704		
0.999922		3.56512e-05		2.83553e-05		1.41185e-05		
0.152773		0.251379		0.32144		0.274408		
0.000668627		0.0011103		0.00126795		0.996953		
0.000232289		0.0006378		0.000497099		0.998633		
0.00151045		0.00128008		7.27512e-05		0.997137		
0.996785		0.00286384		0.000206669		0.00014434		
0.000354273		0.000468665		0.000825499		0.998352		
0.151168		0.0436316		0.437197		0.368004		
0.253199		0.191042		0.244059		0.3117		
0.272556		0.0422932		0.37218		0.31297		
2.05241e-05		0.999938		2.51623e-05		1.68135e-05		
0.997105		0.00110009		0.000844804		0.000949633		
0.075815		0.24185		0.141016		0.541319		
0.00054511		0.000356344		0.998883		0.000215733		
0.00168905		0.996789		0.00131467		0.000207213		
0.000260823		0.99698		0.00106336		0.00169535		
0.000146283		0.998195		0.000728235		0.000930169		
0.0906921		0.320207		0.231504		0.357597		
0.135036		0.416515		0.286953		0.161496		
0.000206209		0.000427913		0.999281		8.46289e-05		
0.0757475		0.360797		0.404651		0.158804		
0.000593722		0.997113		0.000303686		0.00198931		
0.305094		0.225529		0.46079		0.00858615		
0.000909231		0.997617		0.00104684		0.000426746		
0.182017		0.296909		0.281611		0.239463		
0.000360198		0.00079641		0.998332		0.000511361		
0.000600259		0.000582467		0.000891493		0.997926		
0.275368		0.343919		0.149497		0.231216		
0.999254		0.000196907		0.000117683		0.000431504		
0.000223468		0.000167966		0.999582		2.65338e-05		
0.000313163		0.00118672		0.00028527		0.998215		
0.357481		0.125254		0.0352065		0.482058		
0.997367		0.000457362		0.000977031		0.00119842		
0.001438		0.00101267		0.99732		0.00022902		
0.151472		0.198851		0.132089		0.517588		
0.0919073		0.337942		0.292395		0.277755		
0.00147887		0.00143774		0.000856821		0.996227		
0.342824		0.0815698		0.222778		0.352828		
0.00196512		2.11303e-05		0.00162703		0.996387		
0.152442		0.184648		0.280193		0.382716		
0.0879121		0.144014		0.363794		0.40428		
0.370438		0.19115		0.23312		0.205292		
0.0552017		0.282803		0.245011		0.416985		
0.334148		0.222494		0.406683		0.0366748		
0.169753		0.0598765		0.595062		0.175309		
0.000778067		0.997301		0.000906143		0.00101501		
0.997195		0.000913777		0.00101612		0.00087479		
0.0632358		0.292634		0.332661		0.31147		
0.0035443		0.432911		0.347848		0.215696		
0.0940137		0.312174		0.307352		0.28646		
0.000326139		0.999164		0.000168986		0.000340813		
0.00103677		0.00163692		0.996707		0.00061928		
0.000174137		0.000775452		0.998766		0.000284786		
0.99923		0.000118928		0.000203876		0.000446728		
0.330886		0.0644992		0.206083		0.398532		
0.999586		0.00013056		3.87377e-05		0.000244765		
1.84813e-05		0.00130426		0.00201711		0.99666		
0.3555		0.249268		0.258051		0.137181		
0.000702362		0.000847897		0.000297397		0.998152		
0.000180664		0.000204102		0.000498047		0.999117		
0.00188294		0.000368881		0.996215		0.00153333		
0.522222		0.381481		0.0142857		0.0820106		
0.698959		0.216974		0.0240192		0.060048		
0.44698		0.180761		0.00357942		0.36868		
0.274281		0.253597		0.190048		0.282074		
0.0159939		0.364813		0.214775		0.404417		
0.125124		0.314796		0.368421		0.191658		
0.32114		0.255012		0.0932114		0.330637		
0.000461845		0.998648		0.000668436		0.000221282		
0.273823		0.242938		0.27533		0.20791		
4.2245e-05		0.00132227		0.997477		0.00115892		
0.000646252		0.000917834		0.998367		6.87267e-05		
0.218057		0.171385		0.291125		0.319434		
0.190141		0.0643863		0.381288		0.364185		
0.268037		0.351552		0.233494		0.146917		
0.142516		0.0533439		0.626592		0.177548		
0.356291		0.168212		0.236424		0.239073		
8.36659e-05		0.000331539		8.08886e-05		0.999504		
0.210759		0.273384		0.370935		0.144922		
0.1379		0.384018		0.305479		0.172603		
0.000544675		0.000503967		0.998898		5.29206e-05		
0.000592073		0.99732		0.00105009		0.00103752		
0.998199		0.000650702		0.000556124		0.000593955		
0.283629		0.448905		0.0479666		0.219499		
0.0125589		0.105181		0.356358		0.525903		
0.118497		0.385356		0.105973		0.390173		
0.996957		0.000768382		0.00213706		0.000137523		
0.309286		0.128166		0.230238		0.33231		
0.000982645		0.997047		0.00127329		0.000697194		
0.000556126		0.000880012		0.000899799		0.997664		
0.000960511		0.0011544		0.997457		0.000428054		
0.000886804		0.997926		0.00026053		0.000926885		
0.000490141		0.000665644		0.998738		0.000105934		
0.352185		0.104113		0.376607		0.167095		
0.24892		0.197487		0.364743		0.18885		
0.335792		0.302386		0.0247289		0.337093		
5.65091e-05		4.02913e-05		0.000110231		0.999793		
1.80408e-05		6.36303e-05		9.02039e-05		0.999828		
0.99909		0.000253356		0.000409218		0.000247583		
0.996605		0.00133984		0.000695499		0.0013592		
0.477229		0.180233		0.0121124		0.330426		
0.00151047		0.00127712		0.996863		0.000349127		
0.279162		0.193658		0.221404		0.305776		
0.000990045		0.00129614		0.997453		0.000260692		
0.337182		0.352579		0.0234796		0.286759		
0.0329087		0.638004		0.029724		0.299363		
0.000926192		0.000799214		0.001216		0.997059		
0.26312		0.189869		0.285714		0.261297		
0.000381992		0.998133		0.00131854		0.00016666		
0.310984		0.33659		0.0175202		0.334906		
0.356801		0.150387		0.358275		0.134537		
0.369439		0.25403		0.0470664		0.329465		
0.340624		0.225221		0.179618		0.254537		
0.0690096		0.268371		0.134824		0.527796		
6.00302e-05		4.35484e-05		6.04839e-05		0.999836		
0.141516		0.267606		0.216633		0.374245		
0.00139117		1.31657e-05		0.997488		0.00110738		
0.000735409		0.000481428		0.997051		0.00173238		
0.000583984		0.9975		0.00146094		0.000455078		
0.996383		0.0017338		0.000408516		0.00147488		
0.389673		0.0161355		0.304962		0.28923		
0.190418		0.208611		0.217708		0.383263		
0.410256		0.221652		0.0974359		0.270655		
0.292823		0.0424306		0.254584		0.410162		
0.172334		0.0472622		0.473199		0.307205		
0.0449843		0.407108		0.248763		0.299145		
4.11692e-05		0.000127195		0.000214449		0.999617		
0.00101698		0.997965		0.000608982		0.000409198		
0.301448		0.29067		0.132031		0.27585		
0.30915		0.199346		0.134641		0.356863		
0.997496		0.000275088		0.000582304		0.00164651		
6.31714e-05		0.999238		0.000591431		0.000107117		
0.00126625		0.000943837		0.996668		0.00112194		
0.000408505		0.000266055		0.00023169		0.999094		
0.000304753		0.998832		0.000483158		0.000380057		
0.0014561		0.997812		8.3684e-05		0.000647714		
0.000239366		0.00118315		0.998266		0.000311859		
0.000977193		0.997246		0.00143829		0.000338422		
0.352503		0.30782		0.0959868		0.243691		
7.07166e-06		4.42888e-06		2.18211e-07		0.999988		
0.309278		0.182474		0.0989691		0.409278		
0.0744518		0.399796		0.045385		0.480367		
0.263699		0.0684932		0.405394		0.262414		
0.195385		0.218974		0.127692		0.457949		
0.0687075		0.433333		0.468707		0.0292517		
4.96378e-05		6.67465e-05		0.999828		5.54907e-05		
0.150215		0.0134887		0.44206		0.394237		
0.108362		0.211282		0.426522		0.253835		
0.000225202		0.998129		0.00106372		0.000582171		
0.315237		0.305465		0.260586		0.118712		
0.000712225		0.00192781		0.99723		0.000129495		
0.34621		0.00338001		0.315307		0.335104		
0.377728		0.232233		0.13878		0.251259		
6.45753e-05		2.25173e-05		1.83762e-05		0.999895		
0.1886		0.412386		0.0844476		0.314567		
0.00017382		0.000773374		0.000287181		0.998766		
0.998801		0.000543887		0.000444825		0.000210506		
0.000183857		5.05178e-05		0.000234375		0.999531		
0.255246		0.286081		0.347323		0.111349		
0.16109		0.192161		0.189293		0.457457		
0.539801		0.251244		0.0939055		0.11505		
0.208063		0.108711		0.108711		0.574514		
0.231776		0.130573		0.327672		0.309979		
0.207184		0.411765		0.0973451		0.283706		
0.150047		0.230196		0.393756		0.226002		
0.000212235		0.000153734		0.998574		0.00105981		
0.240634		0.131844		0		0.627522		
0.000586103		8.45526e-05		0.998867		0.000462157		
0.372811		0.34977		0.0654378		0.211982		
0.16323		0.370561		0.402635		0.0635739		
0.997855		0.000970632		0.000364438		0.000809461		
0.0012722		0.000516571		0.00137919		0.996832		
0.320407		0.0232671		0.195347		0.460979		
2.64589e-05		1.84686e-05		5.85375e-06		0.999949		
0.383242		0.327714		0.0857709		0.203272		
0.000337811		0.999109		0.000267291		0.000285523		
2.84717e-05		0.000204583		7.94453e-05		0.999687		
0.375255		0.35554		0.123725		0.145479		
0.390833		0.06875		0.414167		0.12625		
0.113327		0.423391		0.343155		0.120127		
0.365102		0.207681		0.222854		0.204362		
0.000389725		0.99866		0.000152195		0.000797924		
0.236646		0.237888		0.476398		0.0490683		
0.341998		0.307339		0.229867		0.120795		
0.00205373		0.000105984		0.00073482		0.997105		
0.000521227		0.996176		0.000220955		0.00308204		
0.000731123		0.00113464		0.00012252		0.998012		
0.998523		0.000304731		0.000153751		0.00101808		
0.30848		0.202618		0.206033		0.282869		
0.997656		0.00140407		0.000553212		0.000386469		
3.77994e-05		2.63996e-05		1.00198e-05		0.999926		
0.150943		0.313118		0.238095		0.297844		
0.997133		0.000693864		0.00109137		0.00108196		
0.515573		0.108454		0.114572		0.261402		
0.000179828		0.0014611		0.00195282		0.996406		
0.375698		0.405324		0.113353		0.105625		
0.374686		0.0163453		0.225482		0.383487		
0.186953		0.634049		0.0310263		0.147971		
0.356342		0.215598		0.313761		0.114299		
0.00107666		0.000533576		0.997551		0.000838985		
0.000833218		0.00195938		0.996996		0.000211306		
0.997031		0.00157248		0.000250907		0.00114536		
1.67048e-05		0.999918		1.82687e-05		4.70578e-05		
0.000794291		0.996895		0.00118483		0.00112635		
0.00157492		0.996188		0.00201383		0.000223758		
0.0613497		0.150307		0.0122699		0.776074		
1.70716e-05		0.000180599		0.999609		0.000192954		
0.000605811		0.000278402		0.000686099		0.99843		
0.000578487		0.998902		0.000104539		0.000414631		
0.359759		0.0403338		0.436254		0.163653		
0.000262644		0.00030222		0.000118729		0.999316		
0.367508		0.102524		0.32755		0.202419		
0.561644		0.175919		0.131939		0.130497		
0.268798		0.281096		0.342235		0.107871		
0.141298		0.351882		0.333879		0.172941		
0.997109		0.00155975		0.00125741		7.34665e-05		
0.117962		0.596515		0.0127346		0.272788		
0.331948		0.440443		0.179594		0.0480148		
0.000272751		0.999344		0.000251604		0.000131895		
0.000796514		0.00123331		0.996664		0.00130611		
0.109185		0.269931		0.191075		0.429809		
0.206711		0.261833		0.0659077		0.465548		
0		0.348206		0.317148		0.334646		
0.245481		0.182936		0.35141		0.220174		
0.577187		0.318182		0.0694683		0.035163		
0.392034		0.308595		0.0582809		0.24109		
0.251366		0.645589		0.0124902		0.0905543		
0.0725163		0.3343		0.440899		0.152284		
0.00195237		1.51347e-05		0.996383		0.00164968		
0.000347821		0.000991136		0.997336		0.00132511		
0.00676285		0.424707		0.132101		0.436429		
0.184236		0.0522244		0.389265		0.374275		
0.000693027		0.0010205		0.000755222		0.997531		
0.00208621		0.997016		9.22323e-05		0.000805935		
0.0318923		0.49185		0.419561		0.0566974		
0.999336		0.000101911		0.000462433		9.9719e-05		
0.0562552		0.0495382		0.518052		0.376154		
0.253272		0.187827		0.310864		0.248037		
0.256995		0.291192		0.344041		0.107772		
0.661563		0.128122		0.0588235		0.151491		
0.000203401		0.000141508		0.000119935		0.999535		
0.141826		0.289324		0.198556		0.370294		
0.000890582		0.998234		0.00024474		0.000630303		
0.0816888		0.274897		0.368059		0.275356		
0.300462		0.110785		0.275283		0.31347		
0.000437693		0.999348		1.04878e-05		0.000204163		
