0.351431		0.117473		0.285291		0.245805		
0.211538		0.184615		0.542308		0.0615385		
0.305949		0.123432		0.197491		0.373128		
0.254462		0.356522		0.182609		0.206407		
0.0022178		0.996891		0.000253542		0.000638035		
0.247187		0.104236		0.320649		0.327929		
0.00100879		0.99734		0.00122298		0.000428389		
0.000144832		0.000998165		0.00168122		0.997176		
0.158156		0.0600994		0.371893		0.409851		
0.000441851		0.000165136		0.999133		0.000260201		
0.99682		0.00104897		0.00114936		0.00098136		
0.356046		0.38913		0.0638046		0.19102		
0.999824		8.23583e-05		8.01663e-05		1.32567e-05		
0.217541		0.116713		0.327003		0.338743		
0.368421		0.114833		0.352153		0.164593		
0.000165428		4.05627e-05		0.999695		9.86963e-05		
0.322424		0.0393631		0.389651		0.248563		
0.103902		0.0357311		0.390691		0.469676		
0.298325		0.274948		0.0840893		0.342638		
0.996598		0.00249278		0.000534729		0.000374834		
0.20274		0.105479		0.351142		0.340639		
0.00101869		0.000421846		0.000446183		0.998113		
0.000460836		0.000409331		0.996855		0.00227436		
0.00126342		0.00147076		0.996164		0.00110176		
0.00165333		0.000976876		0.000569015		0.996801		
0.00209444		0.0014349		0.000322222		0.996148		
0.104505		0.433784		0.411712		0.05		
0.441057		0.048103		0.328591		0.182249		
0.333858		0.0566929		0.100262		0.509186		
0.259038		0.229718		0.263592		0.247652		
0.00221158		0.996449		0.000919525		0.000419681		
0.466289		0.141019		0.19403		0.198662		
0.40573		0.467022		0.0792805		0.047968		
0.140411		0.163242		0.248858		0.447489		
0.000391984		0.999195		7.4422e-05		0.000338282		
0.360205		0.266032		0.0216196		0.352144		
0.199143		0.334904		0.228694		0.237259		
0.434926		0.0988468		0.368479		0.0977485		
0.260619		0.0952577		0.353402		0.290722		
0.996172		0.00110918		0.000772687		0.00194626		
0.999121		0.000336977		3.14344e-05		0.000510495		
0.0534787		0.424195		0.475597		0.046729		
0.999805		1.894e-05		9.941e-05		7.69625e-05		
0.0140581		0.279288		0.100281		0.606373		
0.996234		0.00187948		0.000657596		0.00122855		
0.264554		0.194059		0.187327		0.354059		
0.00087557		0.00131524		0.000707626		0.997102		
0.000669		0.997602		0.000787617		0.00094182		
0.00749064		0.855805		0.115169		0.0215356		
0.257271		0.0257271		0.106264		0.610738		
0.140258		0.403064		0.134035		0.322642		
0.999523		9.6928e-05		0.000162444		0.00021719		
0.000139036		0.00120454		0.00117595		0.99748		
0.00148225		0.00123246		0.996703		0.000582166		
0.045512		0.415929		0.125158		0.413401		
0.253637		0.217066		0.16044		0.368856		
0.00185205		0.997309		0.000495705		0.000343648		
0.186754		0.383822		0.243757		0.185668		
0.000584299		0.996453		0.00190125		0.00106132		
0.000884239		0.00103033		0.00161277		0.996473		
3.96301e-05		0.000191852		0.999664		0.000104456		
3.84862e-05		0.999914		4.06634e-05		6.78791e-06		
0.00011276		3.88913e-05		0.000238973		0.999609		
0.173424		0.301533		0.264395		0.260647		
0.00195296		2.82582e-05		0.000339098		0.99768		
0.000429801		2.08333e-05		0.999219		0.000330616		
0.000284462		0.00154874		0.996887		0.00128008		
0.218938		0.196497		0.269841		0.314724		
0.997453		0.00128864		0.000214112		0.00104413		
0.99891		0.00036104		0.000297418		0.000431386		
0.359474		0.366842		0.136316		0.137368		
0.000382635		0.000256783		0.000555894		0.998805		
0.598243		0.182109		0.100639		0.11901		
0.997578		0.000778277		0.000639006		0.00100459		
8.34005e-05		0.00018157		0.000274092		0.999461		
0.000857189		2.52911e-05		0.998652		0.000465176		
0.00106189		0.997496		0.00120781		0.000234205		
0.264151		0.226415		0.0574241		0.45201		
0.234304		0.201477		0.298318		0.265901		
0.231989		0.41573		0.0284204		0.32386		
0.999082		0.00037133		0.000240986		0.000305653		
0.315491		0.256691		0.027575		0.400243		
0.00038066		0.999105		0.000305556		0.000208315		
0.000243063		0.998434		0.000200623		0.00112272		
0.000338115		0.999082		0.000312557		0.000267297		
0.0824411		0.271949		0.284797		0.360814		
0.0391039		0.383707		0.221181		0.356008		
0.317898		0.110822		0.470864		0.100416		
0.436245		0.159639		0.149598		0.254518		
0.300251		0.348872		0.114286		0.236591		
0.000658424		0.998191		0.000370191		0.000779979		
0.000514269		0.998129		0.000236705		0.00112012		
0.292405		0.213924		0.0246835		0.468987		
0.142938		0.365537		0.477966		0.0135593		
1.66678e-05		0.000171027		0.999359		0.000452931		
0.398438		0.219727		0.0737305		0.308105		
0.302797		0.0118881		0.347902		0.337413		
0.454804		0.187607		0.0193292		0.33826		
0.37572		0.126274		0.236597		0.261409		
0.399087		0.120183		0.398073		0.0826572		
0.440427		0.0876217		0.222531		0.24942		
0.247752		0.159173		0.277428		0.315647		
0.352724		0.424746		0.171283		0.0512465		
0.101325		0.38991		0.242411		0.266353		
0.0272527		0.361758		0.348571		0.262418		
0.368395		0.370408		0.00100654		0.260191		
8.82356e-05		0.000187876		0.000141857		0.999582		
0.000852556		0.0013239		0.00111261		0.996711		
0.996809		0.00163428		0.000109628		0.0014475		
0.428132		0.302418		0.253626		0.0158242		
0.000432812		0.99718		0.00125937		0.00112813		
0.000828107		0.000949129		0.997363		0.000859483		
0.224103		0.29343		0.351874		0.130593		
0.309361		0.172358		0.14102		0.37726		
0.0668939		0.423093		0.41372		0.0962931		
0.0105263		0.148325		0.34067		0.500478		
0.576014		0.258446		0.0591216		0.106419		
0.033404		0.0196182		0.464475		0.482503		
0.267473		0.241227		0.260985		0.230316		
0.00025763		0.000249536		0.000235021		0.999258		
0.233894		0.108532		0.0882182		0.569356		
0.294224		0.247292		0.388087		0.0703971		
0.997828		0.000163624		0.0015004		0.000507851		
0.238284		0.135314		0.284488		0.341914		
0.446508		0.299406		0.182764		0.0713224		
0.000947496		0.00078394		0.000225594		0.998043		
0.345747		0.27597		0.0878087		0.290474		
0.997215		0.00132397		0.00114442		0.00031676		
0.548705		0.116523		0.081381		0.253391		
0.000827067		0.000302538		0.997309		0.0015618		
0.00140644		0.000750694		0.000780366		0.997062		
0.00100261		0.000702979		0.00199754		0.996297		
0.998922		0.000278242		0.000295411		0.000504472		
0.31775		0.31775		0.228605		0.135895		
0.000541861		0.998672		0.000464452		0.000321812		
0.000621966		0.000404066		0.000263031		0.998711		
0.999266		0.000292944		0.000239193		0.000202239		
0.14403		0.087808		0.156665		0.611497		
0.11761		0.202797		0.464081		0.215512		
0.377358		0.389937		0.232704		0		
0.0173712		0.513607		0.376375		0.0926462		
0.273406		0.0214143		0.246016		0.459163		
0.227439		0.320346		0.322011		0.130203		
0.00147226		0.000364652		0.00183106		0.996332		
0.00188328		0.000134673		0.997172		0.000810173		
0.266071		0.280714		0.318929		0.134286		
0.00158512		0.000812345		0.996953		0.00064941		
0.000850129		0.00123108		0.996703		0.00121567		
0.998945		0.00067779		0.000188841		0.000188057		
0.000107527		0.000367944		0.999297		0.000227655		
0.107234		0.515228		0.182741		0.194797		
8.73162e-06		3.4329e-05		2.33456e-05		0.999934		
0.999895		5.14755e-05		4.06348e-05		1.33584e-05		
0.446488		0.0657748		0.328317		0.15942		
0.473204		0.299886		0.221209		0.00570125		
0.997984		0.0011818		0.000131311		0.000702514		
0.998641		0.000535597		0.000503967		0.000319812		
0.149134		0.309173		0.271007		0.270686		
0.00121594		0.996355		0.00147884		0.000949747		
0.99809		0.000229552		0.000798079		0.000882525		
0.0320078		0.0106693		0.777886		0.179437		
0.339771		0.199448		0.239259		0.221521		
0.99718		0.00112406		0.000806316		0.000889933		
0.359736		0.242987		0.332508		0.064769		
0.00169814		0.996492		0.000194279		0.00161539		
0.110988		0.339602		0.332965		0.216445		
0.000411163		0.99643		0.00241669		0.000742459		
0.489631		0.190092		0.150922		0.169355		
0.288435		0.118367		0.368707		0.22449		
0.999488		0.000158661		0.000242709		0.000110348		
0.000373563		0.000133044		0.99943		6.37051e-05		
0.243619		0.099768		0.103248		0.553364		
0.379333		0.192283		0.0510137		0.377371		
0.201486		0.0495458		0.715111		0.0338563		
0.998469		0.000248473		0.00118249		0.000100287		
0.00047337		0.998652		0.000373141		0.000501145		
0.000741984		0.000661552		0.997957		0.000639433		
6.6714e-05		0.999613		0.000150996		0.000169009		
0.000457595		0.000937648		0.000979758		0.997625		
0.000212252		0.000222725		0.999402		0.00016268		
0.14412		0.255526		0.282935		0.317418		
0.000336991		0.99841		0.000683001		0.000569851		
0.000587906		0.00105507		0.00019296		0.998164		
0.359545		0.131402		0.41852		0.0905329		
0.00118306		0.996758		0.00122674		0.000832386		
0.997445		0.00102397		0.00102817		0.000502544		
0.00199739		4.24976e-05		0.000690585		0.99727		
0.377957		0.296774		0.0166667		0.308602		
0.00121888		2.72158e-05		0.998754		0		
0.997887		0.000576604		0.00071469		0.000821987		
0.306433		0.189084		0.237037		0.267446		
0.270469		0.23781		0.197792		0.293928		
2.93702e-05		0.000297425		0.000290393		0.999383		
0.0856193		0.230258		0.333333		0.35079		
0.184109		0.21124		0.352229		0.252422		
0.000172453		0.00160237		0.000799391		0.997426		
0.000191497		0.998523		0.000588521		0.000696545		
0.00118691		0.997574		0.000212702		0.00102617		
0.00152385		0.000600124		0.00120025		0.996676		
0.291901		0.135926		0.365277		0.206897		
0.000768491		0.000606313		0.998313		0.000312696		
2.50101e-05		0.999934		3.03284e-05		1.10677e-05		
0.326002		0.233307		0.126473		0.314218		
0.0001486		0.998859		0.000404158		0.000587867		
0.280462		0.239496		0.171569		0.308473		
0.165637		0.309023		0.181706		0.343634		
0.000573071		0.00115086		0.997977		0.000299506		
0.0896947		0.429866		0.133111		0.347328		
0.488936		0.126976		0.221812		0.162276		
0.277262		0.168559		0.25215		0.30203		
0.000749143		0.00197035		0.996539		0.000741446		
0.000362662		0.000725325		0.997977		0.000935451		
0.0409782		0.291474		0.543952		0.123596		
0.00054728		0.00113889		0.997172		0.00114195		
0.0822255		0.0270803		0.41162		0.479074		
0.997777		0.000956863		0.00110449		0.0001613		
0.99775		0.000523973		0.000597677		0.00112835		
0.000215012		0.00021973		0.000596507		0.998969		
0.00130362		0.0015616		0.000513685		0.996621		
0.996941		0.000876736		0.00152113		0.000660729		
0.40373		0.156884		0.0071311		0.432255		
5.26081e-05		0.998113		0.000581081		0.00125303		
0.999664		1.89642e-05		0.000198898		0.000118075		
0.374572		0.00880196		0.30709		0.309535		
0.420786		0.13308		0.162864		0.28327		
0.000632267		0.00125342		0.997105		0.00100885		
0.150423		0.488451		0.303662		0.0574648		
0.00130555		0.00109243		0.996434		0.00116843		
0.000238225		0.99934		0.000112199		0.000309732		
0.141183		0.409696		0.299414		0.149707		
0.000961393		0.996797		0.00207998		0.000161751		
0.0805985		0.384653		0.32529		0.209459		
0.999168		1.82864e-05		0.000546306		0.000267439		
0.000382771		0.000288654		0.999176		0.000152794		
0.998559		0.000192383		0.000619141		0.000629883		
0.000499846		0.996422		0.00175474		0.00132354		
0.0343088		0.494955		0.361251		0.109485		
0.00050333		0.00088823		0.998039		0.000569378		
0.000931954		0.00122961		0.00165484		0.996184		
0.000126955		0.000108036		0.000104853		0.99966		
0.000402341		0.998996		0.000380277		0.000221288		
0.513011		0.179926		0.289219		0.0178439		
0.996254		0.000638627		0.00212227		0.000985199		
0.00130952		0.996895		0.000952106		0.000843845		
0.0499546		0.41644		0.304269		0.229337		
0.273866		0.0423326		0.29892		0.384881		
0.118948		0.31605		0.323294		0.241708		
0.000780525		0.000655083		0.000290955		0.998273		
0.000628167		0.00285625		9.37045e-05		0.996422		
0.410465		0.388953		0.0325581		0.168023		
0.275559		0.271878		0.180402		0.272161		
0.000162635		0.99966		0.000115613		6.15955e-05		
0.000852306		0.00022792		0.000650243		0.99827		
0.000783136		0.998664		0.000284079		0.000268723		
0.998305		0.000795717		0.000290862		0.000608734		
0.323542		0.321473		0.316094		0.0388912		
0.997168		0.00128055		0.000966162		0.000585321		
9.65089e-05		3.79761e-05		5.3015e-05		0.999812		
0.999883		5.04243e-05		2.4233e-05		4.25302e-05		
0.323453		0.192508		0.283062		0.200977		
0.00114109		0.000214794		0.998586		5.81735e-05		
0.258772		0.198684		0.266228		0.276316		
0.144264		0.367723		0.323202		0.164812		
0.00138358		0.997473		0.00059494		0.000548821		
0.139982		0.396615		0.285453		0.177951		
0.000681301		0.000733898		0.000799645		0.997785		
4.73375e-06		0.999961		3.21968e-05		2.132e-06		
0.219674		0.303926		0.107631		0.368769		
0.000358024		0.998629		0.000351024		0.000662045		
0.309064		0.29049		0.349183		0.051263		
0.367429		0.211793		0.0858404		0.334938		
0.0313869		0.531387		0.338686		0.0985401		
0.00141371		0.00142957		0.000801249		0.996355		
0.999871		1.77069e-06		8.26027e-05		4.45329e-05		
0.365549		0.485503		0.145537		0.00341103		
0.172872		0.132092		0.365691		0.329344		
0.00184668		0.997246		0.000902618		4.60519e-06		
0.00877193		0.356725		0.417398		0.217105		
0.348882		0.111411		0.25559		0.284117		
0.00154195		0.996816		0.000512912		0.00112873		
0.104469		0.187198		0.580314		0.128019		
0.000470843		0.000488588		0.998984		5.61936e-05		
0.170787		0.218727		0.564794		0.0456929		
0.00063773		0.997676		0.000743665		0.000942823		
0.170391		0.455773		0.125698		0.248138		
0.999105		0.000120287		0.000454042		0.000320202		
0.242336		0.458394		0.245742		0.053528		
0.998824		8.94488e-05		6.47327e-05		0.0010216		
0.00011552		0.000232268		0.999371		0.000281118		
0.0015546		0.996832		0.000297154		0.00131621		
0.997227		0.00104711		0.00123309		0.000493235		
0.000910419		0.00103569		0.000573423		0.99748		
0.00253644		0.000965734		0.996406		9.15782e-05		
0.229759		0.299234		0.035558		0.435449		
0.361624		0.176753		0.171956		0.289668		
0.278322		0.257622		0.266573		0.197483		
0.0307577		0.364966		0.323706		0.28057		
0.997332		0.00082239		0.000531527		0.00131405		
0.24212		0.112464		0.126791		0.518625		
0.000954074		0.00100386		0.000374094		0.997668		
0.0927453		0.30709		0.340478		0.259687		
0.000218711		0.000163348		4.65926e-06		0.999613		
0.253311		0.422737		0.0513245		0.272627		
0.000534846		0.000940389		0.997457		0.00106773		
0.000568807		0.99743		0.000810483		0.00119102		
0.216697		0.320442		0.108042		0.354819		
0.145619		0.230358		0.292884		0.331139		
0.247813		0.194849		0.249271		0.308066		
0.000367264		0.000343368		0.000379212		0.99891		
0.27957		0.206256		0.447703		0.0664712		
0.266887		0.310573		0.0660793		0.356461		
0.226944		0.359541		0.21632		0.197195		
0.272497		0.0316857		0.224335		0.471483		
4.3061e-05		0.999844		7.53848e-05		3.78042e-05		
4.83784e-05		0.997059		0.00134814		0.00154488		
0.000520945		0.998441		0.000687054		0.000350595		
0.0788791		0.425532		0.475869		0.0197198		
0.000858904		0.0017676		0.000412559		0.996961		
0.220084		0.0625376		0.421527		0.295851		
0.000469951		0.0018619		0.99716		0.000507994		
0.00156282		0.997391		0.000187987		0.000858569		
0.000200093		0.000475329		0.000851922		0.998473		
0.00132762		0.996352		0.00113242		0.0011884		
0.0164965		0.384132		0.500393		0.0989788		
0.998121		0.00064322		0.000686723		0.000548964		
0.000852063		0.00140213		0.00122237		0.996523		
8.85682e-05		7.48945e-05		0.999664		0.000172475		
0.344034		0.0327075		0.0702604		0.552998		
0.357991		0.293513		0.238133		0.110364		
0.38203		0.489334		0.081448		0.0471881		
0.374436		0.0441103		0.304261		0.277193		
0.570758		0.0218921		0.0867866		0.320563		
0.99923		0.000183362		0.000259463		0.000326706		
0.189847		0.026441		0.453199		0.330513		
0.353925		0.17046		0.456572		0.0190432		
0.000936007		0.00218475		0.996383		0.000496434		
8.41401e-05		8.14196e-05		0.00017819		0.999656		
0.261858		0.335968		0.363142		0.0390316		
0.000182114		5.65182e-05		0.998848		0.000913711		
0.000739492		2.06233e-05		0.00272817		0.996512		
0.998434		0.00111452		0.000432337		1.95529e-05		
0.00153438		0.996957		0.00098961		0.000518981		
0.481199		0.0741144		0.137875		0.306812		
0.280508		0.280098		0.212121		0.227273		
0.000968234		0.996461		0.000458318		0.00211251		
0.000194665		0.000348792		0.999379		7.76367e-05		
0.998191		0.000785833		0.000356127		0.000666634		
0.127062		0.473427		0.343311		0.0562004		
0.38728		0.310869		0.0640721		0.237779		
0.00427716		0.349016		0.420873		0.225834		
0.00046015		4.13454e-05		0.000135224		0.999363		
0.316631		0.101279		0.253731		0.328358		
0.000658665		0.000621174		0.00025141		0.998469		
0.316811		0.130812		0.100664		0.451712		
0.000289176		0.00028011		0.000227589		0.999203		
0.998484		0.000393914		0.000609083		0.000512628		
0.000453528		0.00170585		0.996141		0.0017		
0.351627		0.149968		0.239311		0.259094		
0.125786		0.427673		0.336192		0.110349		
0.102468		0.320868		0.320868		0.255797		
0.00107966		0.000482166		0.997238		0.00119989		
0.225034		0.159371		0.230506		0.385089		
0.380628		0.37644		0.0816754		0.161257		
0.00208269		0.000552156		0.000130774		0.997234		
0.000187809		0.000550907		0.000101128		0.99916		
0.000678523		0.000360247		0.000340136		0.998621		
0.0604777		0.276965		0.339753		0.322804		
9.29624e-05		0.000508338		0.999145		0.000254169		
0.00061772		0.000237585		0.00151579		0.997629		
0.997934		0.000813107		0.000955352		0.000297947		
0.327887		0.0718954		0.381808		0.21841		
0.000604755		0.000666836		0.998184		0.000544815		
0.213921		0.213921		0.171694		0.400464		
0.997387		0.00102203		0.000892655		0.0006986		
0.000574667		0.996961		0.000662912		0.00180148		
0.000129601		0.996855		0.0013881		0.00162683		
0.29937		0.142645		0.206002		0.351982		
0.217891		0.188346		0.186295		0.407468		
0.996777		0.000917919		0.000818505		0.00148623		
0.0575472		0.21934		0.298585		0.424528		
0.996484		0.0013628		0.000972722		0.0011801		
0.387594		0.188068		0.256815		0.167523		
0.998488		0.000495451		0.000583381		0.000432886		
0.0633464		0.374399		0.421581		0.140673		
0.484175		0.0932815		0.174348		0.248195		
0.996957		0.00100261		0.000225679		0.00181468		
0.43799		0.263716		0.0792992		0.218995		
0.372989		0.274138		0.18908		0.163793		
0.997418		0.000996978		0.000577082		0.00100797		
0.000845689		0.000521858		0.00012464		0.998508		
0.000660363		0.00110143		0.997023		0.00121477		
2.64148e-05		9.4914e-06		2.65938e-05		0.999938		
0.996902		0.000402559		0.00184222		0.000852879		
0.000663577		0.00045913		0.000775731		0.998102		
0.000737128		0.000907101		0.00146905		0.996887		
0.000446471		0.998371		0.000310899		0.000871536		
0.00112225		0.000936713		0.000816041		0.997125		
0.26785		0.131755		0.30927		0.291124		
0.000522921		0.000263105		0.000233506		0.99898		
0.000145893		0.999746		1.6572e-05		9.14418e-05		
0.360526		0.188722		0.104887		0.345865		
0.997719		9.04634e-05		0.000881034		0.00130975		
0.0993243		0.301689		0.27027		0.328716		
0.287685		0.0315271		0.264039		0.416749		
0.200121		0.14873		0.124547		0.526602		
0.242112		0.275918		0.249517		0.232453		
0.128743		0.336826		0.523952		0.010479		
0.141444		0.240851		0.143422		0.474283		
0.000677746		0.998223		0.000563706		0.000535892		
0.0792406		0.410235		0.349567		0.160957		
0.228055		0.425559		0.173838		0.172547		
0.000203125		0.000228646		0.000177604		0.999391		
0.998223		0.000254391		0.000765434		0.000757519		
0.00178397		0.996223		0.000835678		0.0011577		
5.63435e-05		0.999879		3.42831e-05		3.04672e-05		
0.000465648		0.998758		0.000455285		0.000321255		
0.000497118		0.99741		0.00101076		0.00108196		
0.279443		0.278176		0.341494		0.100886		
0.996754		0.00207029		0.000521524		0.000654276		
0.00110851		0.997066		0.00149084		0.000334237		
0.10038		0.215209		0.537643		0.146768		
0.00118278		0.000610621		0.997195		0.00101129		
0.0839658		0.395636		0.429791		0.0906072		
0.0410539		0.479167		0.326593		0.153186		
0.000267073		0.000256307		0.000214901		0.999262		
0.0485612		0.0833333		0.586331		0.281775		
0.11989		0.242995		0.374828		0.262288		
0.252137		0.20177		0.299145		0.246947		
0.999387		0.000126385		0.000221173		0.000265724		
0.322645		0.250501		0.0467602		0.380094		
0.00134865		0.00089742		0.00102346		0.99673		
0.996687		0.00137297		0.000818566		0.00112097		
0.329049		0.292545		0.138817		0.239589		
0.99902		0.000337051		0.000353322		0.000290096		
0.183009		0.324335		0.117904		0.374752		
0.000717752		0.997191		0.00141678		0.000674062		
0.000510321		0.000355238		0.998965		0.000169598		
0.422764		0.0993677		0.217706		0.260163		
0.494419		0.259357		0.0124754		0.233749		
0.0537815		0.064986		0.559664		0.321569		
0.358997		0.0981082		0.384074		0.158821		
0.000467991		0.997113		0.00121168		0.00120705		
0.170433		0.255179		0.13371		0.440678		
0.162381		0.114622		0.613519		0.109478		
0.38383		0.365864		0.129441		0.120866		
0.287805		0.287805		0.188153		0.236237		
0.00061804		0.000870479		0.998285		0.000226325		
0.184136		0.232861		0.470255		0.112748		
0.00127765		0.997875		0.000708825		0.000138523		
0.00111605		0.997512		0.00110893		0.000263298		
0.000140995		2.199e-05		0.999016		0.00082139		
0.000177959		0.000282028		0.998605		0.000934544		
0.248963		0.2889		0.3361		0.126037		
0.33294		0.324292		0.111635		0.231132		
0.000930713		0.00144991		0.997012		0.000607656		
7.18545e-05		7.52373e-05		0.99984		1.30645e-05		
0.255787		0.28858		0.312114		0.143519		
0.00166529		0.00153836		0.000624482		0.996172		
0.454849		0.174869		0.298137		0.0721452		
0.996453		0.000808756		8.56733e-05		0.00265245		
0.0676923		0.226667		0.43641		0.269231		
0.000668461		0.000456264		0.000699494		0.998176		
0.159388		0.092751		0.438991		0.30887		
0.260956		0.394422		0.129482		0.215139		
0.999832		4.1319e-05		5.4504e-05		7.21458e-05		
0.141593		0.123894		0.534191		0.200322		
0.998211		0.00023932		0.000208675		0.00134107		
0.340456		0.295183		0.0612097		0.303151		
0.358658		0.0809077		0.102615		0.457819		
0.0839695		0.256573		0.301527		0.35793		
0.155479		0.439041		0.40274		0.00273973		
0.349337		0.233653		0.250114		0.166895		
0.00258933		0.423097		0.49767		0.0766442		
0.997469		0.001695		0.000316875		0.000519375		
0.358543		0.317327		0.253301		0.0708283		
0.00040582		0.00022786		0.999285		8.11639e-05		
0.0110063		0.379455		0.135744		0.473795		
0.000867818		0.00143081		0.000709184		0.996992		
0.0806787		0.331371		0.282548		0.305402		
0.0720721		0.403403		0.027027		0.497497		
0.000589193		0.00255534		5.85937e-05		0.996797		
0.227273		0.19664		0.222826		0.353261		
0.234431		0.145463		0.300267		0.31984		
0.271283		0.157208		0.409194		0.162316		
0.612179		0.155769		0.110897		0.121154		
0.297459		0.470354		0.00996512		0.222222		
0.000283715		0.99925		0.000120131		0.000346154		
0.0547628		0.269186		0.345546		0.330505		
0.183833		0.232942		0.368535		0.214689		
0.998727		9.3916e-05		0.00097418		0.000205342		
0.000447803		0.000162177		0.999188		0.00020252		
0.000457459		0.997762		0.000781152		0.00099967		
0.000111312		9.77086e-05		0.000162074		0.999629		
0.351078		0.351078		0.150462		0.147382		
0.000524833		0.996734		0.00155506		0.00118573		
0.0010125		0.000667969		4.21875e-05		0.998277		
0.314131		0.386139		0.121512		0.178218		
0.0168935		0.341154		0.415298		0.226654		
0.997828		0.000705018		0.000999652		0.000467206		
0.438776		0.299141		0.259398		0.00268528		
0.00121541		0.000366552		0.996848		0.00157038		
0.000120342		0.000280474		0.000536685		0.999062		
0.228478		0.122807		0.261934		0.386781		
0.000103539		0.00132469		0.000630368		0.997941		
0.560345		0.264163		0.126847		0.0486453		
0.374864		0.0457018		0.309576		0.269859		
0.999078		0.000439246		0.000191967		0.000290662		
0.205051		0.353168		0.0933219		0.348459		
0.280022		0.245557		0.179321		0.2951		
0.0775401		0.625		0.0815508		0.215909		
3.49026e-05		0.999875		7.51623e-05		1.49351e-05		
0.000698026		0.997863		0.000880643		0.00055805		
0.320135		0.402696		0.0981466		0.179023		
0.0236735		0.262449		0.38898		0.324898		
0.58596		0.184814		0.0916905		0.137536		
0.00234906		1.78539e-05		0.996098		0.00153543		
0.000260933		0.999133		0.00026593		0.000340324		
0.000140737		0.00103589		0.00110462		0.997719		
0.999148		0.000238706		0.000280725		0.000332132		
0.230686		0.140914		0.135473		0.492927		
0.141451		0.206642		0.276343		0.375564		
0.016811		0.263882		0.409577		0.30973		
0.00196844		0.000394405		8.24666e-05		0.997555		
0.997859		0.000450829		0.000956795		0.000733002		
0.0888562		0.419244		0.163967		0.327933		
0.468053		0.133234		0.0916295		0.307083		
0.256706		0.109538		0.328987		0.304769		
0.000367965		0.00043057		0.998434		0.000767871		
0.432406		0.346999		0.0497804		0.170815		
0.00113612		0.997039		0.00147389		0.000350926		
6.21848e-05		0.000270043		0.000409959		0.999258		
1.11839e-05		0.999977		1.5236e-06		1.073e-05		
0.00181937		0.000356086		0.00120735		0.996617		
0.30677		0.146228		0.215474		0.331528		
0.000777197		0.998984		0.000133046		0.000105383		
0.999289		5.94991e-05		0.00015307		0.000498368		
0.000561614		9.45478e-05		0.998574		0.000769619		
0.000515116		0.00068285		0.000294221		0.998508		
0.164321		0.410596		0.372517		0.0525662		
0.275073		0.22093		0.293968		0.210029		
0.0016353		0.000877813		0.996441		0.00104548		
0.00074752		0.00146653		0.000700008		0.997086		
0.260517		0.318804		0.294982		0.125697		
0.000436769		0.998062		0.000379339		0.00112139		
0.277228		0.478548		0.10066		0.143564		
0.998656		0.000535452		0.00018653		0.000621768		
0.036061		0.264216		0.5957		0.104022		
0.000636737		0.000455986		0.99825		0.000657277		
0.996426		0.00140155		0.00139606		0.000776607		
0.999941		1.48697e-06		3.0837e-05		2.62698e-05		
0.0681702		0.293183		0.291645		0.347002		
0.000106823		0.000284697		0.000299887		0.999309		
0.260406		0.304518		0.186766		0.24831		
0.00131108		0.000349991		0.996645		0.0016944		
0.407696		0.177279		0.296839		0.118186		
0.330618		0.230474		0.310973		0.127935		
0.997762		0.000905167		0.000323777		0.00100934		
0.25469		0.169983		0.0767482		0.498579		
0.406619		0.476359		0.0957447		0.0212766		
0.000293947		0.00183078		0.997613		0.000261996		
0.43498		0.0371545		0.428183		0.0996828		
0.000963678		0.998336		0.000509725		0.00019066		
0.0154839		0.313548		0.27914		0.391828		
0.276753		0.0433579		0.0498155		0.630074		
0.293435		0.277113		0.276025		0.153428		
0.245521		0.35342		0.12215		0.278909		
0.575729		0.111947		0.139229		0.173095		
0.351157		0.153963		0.37391		0.120971		
0.176355		0.462443		0.184193		0.177008		
0.358057		0.252097		0.29404		0.0958057		
0.00110278		0.000259657		0.000235219		0.998402		
0.118868		0.0207547		0.095283		0.765094		
0.0491308		0.213908		0.547997		0.188964		
0.997453		0.0012596		0.000470349		0.000816922		
0.0189602		0.119266		0.463609		0.398165		
0.00149907		0.99734		0.000464112		0.000696977		
1.20052e-05		0.999965		2.10937e-05		2.05729e-06		
0.480739		0.128232		0.217942		0.173087		
0.000192386		6.76209e-05		0.999461		0.000279055		
0.359719		0.219437		0.0474934		0.373351		
0.999148		0.00015803		0.000351656		0.000341877		
0.00115908		0.997898		0.00064042		0.000302063		
0.235548		0.229236		0.329236		0.20598		
0.196307		0.146259		0.223032		0.434402		
0.337769		0.15225		0.320157		0.189824		
0.155851		0.464602		0.20059		0.178958		
0.997605		0.000582491		0.00068355		0.00112849		
0.000251342		0.000222171		8.89864e-05		0.999437		
0.269254		0.177683		0.324439		0.228623		
0.410609		0.0923379		0.463654		0.0333988		
0.000708575		0.000430406		0.998699		0.000161801		
0.000314778		0.000821122		3.59747e-05		0.998828		
0.998437		5.74273e-05		0.00071465		0.000790422		
0.346277		0.156383		0.446809		0.0505319		
0.136529		0.299564		0.359114		0.204793		
0.415036		0.281139		0.185498		0.118327		
0.000526167		0.00104369		0.99743		0.00100046		
0.120594		0.447743		0.238095		0.193568		
0.000208277		0.999102		0.000319953		0.000370208		
0.000467974		0.000157979		0.000229516		0.999145		
0.999422		3.56553e-05		0.000206291		0.000336178		
0.51663		0.00221729		0.326681		0.154472		
0.314004		0.0207877		0.137856		0.527352		
0.386124		0.111614		0.431373		0.0708899		
0.135927		0.305263		0.250801		0.308009		
0.0328906		0.313725		0.251739		0.401645		
0.300165		0.0742166		0.0874107		0.538208		
0.00143457		0.00088423		0.99632		0.00136089		
2.73348e-05		2.6097e-05		0.99991		3.6412e-05		
0.000638018		0.000704696		0.997445		0.00121197		
0.999656		0.000101709		0.000126685		0.000115356		
0.20143		0.249369		0.29058		0.258621		
3.3849e-05		3.42732e-05		1.78153e-05		0.999914		
0.365138		0.225321		0.0583486		0.351193		
3.79525e-05		9.79695e-07		2.7474e-05		0.999934		
0.236632		0.389053		0.373474		0.000842105		
0.000332104		0.000436333		0.998898		0.000333126		
0.000191815		0.999539		0.000129812		0.00013931		
0.00137532		0.00199904		0.9965		0.000125641		
0.996684		0.000584517		0.00089543		0.00183646		
0.00155425		0.00168039		0.00013255		0.996633		
0.00757576		0.35202		0.468687		0.171717		
0.00032242		0.00029641		0.999008		0.000373357		
0.203819		0.0797136		0.46969		0.246778		
0.152862		0.385859		0.173064		0.288215		
0.157832		0.255142		0.36432		0.222706		
0.199555		0.285969		0.287305		0.227171		
0.000995816		0.000537618		0.00104469		0.997422		
0.000648675		0.000286868		0.000294926		0.99877		
0.000198783		1.77133e-05		0.997953		0.00183038		
0.000133987		0.000590074		0.998961		0.000315002		
0.000857838		0.000565661		0.99773		0.000846032		
0.307075		0.411321		0.138679		0.142925		
0.321711		0.184539		0.293421		0.200329		
0.997656		0.000641135		0.000263247		0.00143937		
0.184692		0.365575		0.163366		0.286367		
0.447482		0.368825		0.01247		0.171223		
0.000893747		0.000776961		0.997684		0.000645698		
0.273094		0.388463		0.0939895		0.244453		
0.000422471		0.000101524		0.99943		4.63174e-05		
0.31821		0.352544		0.160638		0.168608		
0.322674		0.0813953		0.239826		0.356105		
0.322737		0.215619		0.241534		0.220111		
0.154736		0.310022		0.0121145		0.523128		
1.18546e-05		0.999801		0.000101303		8.60613e-05		
0.0008752		0.00105841		5.07682e-05		0.998016		
0.996535		0.000475151		0.00154791		0.00144178		
0.998184		0.00104992		0.000608008		0.000158478		
5.64356e-05		0.999859		8.02246e-05		3.96483e-06		
0.38622		0.218826		0.285784		0.10917		
0.0662785		0.35871		0.433945		0.141066		
0.00194039		0.00164419		0.996371		4.43287e-05		
0.000266019		0.999547		0.00016201		2.50962e-05		
0.000197262		0.00227468		0.996172		0.00135618		
0.000837034		0.000257549		0.000155417		0.99875		
0.00028061		0.00120784		0.00122248		0.997289		
0.000462655		0.000706109		0.998273		0.000557798		
0.00939368		0.609735		0.109308		0.271563		
0.0957821		0.422671		0.430141		0.051406		
0.00039488		0.998641		2.07312e-05		0.000943764		
0.000773629		0.000190288		0.00094624		0.99809		
0.355684		0.215296		0.181247		0.247774		
0.326863		0.0892857		0.307065		0.276786		
0.238884		0.0917692		0.430937		0.238411		
0.999121		0.000338869		0.000220015		0.000320022		
0.00252073		0.996203		0.000292508		0.000983632		
8.78236e-05		0.000398343		0.999223		0.000291177		
3.12407e-05		0.00023768		0.999578		0.000152955		
0.0102696		0.358151		0.496791		0.134788		
0.363281		0.425781		0.0611979		0.14974		
0.000258153		0.00185831		0.000301507		0.997582		
0.998445		0.000496092		0.000477688		0.000580907		
0.998598		0.000180948		0.00117616		4.52369e-05		
0.00122622		0.000364977		0.00142052		0.996988		
0.53303		0.274867		0.170084		0.0220197		
0.174114		0.302517		0.195172		0.328197		
0.998734		9.04018e-05		8.15821e-05		0.00109364		
0.00114427		0.000518518		0.997379		0.000958308		
0.0743467		0.266838		0.300699		0.358116		
0.00110601		0.997516		0.00107104		0.000307326		
0.511097		0.124287		0.0488269		0.315789		
0.354538		0.379364		0.162917		0.103181		
0.254848		0.0819153		0.386624		0.276613		
7.36538e-05		9.05953e-05		0.999816		1.93446e-05		
0.37876		0.150866		0.0642662		0.406108		
0.250413		0.203306		0.22686		0.319421		
0.388371		0.176083		0.129457		0.306089		
3.84358e-06		0.000102047		7.37968e-05		0.99982		
0.0611148		0.242445		0.48086		0.215581		
0.000986856		0.000878598		0.997617		0.000517359		
0.0495386		0.288975		0.456532		0.204954		
0.213333		0.159506		0.334815		0.292346		
0.611758		0.110227		0.179424		0.0985915		
0.0014794		0.00014833		0.997297		0.00107539		
0.278602		0.0942797		0.308616		0.318503		
0.179688		0.133929		0		0.686384		
0.000177412		0.00141446		0.998223		0.000185476		
0.223301		0.058657		0.339401		0.378641		
4.14288e-05		0.999926		1.55122e-05		1.72778e-05		
0.131414		0.259136		0.273902		0.335548		
1.3603e-05		4.33983e-06		1.72134e-05		0.999965		
2.7938e-05		0.000538582		0.000367074		0.999066		
0.387815		0.394958		0.0176471		0.19958		
0.28192		0.24416		0.18592		0.288		
0.111787		0.232928		0.289523		0.365762		
0.00012367		0.998746		0.00017744		0.000952797		
0.453459		0.06222		0.0970632		0.387257		
0.000158691		0.000194094		0.999582		6.5184e-05		
0.363447		0.294338		0.213156		0.129059		
0.997547		0.000898162		0.00103913		0.000515829		
0.547564		0.153712		0.145012		0.153712		
4.80323e-05		0.00160329		0.00114946		0.997199		
0.999359		9.58347e-05		0.000268942		0.000275849		
0.997832		3.11618e-05		0.00115744		0.00097937		
0.0358409		0.236314		0.340685		0.38716		
0.368352		0.35956		0.213187		0.0589011		
0.05735		0.263678		0.148978		0.529993		
0.126363		0.383053		0.113479		0.377106		
0.352056		0.168004		0.132397		0.347543		
0.0695122		0.262195		0.281301		0.386992		
0.390829		0.01809		0.256626		0.334455		
0.00055494		0.998426		0.000679519		0.000339759		
0.172833		0.460888		0.110465		0.255814		
0.202975		0.266404		0.278215		0.252406		
0.997305		0.000936075		0.000697503		0.00106173		
0.187224		0.308108		0.485995		0.0186732		
0.0279232		0		0.307155		0.664921		
0.000975843		0.000792627		0.997309		0.000922936		
1.31537e-05		3.61727e-05		7.95799e-05		0.999871		
0.0692446		0.806655		0.0170863		0.107014		
0.000216204		0.00127048		0.00197035		0.996543		
0.232172		0.113599		0.262852		0.391376		
0.742857		0.12967		0.0681319		0.0593407		
0.0289079		0.202355		0.01606		0.752677		
2.04644e-05		0.00114464		0.000862235		0.997973		
0.000951573		0.000422546		0.00150088		0.997125		
0.000458258		0.00117903		0.00109709		0.997266		
0.530229		0.0132036		0.141765		0.314802		
0.997707		0.00127831		0.000981103		3.35556e-05		
0.178551		0.334643		0.385177		0.101628		
0.386029		0.122059		0.299265		0.192647		
0.137783		0.369705		0.175439		0.317073		
0.000305076		0.000130307		0.000427899		0.999137		
0.99877		0.000286232		0.000818119		0.000126118		
0.000199734		0.00123835		0.997867		0.000694727		
0.175131		0.408494		0.0113835		0.404991		
0.326403		0.224116		0.404574		0.0449064		
0.00157629		0.997129		0.000722465		0.000572342		
0.000655244		0.997641		0.00114481		0.000559324		
0.000937452		0.997402		0.000598396		0.00106181		
0.24901		0.297308		0.30285		0.150831		
0.000202337		0.000223775		0.999441		0.000132482		
0.178032		0.140046		0.411899		0.270023		
0.000584798		0.000137797		0.999188		8.99043e-05		
0.0751812		0.504529		0.328804		0.0914855		
0.997668		0.00108819		0.000393069		0.000850769		
4.98498e-05		8.81836e-05		0.999754		0.00010806		
0.000525136		0.000684315		0.0006968		0.998094		
0.694068		0.188983		0.112712		0.00423729		
0.000613391		0.99884		0.000530833		1.59322e-05		
0.996742		0.00050096		0.00267809		7.87672e-05		
0.194662		0.374019		0.0883046		0.343014		
0.28561		0.331876		0.283424		0.0990893		
0.00161846		0.996863		0.00082121		0.000697049		
0.326268		0.256245		0.223694		0.193793		
0.000871023		0.998289		0		0.000839915		
0.000920137		0.998004		0.000429845		0.000646111		
0.996496		0.000947169		0.00105396		0.00150278		
0.000512079		0.000148456		0.998809		0.000530871		
0.996758		0.00107706		0.00111891		0.00104622		
0.131162		0.401849		0.263204		0.203785		
0.43067		0.0722679		0.0752056		0.421857		
0.432973		0.108108		0.0816216		0.377297		
0.999551		0.000217546		0.000196828		3.48451e-05		
0.386981		0.100461		0.317273		0.195284		
0.000636276		0.000703064		0.998035		0.000625504		
0.154921		0.52127		0		0.32381		
0.000297966		0.000694164		0.998145		0.000863339		
0.083632		0.292712		0.261051		0.362605		
0.00126836		0.997391		0.000153615		0.0011874		
0.400115		0.176097		0.310624		0.113164		
0.000309964		0.000746555		0.00059973		0.998344		
0.168009		0.340311		0.0681696		0.42351		
0.000863045		0.997062		0.00104397		0.00103048		
0.000621798		0.99857		0.000289226		0.000518663		
0.310647		0.179245		0.406334		0.103774		
0.0758472		0.377622		0.0532544		0.493276		
0.000711364		0.000144684		0.00109317		0.998051		
0.00150461		0.997848		0.000474483		0.000173249		
0.99909		0.000141552		0.000394029		0.000374575		
0.000318445		0.000791169		0.000214605		0.998676		
0.627219		0.0927022		0.274819		0.0052597		
9.53419e-05		0.000593006		0.998691		0.000620246		
0.0714286		0.599743		0.0431145		0.285714		
0.318362		0.399384		0.146631		0.135623		
0.999891		3.51056e-05		3.56854e-05		3.8584e-05		
0.408964		0.186275		0.333333		0.0714286		
0.125912		0.347324		0.434307		0.0924574		
0.15408		0.301571		0.418145		0.126204		
0.265683		0.166974		0.48893		0.0784133		
0.999012		0.000119792		0.000579337		0.000289152		
0.000140093		0.00117959		0.996789		0.00189126		
0.0777878		0.333183		0.194245		0.394784		
0.150338		0.398649		0.042652		0.408361		
0.0320641		0.529058		0.332665		0.106212		
0.0151072		0.33577		0.252437		0.396686		
0.000959658		0.000160317		0.998008		0.000872213		
0.997371		0.00131119		0.000568236		0.000749483		
0.999652		0.00010223		7.13235e-05		0.000174102		
0.247504		0.269818		0.220787		0.261891		
0.337633		0.0286035		0.278183		0.35558		
0.00576132		0.329218		0.304115		0.360905		
0.996301		0.00131549		0.00227877		0.000104959		
0.000156056		0.99948		0.000129392		0.000234084		
7.75286e-06		0.999922		6.5303e-05		5.06918e-06		
0.423692		0.13489		0.189364		0.252054		
0.0019978		0.996348		0.00074331		0.000911234		
0.000711067		0.000756347		0.000602898		0.99793		
0.169501		0.262472		0.175737		0.39229		
0.0613254		0.434718		0.258655		0.245302		
0.997551		0.00146006		5.57274e-06		0.000983588		
0.335732		0.396274		0.234124		0.0338696		
0.368992		0.196899		0.116796		0.317313		
0.00029522		0.000803853		0.997137		0.00176421		
0.000276032		0.000345852		0.998957		0.000421084		
0.241541		0.129229		0.397086		0.232143		
0.208216		0.477209		0		0.314575		
0.227488		0.0884676		0.56951		0.114534		
0.000871614		0.000403892		0.000501838		0.998223		
0.254415		0.124105		0.453938		0.167542		
0.000814438		0.00060259		0.997637		0.000946254		
0.00668693		0.272948		0.320365		0.4		
0.396083		0.00598477		0.397171		0.200762		
0.10742		0.245293		0.441307		0.20598		
0.996594		0.000844393		0.00104832		0.00151353		
0.00115106		0.000632142		0.997699		0.000517575		
0.996141		0.00220208		0.00122739		0.000429913		
0.00158923		0.99648		0.00155462		0.00037568		
0.158108		0.0702703		0.413964		0.357658		
0.317688		0.341897		0.0874506		0.252964		
0.407795		0.161122		0.218156		0.212928		
0.000537926		0.998777		0.000408266		0.000276464		
0.999793		7.20733e-05		5.02503e-05		8.47077e-05		
0.000187187		0.000979743		0.000868227		0.997965		
0.272202		0.00630583		0.451918		0.269574		
2.66703e-05		0.999855		6.54702e-05		5.23908e-05		
0.00106772		0.00122369		0.000427341		0.997281		
0.0941325		0.404812		0.413677		0.0873786		
0.000751913		0.998023		3.35011e-05		0.00119115		
0.415007		0.118194		0.371846		0.0949535		
0.00227121		0.996984		0.000615279		0.000129133		
0.0412518		0.534139		0.349218		0.0753912		
0.000622012		0.000590346		0.00146342		0.997324		
0.000208734		6.93447e-05		0.999059		0.000663327		
0.328522		0.178007		0.421993		0.0714777		
0.102941		0.145294		0.575882		0.175882		
0.000751075		0.996371		0.000629768		0.00224806		
0.000156482		0.999656		0.000123303		6.39646e-05		
0.999867		3.5722e-05		5.05603e-05		4.65302e-05		
0.45752		0.348647		0.0641913		0.129641		
0.471091		0.203679		0.164915		0.160315		
0.27007		0.251972		0.0770302		0.400928		
0.199389		0.0471204		0.382199		0.371291		
0.999195		0.000329345		0.000206095		0.000269248		
0.999973		1.29481e-05		3.43442e-06		1.09612e-05		
0.999348		0.00023466		0.000250764		0.00016692		
0.000215986		0.997719		0.000816647		0.00124862		
0.336861		0.131393		0.0987654		0.432981		
0.00296778		0.000752109		4.57363e-05		0.996234		
0.159066		0.389794		0.298588		0.152552		
0.00164766		0.00131733		0.000202973		0.996832		
0.998781		0.000758703		0.000206314		0.000253733		
0.0003765		0.997008		0.000984185		0.0016315		
0.00259401		0.996125		0.000165461		0.00111553		
0.998465		0.000620265		0.000245891		0.000669		
0.320837		0.183504		0.266772		0.228887		
0.999691		7.93527e-05		9.91908e-05		0.00013005		
0.000495092		0.000560757		0.000662902		0.998281		
0.000163035		0.000201676		0.999465		0.000170445		
0.227305		0.444053		0.275862		0.0527797		
0.313761		0.138349		0.302385		0.245505		
0.00102167		0.996668		0.00149014		0.000820217		
0.0382452		0.023622		0.454443		0.48369		
0.148791		0.394322		0.320715		0.136172		
0.436116		0.128904		0.000567859		0.434412		
0.998734		0.000605679		0.000248883		0.000411063		
0.00119195		0.000871097		0.000968199		0.996969		
0.00133894		0.997617		0.000986807		5.7065e-05		
