0.0796345		0.308094		0.361184		0.251088		
0.996637		0.000346068		0.00148374		0.00153347		
0.289797		0.131605		0.303755		0.274842		
0.559382		0.291568		0.00178147		0.147268		
0.0533652		0.34329		0.385504		0.217841		
0.335292		0.131105		0.284613		0.24899		
0.460356		0.185488		0.0965882		0.257568		
0.218354		0.295359		0.232068		0.254219		
7.11045e-05		0.000321452		0.000791038		0.998816		
0.195719		0.144113		0.369648		0.29052		
0.0424548		0.409416		0.275326		0.272804		
0.237458		0.149666		0.362876		0.25		
0.118386		0.650794		0.186508		0.0443122		
0.0389817		0.498807		0.0397772		0.422434		
0.000394803		0.000535887		0.998621		0.000448217		
0.000697208		0.000396026		0.998301		0.000605985		
0.997961		9.17861e-05		0.000868437		0.00107884		
0.00178257		3.12002e-05		0.996734		0.00145185		
0.99968		6.30615e-05		2.03532e-05		0.000236898		
0.000416158		0.00097148		0.00131939		0.997293		
0.231633		0.247995		0.30061		0.219763		
0.0905172		0.0725575		0.140086		0.696839		
0.0855784		0.387744		0.341786		0.184892		
0.000149025		0.998031		0.00100972		0.000810006		
0.101593		0.472817		0.0906096		0.334981		
0.000633853		0.997734		0.000921695		0.000710076		
5.4548e-05		0.000100028		0.999828		1.72991e-05		
0.142395		0.0512406		0.386192		0.420173		
0.182504		0.0648567		0.316742		0.435897		
0.349528		0.097166		0.290598		0.262708		
0.411202		0.0483485		0.173767		0.366683		
0.209555		0.247117		0.313674		0.229654		
0.306392		0.213583		0.260602		0.219422		
0.207051		0.292501		0.27308		0.227368		
0.999625		0.00013559		4.42511e-05		0.000195159		
0.999191		0.000322645		0.000348175		0.000137773		
0.000674023		0.999047		0.000262964		1.61386e-05		
0.159611		0.495489		0.18737		0.157529		
0.146766		0.364428		0.284826		0.20398		
0.000682664		0.998066		0.000877046		0.000373884		
3.79189e-06		3.66549e-05		0.999918		4.15844e-05		
0.211879		0.184466		0.0513992		0.552256		
0.000198283		0.999406		0.000265018		0.000130449		
0.00014529		0.000518054		0.999082		0.000254624		
0.5387		0.200619		0.169659		0.0910217		
3.60942e-05		0.997773		0.00106365		0.00112682		
0.514735		0.00884086		0.233792		0.242633		
0.321209		0.101559		0.183751		0.393481		
0.000561153		0.00049272		0.998191		0.000754721		
0.38693		0.0791058		0.0343938		0.49957		
0.00057426		0.000298784		0.000548831		0.998578		
0.256843		0.229472		0.227244		0.286442		
0.256738		0.174113		0.299291		0.269858		
0.0410864		0.104457		0.247911		0.606546		
0.000657121		0.000677609		0.99802		0.000645739		
0.998684		0.000425355		0.000460742		0.000430309		
0.000639834		0.000579782		0.000592884		0.998188		
0.151946		0.491044		0.158122		0.198888		
0.000749951		0.000474043		0.000541631		0.998234		
5.37256e-05		0.00192123		0.000896142		0.997129		
0.000233262		0.999621		0.000131042		1.46029e-05		
0.000403304		3.49467e-05		0.000741437		0.99882		
0.997734		0.00094288		0.000637631		0.000685114		
0.999945		1.41581e-05		7.96112e-06		3.25682e-05		
0.260007		0.170595		0.300037		0.26936		
0.000116906		6.96791e-06		0.000735501		0.999141		
0.0478564		0.559322		0.14656		0.246261		
0.999281		0.000359979		0.000141334		0.000217437		
0.243939		0.288966		0.0420584		0.425037		
0.997066		0.00251661		9.81135e-06		0.000407171		
0.340967		0.340543		0.159033		0.159457		
0.00073569		3.11316e-05		0.997945		0.00128787		
0.000249837		0.999352		0.000250193		0.000148407		
0.000471919		0.996797		0.00151607		0.00121514		
0.306187		0.236631		0.138413		0.31877		
0.000855673		0.000549296		0.000149718		0.998445		
0.00147669		0.996363		0.00129138		0.000868643		
0.998223		0.000579472		0.000431729		0.000766142		
0.000457892		0.000177973		0.000368041		0.998996		
0.278973		0.271423		0.159683		0.289921		
0.153075		0.141686		0.394077		0.311162		
0.000757897		0.000696473		0.998359		0.000186255		
1.58715e-05		0.000729208		0.998547		0.000708046		
0.252365		0.253121		0.144911		0.349603		
0.00112793		0.00164714		0.996434		0.000791341		
0.00170856		0.996547		0.00114437		0.000600196		
0.223244		0.304156		0.180581		0.292019		
0.000151947		0.000294277		0.999242		0.000311588		
4.57443e-05		0.000210534		0.000122628		0.999621		
0.0294551		0.245214		0.600147		0.125184		
2.93961e-05		0.000429184		0.000615639		0.998926		
0.238618		0.21119		0.526604		0.0235875		
0.00047613		0.996859		0.00106824		0.00159626		
0.00034093		0.000262695		0.000447156		0.998949		
0.20819		0.181034		0.385345		0.225431		
0.0393548		0.0296774		0.486452		0.444516		
0.0882905		0.125235		0.547276		0.239198		
0.00010512		0.000596809		0.997609		0.0016887		
0.000234042		0.998699		0.000776034		0.000290705		
0.999445		0.000295211		0.000156781		0.000102696		
0.338717		0.0899862		0.20443		0.366867		
0.376802		0.332189		0.262183		0.0288264		
0.11561		0.190733		0.302744		0.390913		
0.00104544		0.99725		0.000467652		0.00123691		
0.000544111		0.000386575		0.998551		0.000518533		
0.997723		0.000684128		0.00141756		0.000175654		
0.229167		0.291346		0.282051		0.197436		
0.000746912		0.00150942		0.997602		0.000142104		
0.00022439		0.999641		6.04802e-05		7.45046e-05		
0.999141		0.000361247		0.000258692		0.000239436		
0.998004		0.000448515		0.000981884		0.000565695		
0.000872248		0.00119523		0.000702053		0.99723		
0.000599466		0.00012138		0.998578		0.000701029		
0.310266		0.306043		0.231969		0.151722		
0.000959692		0.00128351		0.00120992		0.996547		
0.374588		0.165176		0.228706		0.231529		
0.000749782		0.997152		0.00165861		0.000439266		
0.998406		0.000879564		0.000153127		0.000561059		
0.00109106		0.000661249		0.000685191		0.997563		
0.296434		0.0245171		0.412333		0.266716		
0.00113767		0.996957		0.000989653		0.000915644		
0.0648855		0.331107		0.217557		0.38645		
0.0119048		0.344577		0.361772		0.281746		
0.156898		0.534636		0.271758		0.0367081		
0.000371875		5.82065e-05		3.47622e-05		0.999535		
0.0499529		0.447691		0.268615		0.233742		
7.75869e-05		0.999594		0.000161788		0.000166875		
0.358672		0.252677		0.139186		0.249465		
0.997453		0.00159915		1.17584e-05		0.000935971		
0.996809		0.000935447		0.00188702		0.000368937		
5.42256e-06		1.87179e-05		0.999969		7.10958e-06		
0.000104526		0.000531016		0.000591021		0.998773		
0.00134321		0.000185175		0.998129		0.000342711		
0.319085		0.127237		0.201789		0.351889		
0.00194305		0.00156303		0.996277		0.000216576		
0.386243		0.155474		0.243793		0.214489		
0.0461861		0.0391882		0.648705		0.26592		
0.0796777		0.182632		0.207699		0.529991		
0.203787		0.387737		0.0928765		0.3156		
0.432794		0.463469		0.0312326		0.0725042		
0.0121212		0.509091		0.324848		0.153939		
0.996645		0.00052116		0.000918043		0.00191627		
0.997953		0.00062197		0.000390822		0.00103408		
0.472674		0.153488		0.257558		0.116279		
0.00108997		0.00145463		0.000865563		0.99659		
0.0874674		0.366841		0.451697		0.0939948		
0.236364		0.206061		0.42803		0.129545		
0.00143988		0.000676042		0.996773		0.00111064		
0.059637		0.099395		0.0458081		0.79516		
0.000650615		0.000691194		0.00127147		0.997387		
8.11378e-05		0.00011185		0.999785		2.18558e-05		
0.439002		0.274492		0.157116		0.12939		
0.250597		0.106035		0.332083		0.311285		
0.314058		0.285643		0.398804		0.00149551		
0.375924		0.167625		0.375924		0.0805259		
0.341913		0.010087		0.326957		0.321043		
0.462181		0.437123		0.0399072		0.0607889		
0.417768		0.444934		0.0704846		0.0668135		
1.92959e-05		4.66867e-05		0.99993		4.32982e-06		
0.344901		0.235482		0.302762		0.116856		
0.000195583		0.000227841		0.99952		5.70451e-05		
0.244841		0.160895		0.29171		0.302553		
0.000196773		0.000120495		0.000182733		0.9995		
5.11653e-05		3.1303e-05		1.12818e-05		0.999906		
0.000295535		0.00191292		0.997117		0.000674358		
0.176602		0.408785		0.197221		0.217391		
0.000103286		0.999566		0.000209937		0.000120371		
0.255955		0.103592		0.269943		0.37051		
0.282379		0.375771		0.0488987		0.292952		
0.00013441		0.000222861		6.46037e-05		0.999578		
0.000537381		0.0010675		0.996188		0.00220762		
0.00101274		0.997133		0.000951978		0.000902466		
0.257546		0.243042		0.230498		0.268914		
0.000588031		0.00021462		0.000377036		0.99882		
0.148412		0.326221		0.181603		0.343765		
0.110963		0.389483		0.398841		0.100713		
0.999832		2.02721e-05		4.26128e-05		0.000105084		
0.998613		0.00117645		1.08762e-05		0.000199397		
0.331235		0.278419		0.303253		0.0870934		
0.236815		0.313308		0.11701		0.332868		
0.0234604		0.672532		0.281525		0.0224829		
0.000190446		0.000700238		0.997992		0.00111713		
3.58202e-06		0.999984		1.0499e-05		1.54397e-06		
0.423173		0.240179		0.101939		0.234709		
7.72767e-05		0.000408118		0.000893512		0.998621		
0.19757		0.264602		0.192866		0.344963		
0.000138663		0.00029707		7.9892e-05		0.999484		
0.997648		0.00097063		0.00108883		0.000292098		
0.00126981		2.57828e-05		0.996844		0.00186066		
0.998109		0.00118895		0.000245029		0.000456646		
0.303378		0.0871622		0.296959		0.3125		
0.00112793		0.997031		2.88228e-05		0.00181199		
0.000166823		0.999262		2.57334e-05		0.000545725		
0.998879		0.000333063		0.000728167		5.98642e-05		
0.99791		0.000231872		0.00124463		0.00061334		
0.222997		0.188589		0.253049		0.335366		
0.000883533		0.998023		0.000168509		0.000924521		
0.000105312		6.48319e-05		0.999645		0.000185324		
0.111543		0.0544747		0.42153		0.412451		
0.997379		0.000309858		0.00105149		0.00125975		
0.000240052		0.000863614		0.998473		0.000423678		
8.06356e-06		4.81894e-05		4.53095e-05		0.999898		
0.998379		0.000475821		0.000610162		0.000535111		
0.545389		0.0551924		0.263617		0.135802		
0.000693044		0.998625		0.000365927		0.000316028		
0.381317		0.348392		0.267994		0.00229709		
0.220879		0.293407		0.126374		0.359341		
0.998484		0.00046282		0.000507573		0.000545232		
0.997797		0.00105669		0.000846924		0.000299508		
0.000107769		0.000914367		0.99816		0.000817708		
0.327844		0.116766		0.233533		0.321856		
0.358159		0.0924686		0.210042		0.339331		
0.0013134		0.996687		0.00121811		0.000780996		
0.253797		0.184713		0.348359		0.213131		
0.389618		0.113365		0.0960621		0.400955		
0.3681		0.0460601		0.318234		0.267606		
0.000619792		0.000809896		0.99841		0.000160156		
0.000199603		0.999238		0.000229443		0.000332672		
8.76222e-06		0.999203		0.000334425		0.000453688		
0.347062		0.169829		0.296159		0.18695		
0.156602		0.438076		0.281474		0.123849		
0.108082		0.171373		0.21519		0.505355		
9.63784e-05		0.999809		8.99941e-05		5.03378e-06		
0.290145		0.305153		0.294147		0.110555		
0.000644909		0.000482359		0.000255544		0.998617		
0.00045228		0.000334185		0.998605		0.000608066		
0.00176064		0.997887		1.27768e-05		0.000339863		
0.996578		0.000659766		0.00152955		0.00123255		
0.997023		0.00177792		0.000679472		0.000519168		
0.26127		0.309743		0.0678623		0.361125		
0.182304		0.267353		0.2418		0.308543		
0.202572		0.518489		0.161576		0.117363		
6.22104e-05		0.000360391		0.000522711		0.999055		
0.35512		0.19695		0.355991		0.091939		
0.239496		0.251634		0.438842		0.070028		
0.299244		0.28412		0.0824631		0.334174		
7.20057e-05		0.999766		0.000154884		7.48574e-06		
0.415547		0.116603		0.243282		0.224568		
0.212566		0.53259		0.200235		0.0546095		
0.0655462		0.228992		0.403361		0.302101		
0.000121786		0.00228584		0.000815032		0.996777		
3.67237e-05		0.999543		0.000198846		0.000221462		
0.000515744		0.00179139		0.997484		0.000208492		
0.998		0.000637904		0.000897791		0.000464304		
0.379811		0.2337		0.184996		0.201493		
0.264362		0.304284		0.0408958		0.390458		
9.17313e-05		7.86693e-05		0.999766		6.39744e-05		
0.000345047		0.998367		7.64033e-05		0.00121136		
0.0517898		0.0456969		0.460777		0.441736		
0.000826958		0.000971675		0.000459179		0.997742		
0.381789		0.152822		0.326944		0.138445		
0.373597		0.221272		0.345804		0.0593266		
0.00089885		0.998965		6.04377e-05		7.58686e-05		
0.000690627		0.000127356		0.998719		0.000463267		
4.0735e-05		0.000158311		0.999586		0.000215016		
0.260243		0.316974		0.289959		0.132823		
0.219154		0.325323		0.218077		0.237446		
0.171256		0.083949		0.395567		0.349228		
0.290513		0.417612		0.0807989		0.211076		
0.000172409		0.997453		0.000932033		0.00144243		
0.264322		0.147373		0.352035		0.23627		
0.000692863		0.00105622		0.996793		0.00145795		
0.000675474		0.000114165		0.99716		0.00205021		
0.343284		0.132593		0.18327		0.340854		
7.90001e-05		1.95945e-05		0.000131874		0.99977		
0.25165		0.110974		0.377063		0.260314		
0.000123844		0.999383		0.000397517		9.58265e-05		
0.00114382		0.00102865		0.996875		0.00095253		
0.00115233		0.00167462		0.996375		0.000798048		
0.00101942		0.00124615		0.00124615		0.996488		
0.00109152		0.998148		0.000173985		0.000586053		
0.0609756		0.323848		0.109079		0.506098		
0.16908		0.302811		0.409284		0.118825		
0.257911		0.0627637		0.273734		0.405591		
0.000902101		4.87622e-05		0.998039		0.00101007		
0.997715		0.000427332		0.000987136		0.000870688		
0.00104402		0.000218414		0.997969		0.000768817		
0.000127305		0.000715957		0.000176269		0.99898		
0.103957		0.291727		0.330935		0.273381		
0.000615464		0.00026282		0.997309		0.00181312		
0.252049		0.169399		0.0935792		0.484973		
0.000102266		0.999762		0.000118379		1.76364e-05		
0.999871		4.17236e-05		4.55295e-05		4.16531e-05		
0.000180386		0.00120897		0.997437		0.00117315		
0.0275665		0.285171		0.215779		0.471483		
0.320698		0.323706		0.202166		0.15343		
0.000365129		0.996777		0.00234423		0.000513297		
0.104687		0.202678		0.353621		0.339014		
0.365532		0.141765		0.0840862		0.408617		
0.0012163		0.996582		0.00110853		0.00109313		
0.997094		0.000846774		0.00133216		0.000727319		
0.997773		0.00126372		0.000848931		0.000113907		
0.307319		0.290354		0.0116335		0.390693		
0.422517		0.160265		0.203974		0.213245		
0.365288		0.0444862		0.0827068		0.507519		
0.000470609		0.00062505		3.71533e-05		0.998867		
0.000324742		0.998367		0.000659347		0.000648724		
0.00090517		0.000851178		0.99684		0.00140381		
0.400351		0.0184372		0.199298		0.381914		
0.000429058		0.998949		0.000539967		8.17556e-05		
0.244019		0.232978		0.165992		0.357011		
0.000445734		0.998793		0.000157782		0.000603516		
0.000374425		0.996293		0.00165973		0.00167287		
0.262156		0.262561		0.248784		0.226499		
0.0346908		0.39266		0.402715		0.169935		
0.210018		0.238137		0.27065		0.281195		
0.413912		0.0626722		0.362948		0.160468		
0.327279		0.16709		0.302579		0.203051		
0.000250087		0.999477		6.16999e-05		0.000211651		
9.84659e-05		0.99652		0.00161364		0.00176837		
0.00105752		0.997719		0.000553625		0.000670109		
0.998473		0.000214886		0.000820699		0.000491758		
0.346626		0.533742		0.0613497		0.0582822		
0.442997		0.234993		0.310377		0.0116333		
0.000881993		0.00252043		0.996437		0.000160077		
0.997633		0.00114081		0.000774327		0.000452047		
0.00146511		0.996227		0.00157134		0.000736982		
0.000489192		0.997254		0.00109773		0.00115917		
0.0016239		0.00176744		0.000389908		0.996219		
0.473202		0.0662906		0.246121		0.214386		
0.000832398		0.00155674		0.997059		0.000552264		
0.400681		0.0556186		0.0397276		0.503973		
0.302913		0.222524		0.150291		0.324272		
0.999402		9.12008e-05		0.000465706		4.07493e-05		
0.0338164		0.43913		0.427536		0.0995169		
0.120203		0.328385		0.213251		0.338161		
0.000662932		0.00118038		0.99775		0.000406686		
0.999355		0.000157291		0.000125652		0.000361588		
0.0130468		0.487337		0.368381		0.131236		
0.283291		0.204835		0.354538		0.157337		
0.114657		0.718676		0.131206		0.035461		
0.998551		0.000587212		0.000493823		0.000368184		
0.161974		0.203379		0.320305		0.314342		
0.256048		0.261694		0.164919		0.317339		
0.000357231		0.000844204		0.998332		0.000466534		
0.000696336		0.996934		0.00108951		0.00128056		
0.000122461		0.999398		0.000187988		0.000291113		
0.356643		0.415501		0.168998		0.0588578		
0.000224777		0.000436822		0.998996		0.000342308		
0.282681		0.258951		0.269775		0.188593		
0.00135301		0.00222475		0.996289		0.000133182		
0.000555983		0.000501424		0.000602748		0.99834		
0.277204		0.524012		0.156839		0.0419453		
0.257277		0.24507		0.119718		0.377934		
0.362576		0.0248479		0.31643		0.296146		
0.997664		0.000609723		0.00111535		0.000610867		
0.383168		0.307426		0.128218		0.181188		
0.000236822		0.999555		3.94703e-05		0.00016902		
0.998527		0.000183307		0.000843036		0.000446313		
0.000873666		0.997812		0.000366806		0.000947027		
0.078908		0.295438		0.328347		0.297307		
0.0744102		0.247187		0.323049		0.355354		
0.000202847		0.999414		0.000178505		0.000204585		
0.996957		0.000495913		0.000457766		0.00208929		
0.998199		0.000778073		3.56759e-05		0.000987032		
0.254817		0.114432		0.292961		0.33779		
0.490938		0.00472813		0.36249		0.141844		
0.17072		0.0773346		0.337062		0.414883		
0.000531266		0.998465		0.00045056		0.00055333		
0.383678		0.18717		0.155907		0.273244		
0.998812		0.000197026		0.000591746		0.000398728		
0.108191		0.209046		0.094132		0.588631		
0.0980993		0.25935		0.304721		0.33783		
0.999969		1.23262e-05		1.08909e-05		8.03284e-06		
0.370899		0.364242		0.0504042		0.214456		
0.336698		0.111045		0.0522565		0.5		
0.000331135		0.999141		0.000148923		0.000379316		
0.345186		0.234519		0.347583		0.0727127		
0.00112287		0.00133157		6.89935e-05		0.997477		
0.000305032		0.999594		8.84799e-05		1.27383e-05		
0.998582		9.26867e-05		0.00128655		3.87348e-05		
0.0624371		0.439074		0.366566		0.131923		
0.000395442		8.85665e-05		0.000492554		0.999023		
0.000380716		0.000684887		0.998844		9.06468e-05		
0.000943207		0.00152065		0.997188		0.000348644		
0.265602		0.165457		0.419448		0.149492		
0.332947		0.226605		0.0595514		0.380897		
6.5446e-05		0.000527931		0.000320685		0.999086		
0.000944604		0.99766		0.000356754		0.00103849		
0.00157888		0.996379		0.00178025		0.000261959		
0.314737		0.233151		0.228313		0.223799		
0.108795		0.341547		0.360121		0.189538		
0.200175		0.21244		0.284713		0.302672		
0.031746		0.0901178		0.374296		0.50384		
0.168207		0.457486		0.33549		0.038817		
0.00154898		0.997445		1.26345e-05		0.000993068		
0.998695		0.000699615		3.7817e-05		0.000567255		
0.382462		0.297242		0.270482		0.0498147		
0.0604651		0.326004		0.368288		0.245243		
0.044592		0.295066		0.16129		0.499051		
0.999375		5.56881e-05		0.00044103		0.000128282		
0.337025		0.10443		0.296677		0.261867		
0.999145		0.000334076		0.000341013		0.00018038		
4.57877e-05		0.00140995		0.00132942		0.997215		
0.00238218		0.000394208		0.997016		0.000207987		
0.39059		0.0646259		0.378685		0.1661		
0.996457		0.00131979		0.00107136		0.00115182		
0.000397144		0.00147268		0.99698		0.00114971		
0.997488		0.00180536		0.000644368		6.19946e-05		
0.000249903		0.999277		0.000247326		0.000225428		
0.0603675		0.501312		0.228346		0.209974		
0.00106031		2.21591e-05		0.998172		0.000745653		
0.000421002		0.000153183		0.000160191		0.999266		
0.0428449		0.788346		0.12168		0.0471294		
0.998105		9.59809e-05		0.000731854		0.0010667		
0.306757		0.414682		0.264463		0.0140982		
0.295035		0.221994		0.261797		0.221174		
0.374308		0.360079		0.120158		0.145455		
0.267831		0.152111		0.550946		0.0291121		
0.000327885		0.999379		0.000218076		7.51323e-05		
1.11604e-05		5.28981e-06		1.08935e-05		0.999973		
0.00131732		0.000235041		0.000564826		0.997883		
0.00249674		0.997004		0.000186907		0.000312442		
0.000238241		0.000872382		0.000588595		0.998301		
0.00105272		0.00152939		0.000171803		0.997246		
0.000882249		0.996297		0.00127694		0.00154394		
0.997242		0.00102587		0.000595311		0.00113663		
0.0244032		0.499204		0.320424		0.155968		
0.000802471		0.00114302		0.997203		0.00085138		
0.443767		0.0907859		0.336043		0.129404		
0.000615145		0.998422		0.000465319		0.00049766		
0.998574		0.000620905		0.000181417		0.00062346		
0.00182645		0.996668		0.000621979		0.000883605		
0.00109919		0.000255501		0.996492		0.00215313		
0.000135417		0.997789		0.00182292		0.000252604		
0.246135		0.258866		0.269172		0.225826		
0.247208		0.186754		0.355795		0.210243		
7.4856e-05		0.000636852		0.998645		0.000643761		
0.09626		0.562845		0.307174		0.0337216		
0.0019278		0.00134427		0.000298246		0.99643		
0.554264		0.0937984		0.111628		0.24031		
0.000106759		0.00313046		0.996102		0.000661219		
0.00130735		0.000734264		0.996746		0.00121229		
0.000606658		0.000690175		0.000414105		0.998289		
0.00155625		0.000253575		0.997461		0.000729235		
0.000432607		0.00094846		0.00086112		0.997758		
0.391773		0.392173		0.0706869		0.145367		
0.469466		0.296438		0.0979644		0.136132		
0.00162754		0.000723352		0.00140692		0.996242		
0.339939		0.046464		0.272976		0.340622		
0.00166653		0.000994073		0.997117		0.000222205		
0.312262		0.366445		0.0190114		0.302281		
0.194589		0.422997		0.244017		0.138398		
6.0416e-05		8.85975e-05		6.1924e-05		0.999789		
0.000936514		0.996719		0.00141513		0.000929611		
0.244405		0.23616		0.222026		0.297409		
0.136905		0.0906593		0.44826		0.324176		
0.0814046		0.0798085		0.673583		0.165204		
0.0278638		0.0897833		0.287926		0.594427		
0.322686		0.341114		0.00982801		0.326372		
0.00028125		9.03141e-05		0.999156		0.000472186		
0.000575786		0.00133278		0.00180627		0.996285		
0.00127384		0.997445		0.0012093		7.15481e-05		
0.000122685		9.84416e-06		9.40337e-05		0.999773		
0.000112413		0.000735645		0.00016366		0.998988		
0.323966		0.354189		0.224284		0.097561		
0.998496		0.000288497		0.000186127		0.00102928		
0.0479452		0.515753		0.423288		0.0130137		
0.337937		0.0288383		0.27173		0.361495		
0.000378995		0.998027		0.000923947		0.000669714		
0.13807		0.245308		0.33311		0.283512		
0.265128		0.102051		0.263077		0.369744		
0.996605		9.67624e-05		0.00110361		0.00219415		
0.263105		0.403894		0.239141		0.0938592		
0.29349		0.111526		0.471185		0.123799		
0.000506169		6.77268e-05		0.999246		0.000180011		
0.998125		0.000675844		0.000656372		0.000542785		
0.000685501		0.000135119		0.998742		0.000437192		
0.00195413		0.00117678		0.99623		0.00063862		
4.24528e-05		0.999875		5.16724e-05		3.08748e-05		
0.000413255		0.998797		0.000307539		0.000482331		
0.00087268		0.00132837		0.00140051		0.996398		
0.000244612		0.000124192		0.999453		0.000178071		
0.239614		0.183148		0.28818		0.289058		
0.000762166		0.997641		0.00131329		0.000283914		
0.000914484		0.000487483		0.998586		1.20963e-05		
0.000441835		0.00126969		0.997816		0.000472066		
0.174822		0.188073		0.222732		0.414373		
0.263158		0.5		0.164211		0.0726316		
0.152432		0.443243		0.298378		0.105946		
0.0682415		0.505512		0.307612		0.118635		
0.350039		0.378566		0.166924		0.104472		
0.000647332		0.996125		0.0024185		0.000809165		
0.000719425		0.996559		0.0021645		0.000557477		
0.000894256		0.000323834		0.000820973		0.997961		
0.358929		0.551786		0.0380952		0.0511905		
0.999988		2.6967e-06		2.60747e-06		6.41458e-06		
0.268072		0.125		0.3499		0.257028		
0.997707		0.000344587		0.000859634		0.00108875		
0.267081		0.400104		0.130952		0.201863		
0.000692657		0.998012		0.000568389		0.000727235		
0.000245627		0.00142554		0.000637425		0.997691		
0.137954		0.0462046		0.324752		0.491089		
0.997887		0.000282341		0.000547571		0.00128337		
0.00162317		0.00200206		0.996293		8.18044e-05		
0.0737179		0.296296		0.30057		0.329416		
0.182536		0.468673		0.194376		0.154415		
0.455411		0.12976		0.0661323		0.348697		
0.294118		0.286169		0.299417		0.120297		
0.0784936		0.29265		0.254537		0.374319		
0.332563		0.0277457		0.377649		0.262042		
0.421444		0.388621		0.12035		0.0695842		
0.081386		0.427075		0.0926672		0.398872		
0.413862		0.379709		0.0517328		0.154696		
0.0010777		0.00130222		0.00122945		0.996391		
0.263309		0.315827		0.0302158		0.390647		
0.00129969		0.00203098		0.000204485		0.996465		
0.000691489		0.000519837		0.998148		0.000640237		
5.98418e-05		0.000249565		0.999586		0.000104656		
0.00162383		0.000268937		0.997695		0.000411916		
0.427289		0.166517		0.230251		0.175943		
8.0497e-05		8.06169e-05		0.999777		6.15424e-05		
0.0983412		0.241706		0.515403		0.14455		
0.000702445		0.998336		0.000475446		0.000486171		
0.361939		0.127168		0.1743		0.336594		
0.15857		0.41934		0.195692		0.226398		
0.342331		0.00299914		0.261782		0.392888		
0.998445		0.0001534		0.000453307		0.00094798		
0.000720762		0.998176		0.000251039		0.000852418		
0.998582		0.00049761		0.000798158		0.000122201		
0.998168		0.000873152		0.000530241		0.000428638		
0.010467		0.00161031		0.687601		0.300322		
0.00084005		0.996988		0.00164087		0.000530801		
0.22162		0.272957		0.161605		0.343818		
0.322457		0.34309		0.317179		0.0172745		
0.237245		0.0576531		0.421429		0.283673		
3.49008e-05		6.25451e-05		8.22416e-05		0.99982		
0.201313		0.100656		0.533917		0.164114		
0.2388		0.328778		0.105923		0.3265		
0.181278		0.456909		0.216939		0.144874		
2.7295e-05		0.000641432		0.998762		0.000569555		
0.150576		0.400354		0.356953		0.0921169		
0.550733		0.326686		0.0187683		0.103812		
0.000792476		0.000658562		0.997781		0.000767711		
0.997719		0.000539454		0.000655269		0.00108653		
0.350145		0.126091		0.334142		0.189622		
0.0574899		0.0777328		0.120648		0.74413		
0.001873		0.00117257		0.996277		0.000677082		
0.000885862		0.00118018		0.00120349		0.99673		
0.0855763		0.415459		0.457557		0.0414079		
0.276819		0.367592		0.102026		0.253563		
0.197802		0.189311		0.153846		0.459041		
0.332512		0.0558292		0.303777		0.307882		
6.41232e-05		5.10812e-05		0.999828		5.66706e-05		
0.211992		0.182247		0.198772		0.406988		
0.310596		0.160665		0.197368		0.331371		
0.46052		0.219716		0.01128		0.308485		
0.359907		0.0041958		0.313753		0.322145		
0.99832		0.000207397		0.000918472		0.000553818		
0.999		0.00012408		0.000518402		0.000357518		
0.225182		0.061138		0.544189		0.169492		
0.000611567		0.00120122		0.997203		0.000984086		
0.365708		0.177437		0.176317		0.280538		
0.000148897		0.000213235		0.99943		0.00020818		
0.997133		0.000648606		0.00156998		0.000648606		
0.152346		0.20483		0.317232		0.325592		
0.000834873		0.997727		0.000608372		0.000830193		
0.234611		0.147503		0.25513		0.362756		
0.0877428		0.460817		0.0301407		0.421299		
0.000128304		0.00120854		0.997289		0.00137409		
0.132373		0.45843		0.277752		0.131444		
0.019403		0.158209		0.358209		0.464179		
9.71165e-05		0.999793		3.15118e-05		7.8403e-05		
0.0179682		0.511403		0.308224		0.162405		
0.212042		0.1226		0.372164		0.293194		
0.306426		0.307229		0.0815261		0.304819		
0.386867		0.0775316		0.4375		0.0981013		
0.00110167		0.00115426		0.997684		6.04737e-05		
0.000466146		0.998406		0.000424479		0.000703125		
0.109674		0.291188		0.382663		0.216475		
0.000665114		0.998313		0.000658177		0.000364209		
0.996242		0.00120153		0.00114997		0.00140632		
0.194019		0.069541		0.235049		0.501391		
0.199508		0.269758		0.187917		0.342817		
0.0299501		0.193428		0.366057		0.410566		
0.000169624		0.0010789		0.998094		0.000657725		
6.73553e-05		0.999789		0.000109496		3.40862e-05		
0.305938		0.175777		0.312623		0.205663		
0.101307		0.351716		0.326797		0.22018		
0.29735		0.137686		0.24499		0.319974		
0.0016082		0.000518773		0.997754		0.000119126		
0.000875204		0.996996		0.00148272		0.000645984		
0.00123104		0.000941629		0.996664		0.00116327		
0.502157		0.213802		0.0283426		0.255699		
0.000946502		0.000330304		0.996691		0.00203179		
0.262978		0.332002		0.0154022		0.389618		
0.286661		0.0432862		0.329947		0.340106		
0.364972		0.0265537		0.114689		0.493785		
0.00189051		0.00147997		0.996496		0.000133423		
0.998359		0.000384545		0.000749214		0.000506866		
0.272139		0.316215		0.3611		0.0505459		
0.99677		0.000874201		0.00187687		0.0004794		
0.14192		0.378589		0.0726005		0.406891		
0.000182994		0.000513854		0.998516		0.000787528		
0.000884296		0.000184103		0.998633		0.000298789		
0.000619932		0.998227		0.000130566		0.00102294		
0.371235		0.363245		0.19914		0.0663798		
0.383624		0.108479		0.249377		0.25852		
0.00128129		0.00128634		0.996965		0.00046753		
0.0669903		0.243204		0.282039		0.407767		
0.205941		0.38099		0.0320792		0.38099		
0.000824519		0.998852		0.000266864		5.70538e-05		
0.00306505		0.000331702		4.46522e-05		0.996559		
0.997246		0.000160886		0.00120882		0.0013842		
0.998656		0.000289478		0.00059611		0.000458162		
0.221457		0.28773		0.166339		0.324475		
0.000673787		0.000429887		0.998168		0.000728358		
0.34422		0.217447		0.206274		0.232058		
0.268966		0.254713		0.181149		0.295172		
0.362828		0.35055		0.210838		0.0757832		
0.996133		0.000725729		0.00198716		0.00115429		
2.38982e-05		0.000543425		0.999172		0.000260802		
0.241935		0.321573		0.396673		0.0398185		
0.322839		0.27936		0.165417		0.232384		
0.000435348		0.000117277		0.000373156		0.999074		
0.289164		0.176384		0.248233		0.286219		
0.999211		6.94895e-05		0.000381867		0.000337706		
0.0012672		0.000249328		0.00224909		0.996234		
0.100937		0.406303		0.116695		0.376065		
0.996262		0.0016483		0.000887899		0.00120208		
0.266379		0.268341		0.205571		0.25971		
0.000577381		0.000649201		0.998566		0.000207012		
0.219828		0.351293		0.0728448		0.356034		
0.999941		4.59349e-06		2.65995e-05		2.74007e-05		
0.99698		0.000435704		0.00123281		0.00135102		
0.130414		0.0301318		0.388889		0.450565		
0.245959		0.434996		0.270555		0.0484891		
0.211305		0.375948		0.341426		0.0713202		
8.09961e-06		7.01123e-05		0.999738		0.000183507		
0.000604754		7.95536e-05		0.000733661		0.998582		
0.203108		0.403441		0.205327		0.188124		
0.000560354		0.99693		0.000957794		0.00155216		
0.000699944		0.998938		0.000142348		0.000220207		
0.000698983		9.96767e-05		0.998555		0.000646653		
0.00298811		0.000151024		5.39371e-06		0.996855		
0.000721146		0.000197366		0.998527		0.000554144		
0.000320436		0.00104649		0.000429952		0.998203		
0.0342183		0.348673		0.440118		0.176991		
3.68369e-05		3.82537e-05		0.999898		2.64719e-05		
0.0010523		0.000303743		0.9985		0.000143954		
0.000362212		9.99972e-05		0.999172		0.000365916		
0.397449		0.288776		0.206633		0.107143		
0.0004092		0.997926		0.000925011		0.000740009		
0.123218		0.482688		0.196029		0.198065		
0.185322		0.0711638		0.273536		0.469978		
0.0001556		0.000935253		0.99823		0.000678679		
6.70223e-06		0.999789		0.000121737		8.24984e-05		
0.171477		0.101443		0.329796		0.397284		
0.000664261		0.000527046		0.998477		0.00033213		
0.175622		0.310494		0.248107		0.265777		
0.999777		0.000104315		5.58832e-05		6.24577e-05		
0.231186		0.179751		0.328641		0.260422		
0.997414		0.000591659		0.00145288		0.000541402		
0.000422277		0.998387		0.000203948		0.000987056		
0.378978		0.242462		0.214405		0.164154		
0.0978953		0.235928		0.367597		0.298581		
0.997254		0.00119852		0.000157537		0.00139004		
0.000118862		0.997227		0.00105277		0.0016018		
0.0055517		0.107564		0.349757		0.537127		
0.000316222		0.00101464		0.99677		0.00189961		
0.998785		0.000432302		0.000730091		5.24515e-05		
0.996777		0.00101265		0.000948964		0.00126104		
0.997852		0.00101924		0.000598433		0.000530766		
0.119928		0.539379		0.128282		0.212411		
0.998668		0.000598745		0.000172801		0.000560486		
0.000160028		0.000127369		0.998207		0.00150557		
0.99823		0.000838737		8.29645e-05		0.000847829		
0.00177525		5.48852e-05		0.998168		1.89259e-06		
0.18617		0.37234		0.0844415		0.357048		
0.33017		0.256623		0.185449		0.227758		
0.305155		0.332784		0.134845		0.227216		
0.287861		0.372479		0.0865955		0.253064		
0.192308		0.47588		0.305085		0.0267275		
0.000281021		0.00021972		0.000628165		0.998871		
0.996285		0.00110558		0.00117033		0.00143893		
0.000422718		0.999461		3.82967e-05		7.80477e-05		
0.00134549		0.998414		0.000228511		1.19372e-05		
0.00029658		9.4634e-05		0.000100973		0.999508		
0.00160748		0.997348		0.000736762		0.000308101		
0.00093245		0.000785291		0.0013057		0.996977		
0.578258		0.305174		0.0458415		0.0707269		
0.348268		0.083632		0.181004		0.387097		
0.190165		0.285466		0.126197		0.398172		
0.309938		0.156117		0.207937		0.326009		
0.000797347		0.000913738		0.998051		0.000238134		
0.000426185		9.47793e-05		0.000147005		0.999332		
1.2805e-05		0.00163263		0.997605		0.000749091		
0.00128819		0.000413944		0.996824		0.00147364		
0.000724364		0.99798		0.00100421		0.000290958		
0.23814		0.37334		0.175047		0.213472		
0.582524		0.111327		0.223948		0.0822006		
0.353853		0.149079		0.305276		0.191792		
0.999664		4.12404e-05		0.000160494		0.000134203		
0.0493827		0.295525		0.281636		0.373457		
1.19959e-05		3.21355e-05		0.999926		3.00874e-05		
0.000583368		0.00182965		0.000704166		0.996883		
0.00098708		0.00017848		0.998754		8.05336e-05		
0.300193		0.208977		0.0361969		0.454633		
0.0136778		0.113982		0.759878		0.112462		
7.02205e-05		0.000264163		0.999148		0.000517179		
0.419083		0.202993		0.356408		0.0215154		
0.226251		0.484409		0.263959		0.0253807		
0.0790743		0.28351		0.486017		0.151398		
0.164657		0.324492		0.244575		0.266276		
0.329973		0.388634		0.214482		0.0669111		
0.475398		0.282744		0.0512821		0.190575		
0.304474		0.216653		0.272991		0.205882		
0.336336		0.34749		0.252681		0.0634921		
0.333333		0.208827		0.302476		0.155364		
0.100794		0.723016		0.0261905		0.15		
1.96311e-06		0.999996		1.04034e-06		9.02807e-07		
0.999395		0.000327554		0.000145204		0.00013271		
0.142657		0.0243218		0.424228		0.408793		
0.99973		0.000137667		5.32259e-05		7.86383e-05		
0.000468643		0.00121692		0.998199		0.000115219		
0.09319		0.0903226		0.536201		0.280287		
0.108554		0.3997		0.129565		0.362181		
0.278657		0.242686		0.172662		0.305995		
0.332318		0.23706		0.298391		0.132231		
0.999414		7.80801e-05		0.000301214		0.000206643		
0.999715		0.00011894		3.03917e-05		0.000135824		
0.9975		0.00229656		1.35624e-05		0.000189873		
0.395364		0.075982		0.403091		0.125563		
0.239038		0.131542		0.557284		0.0721358		
0.316475		0.290421		0.267433		0.12567		
0.0013084		0.00178351		0.000540902		0.996367		
0.487842		0.410841		0.0612969		0.0400203		
0.352875		0.219193		0.301344		0.126587		
0.00115687		0.00128556		0.99698		0.000577107		
0.000308306		0.000110507		0.000186655		0.999395		
0.00112898		0.000471844		0.996344		0.00205543		
0.122411		0.377903		0.179535		0.320151		
0.179295		0.259912		0.250661		0.310132		
0.355295		0.0214739		0.378721		0.24451		
0		0		1		0		
0.997738		0.0011666		0.000451833		0.000643288		
0.133179		0.0434279		0.550666		0.272727		
0.366991		0.0442011		0.316707		0.272101		
0.997176		0.00141211		0.000623497		0.000788613		
0.185492		0.399708		0.229309		0.185492		
0.997031		0.000528682		0.00101507		0.001425		
0.286403		0.187078		0.24108		0.285439		
0.00173696		0.00122352		0.000262182		0.996777		
0.222137		0.292748		0.368702		0.116412		
0.204476		0.34522		0.257587		0.192716		
0.25025		0.489011		0.0124875		0.248252		
0.228145		0.123667		0.257996		0.390192		
0.0001757		0.000510563		0.000305924		0.999008		
0.240943		0.327823		0.156173		0.275062		
0.0115402		0.243675		0.441633		0.303151		
0.253081		0.281517		0.445498		0.0199052		
0.383092		0.180193		0.12657		0.310145		
0.000859361		0.997719		0.00050337		0.00091852		
0.00180514		0.00119889		0.000781126		0.996215		
0.000446495		0.00104859		0.997855		0.000649448		
0.996383		0.000908768		0.00132007		0.00138835		
0.176772		0.0777114		0.250213		0.495303		
0.000835974		0.996348		0.000299798		0.00251657		
0.553132		0.1717		0.0536913		0.221477		
0.0013066		0.000942716		0.000535843		0.997215		
0.281103		0.290191		0.170793		0.257913		
8.40813e-05		0.000205055		0.000117113		0.999594		
0.226158		0.11535		0.171662		0.48683		
0.00037403		0.998129		0.00057188		0.000925183		
0.000620838		0.00162943		0.000495822		0.997254		
0.000290164		0.00193035		0.000650578		0.997129		
0.447836		0.416759		0.0538291		0.081576		
0.28223		0.482927		0.230662		0.00418118		
0.00149669		0.000756944		0.00115262		0.996594		
0.481184		0.436528		0.0752634		0.00702459		
0.564631		0.0958807		0.132812		0.206676		
0.11692		0.36692		0.196768		0.319392		
0.0103734		0.0608575		0.573306		0.355463		
0.354722		0.125303		0.161017		0.358959		
0.999457		4.37599e-05		0.00048539		1.38189e-05		
1.94052e-05		0.000420447		0.999398		0.00016171		
0.314176		0.185345		0.389847		0.110632		
0.000221639		0.00103803		0.997844		0.000896581		
0.0662757		0.187097		0.336657		0.409971		
0.405106		0.310212		0.124759		0.159923		
0.00040023		0.00143929		0.000844075		0.997316		
0.328887		0.297999		0.335205		0.037908		
0.271213		0.217288		0.348929		0.162569		
0.614685		0.282517		0.0776224		0.0251748		
0.152174		0.241848		0.419158		0.186821		
0.193576		0.388842		0.357566		0.0600169		
0.000966797		0.996543		0.000770335		0.0017199		
0.9985		0.000266557		0.000831148		0.000402295		
0.0570743		0.407674		0.0815348		0.453717		
0.334304		0.0331974		0.0681421		0.564356		
0.476053		0.338719		0.150606		0.034622		
0.115729		0.164962		0.345269		0.374041		
0.00029913		0.000105277		0.999184		0.000411999		
0.402116		0.231217		0.277249		0.089418		
0.223456		0.12873		0.320958		0.326856		
0.998047		0.000757905		0.000385528		0.000809692		
0.251852		0.151852		0.0987654		0.497531		
0.321503		0.144468		0.152401		0.381628		
0.389265		0.386558		0.210645		0.0135318		
0.105483		0.217007		0.329461		0.348048		
0.997246		0.00204297		0		0.000710934		
0.000442909		0.00065067		0.000281422		0.998625		
5.92105e-05		0.000110197		0.998875		0.000955592		
0.00119553		0.00120859		0.000658382		0.996938		
0.282382		0.370679		0.286547		0.0603915		
0.184233		0.155143		0.276981		0.383642		
1.12326e-05		7.85846e-06		1.60652e-05		0.999965		
0.0372301		0.288905		0.160089		0.513775		
0.169824		0.512855		0.0893099		0.228011		
0.00101026		0.000618828		0.000820134		0.997551		
0.997758		0.00074463		0.000545509		0.000952048		
0.99791		0.000525466		0.000934162		0.000630216		
9.59838e-05		0.998996		0.00039782		0.000510103		
0.191048		0.216157		0.533843		0.058952		
0.000305586		0.000389201		0.998766		0.000539588		
0.000171374		0.99966		4.80384e-05		0.000120431		
0.248082		0.499744		0.0920716		0.160102		
0.329991		0.0145852		0.208295		0.447129		
0.269668		0.27972		0.300262		0.15035		
0.000318073		0.000681384		0.998301		0.000699761		
0.285813		0.343045		0.243496		0.127645		
0.000201486		0.000222448		0.000244035		0.999332		
0.0161878		0.388507		0.321732		0.273573		
8.49051e-05		0.999301		0.000104883		0.000509431		
0.00100568		0.000408558		0.997234		0.00135138		
0.159986		0.284071		0.334611		0.221331		
0.382217		0.00230947		0.508661		0.106813		
0.427388		0.436647		0.132554		0.00341131		
0.14321		0.0950617		0.595679		0.166049		
0.225564		0.319799		0.177444		0.277193		
3.29507e-07		0.000183865		5.79932e-05		0.999758		
0.998559		0.000268815		0.000827302		0.000345289		
0.000311282		0.000841943		0.99859		0.000256931		
0.000176947		0.000147076		0.000160352		0.999516		
0.00139575		0.00138675		0.99618		0.00103781		
0.263788		0.374091		0.0979051		0.264215		
0.226637		0.0705092		0.283716		0.419138		
0.00198659		0.000617378		0.996625		0.000771037		
0.234298		0.295467		0.167668		0.302567		
0.000314184		0.000111126		0.00019969		0.999375		
0.119104		0.220519		0.334906		0.325472		
0.000914227		0.997156		0.000993475		0.000936049		
0.998547		0.00061713		0.000282253		0.000553742		
0.996824		0.00167649		0.00041401		0.00108529		
0.36864		0.0689177		0.371878		0.190564		
0.000411909		0.998102		0.000687095		0.000799434		
0.00278846		0.996211		9.93249e-05		0.000901282		
0.341029		0.210612		0.140948		0.307412		
0.000433346		0.000976005		0.997719		0.000871898		
0.47151		0.312915		0.148148		0.0674264		
0.000544835		0.000691175		0.998172		0.000592114		
0.25		0.101004		0.415737		0.233259		
0.000332579		0.000698708		0.998035		0.000933556		
0.00105341		0.000956851		0.0012202		0.99677		
0.204872		0.256789		0.336262		0.202077		
0.99802		0.000598182		0.000716496		0.00066579		
0.000274526		0.998898		0.000421593		0.000405444		
0.0674208		0.309955		0.194118		0.428507		
0.394783		0.255652		0.311739		0.0378261		
0.309313		0.471175		0.173503		0.0460089		
0.000350555		0.000588127		0.998797		0.000264443		
0.352541		0.344828		0.21824		0.084392		
0.0149254		0.0696517		0.626866		0.288557		
0.218775		0.59109		0.0127287		0.177407		
0.313636		0.185227		0.0886364		0.4125		
0.00111435		0.000984452		0.997516		0.000385577		
0.996102		0.000853573		0.00152243		0.00152243		
0.000691741		0.997879		0.000860548		0.000568805		
8.14542e-05		7.96134e-05		0.99975		8.89324e-05		
5.55003e-06		0.00238651		0.996426		0.00118216		
0.00139466		0.996359		0.00164543		0.000600538		
9.16039e-05		0.000485867		0.000297529		0.999125		
0.000429493		0.000276512		0.999098		0.00019634		
0.31456		0.451236		0.120192		0.114011		
0.423094		0.108337		0.274632		0.193937		
0.99982		3.75754e-05		0.000117784		2.43277e-05		
0.422584		0.276484		0.125146		0.175786		
0.123055		0.349258		0.31017		0.217517		
0.0826403		0.0654886		0.461019		0.390852		
0.000607319		0.998652		0.000656726		8.36109e-05		
0.000111403		0.000146112		0.999582		0.000160453		
0.000220553		0.000769485		0.998566		0.000443556		
0.000913305		0.000549468		0.00198254		0.996555		
0.000254665		0.000225679		0.999316		0.000203249		
0.000553993		0.000394135		0.998914		0.000137809		
0.326667		0.0951852		0.292963		0.285185		
