0.312974		0.127211		0.231676		0.328138		
0.0018943		0.000551251		0.99627		0.00128492		
0.471976		0.080826		0.341593		0.105605		
0.998117		3.52034e-05		0.000868728		0.000978881		
0.0792079		0.306564		0.286395		0.327833		
0.00123824		0.000919839		0.00104114		0.996801		
6.28743e-05		0.999672		1.53256e-05		0.000249925		
0.000556463		0.997398		0.00105612		0.000988981		
0.00223334		0.996102		0.000142722		0.00152237		
0.998953		0.000289804		0.000169323		0.000587748		
0.999426		8.08711e-05		0.000251749		0.000241598		
0.00109196		0.00126991		0.996109		0.00152875		
0.234554		0.326468		0.287185		0.151793		
4.65165e-05		0.997973		0.000124044		0.00185678		
0.996121		0.00130731		0.00107166		0.00149994		
0.175245		0.13848		0.185049		0.501225		
0.999816		0.000142137		2.31511e-05		1.83055e-05		
0.218961		0.228084		0.347084		0.205871		
0.250899		0.36676		0.323612		0.0587295		
0.31448		0.21267		0.128582		0.344268		
0.247777		0.247373		0.337106		0.167745		
0.216812		0.456132		0.0321543		0.294901		
0.242503		0.271975		0.0387797		0.446743		
0.00106516		0.99677		0.0015354		0.000629909		
0.454061		0.371505		0.0539281		0.120506		
0.62076		0.0658073		0.191316		0.122117		
0.999035		0.000104898		0.00036168		0.000498266		
4.9598e-06		1.32748e-05		0.999969		1.30154e-05		
0.000553837		0.000426916		0.00251534		0.996504		
0.000219456		0.9995		0.000207906		7.26386e-05		
0.000983519		0.996129		0.000431198		0.00245638		
0.000475962		0.000576923		0.000693209		0.998254		
0.000738412		0.997437		0.000918722		0.000905366		
0.0957031		0.127604		0.388672		0.388021		
0.999871		7.75298e-05		1.1371e-05		4.00054e-05		
0.00079325		0.000543767		0.000202046		0.998461		
0.000308343		0.000498916		0.998133		0.00105993		
0.000820838		0.000501623		6.42575e-05		0.998613		
0.233353		0.29459		0.18044		0.291617		
0.00018282		0.000412187		0.000197962		0.999207		
0.000101801		0.999523		8.33425e-05		0.000291419		
0.240788		0.137865		0.401525		0.219822		
0.102022		0.395393		0.233662		0.268923		
0.00054191		0.998867		0.000396934		0.000193968		
0.999984		8.51336e-06		5.76146e-06		1.35018e-06		
0.000222107		0.998852		0.000582178		0.000344152		
0.289274		0.307571		0.198423		0.204732		
0.0988636		0.376894		0.343182		0.181061		
0.000948075		0.000138011		0.000492039		0.998422		
0.330974		0.295587		0.040383		0.333056		
0.000901844		0.00016488		7.49455e-06		0.998926		
0.290301		0.528689		0.00887978		0.172131		
5.58634e-05		0.998668		0.000662912		0.000613256		
0.00116457		0.998281		0.000393546		0.000160631		
0.999055		0.000299034		2.47566e-05		0.000621522		
0.000101008		0.999258		0.000494609		0.000146571		
0.00029588		0.000108171		0.998988		0.000607668		
0.213294		0.263889		0.287202		0.235615		
0.000810269		9.62136e-05		0.000753673		0.99834		
0.109837		0.0283645		0.392275		0.469523		
0.0225989		0.414124		0.433333		0.129944		
0.000540847		0.000194753		0.000447993		0.998816		
0.44973		0.139459		0.287568		0.123243		
0.13119		0.0390964		0.335361		0.494353		
0.997637		0.00144103		0.000629377		0.000292879		
0.316017		0.0747737		0.348682		0.260527		
0.00116473		0.00152175		0.996207		0.00110649		
0.263811		0.236189		0.212911		0.287089		
0.0803271		0.261183		0.309283		0.349206		
0.999844		2.23698e-05		7.31257e-05		6.07545e-05		
0.00021875		0.999453		0.000224369		0.000103756		
0.000940948		0.00213564		0.000192947		0.99673		
0.00024717		0.0013484		0.00137709		0.997027		
0.00122699		0.996531		0.00166685		0.00057491		
0.000179641		0.999508		0.000154813		0.000157734		
0.999457		0.000224984		4.17668e-05		0.000276218		
0.114189		0.387224		0.183154		0.315432		
0.000891119		0.000383167		0.000280402		0.998445		
0.111215		0.160019		0.380573		0.348193		
0.107332		0.393551		0.180212		0.318905		
0.147397		0.254247		0.296438		0.301918		
0.327258		0.395609		0.0128418		0.264292		
0.000455806		0.000208244		0.000246106		0.99909		
0.501152		0.0743088		0.389401		0.0351382		
0.00134755		0.00102277		0.00119609		0.996434		
0.392576		0.229694		0.362009		0.0157205		
0.224426		0.323243		0.243215		0.209116		
0.00447094		0.470939		0.266021		0.258569		
0.0205352		0.410703		0.22402		0.344742		
0.100043		0.295799		0.325249		0.278909		
0.0115191		0.287257		0.684665		0.0165587		
0.000118834		0.000645486		0.998398		0.000837242		
0.999078		0.000305691		0.000287164		0.000329021		
0.386535		0.314972		0.280603		0.0178908		
0.000888615		0.000998231		0.000488154		0.997625		
0.000746407		0.00157947		0.99693		0.000744438		
0.996773		0.00210924		0.000285032		0.000832294		
0.280355		0.33015		0.387449		0.00204638		
0.288161		0.119528		0.371907		0.220404		
0.375254		0.250304		0.157809		0.216633		
0.000300737		0.996102		0.00357542		2.22768e-05		
0.0127582		0.0959903		0.463548		0.427704		
0.999957		1.53913e-05		1.06717e-05		1.69057e-05		
0.999453		9.04773e-05		0.000386423		6.9975e-05		
0.102779		0.385947		0.447299		0.0639748		
0.99768		0.000795216		0.00110509		0.000420008		
0.102228		0.253823		0.378331		0.265618		
0.996168		0.000190598		0.00248781		0.00115362		
0.265273		0.385404		0.0266503		0.322673		
0.000576697		9.36285e-05		0.000376549		0.998953		
0.000533288		0.99866		0.000775917		3.06392e-05		
0.581411		0.173368		0.168754		0.0764667		
0.998148		0.000974178		0.000473559		0.000403826		
0.343804		0.365318		0.0989673		0.19191		
0.129825		0.102632		0.365789		0.401754		
0.309222		0.183544		0.0669078		0.440325		
0.101425		0.553276		0.0222222		0.323077		
1.72137e-05		0.000318453		0.996402		0.00326199		
8.28556e-05		0.000250031		0.000112426		0.999555		
0.00121557		0.000272123		0.0012584		0.997254		
0.000123974		0.000880426		0.000491694		0.998504		
0.000166865		0.000674875		0.000693416		0.998465		
0.0533721		0.313925		0.407569		0.225133		
0.355985		0.182045		0.0941397		0.36783		
0.00356633		0.695435		0.257489		0.0435093		
0.00042306		2.9758e-05		0.999055		0.000492495		
0.998156		0.00044464		5.34905e-05		0.00134562		
0.000224576		4.32638e-05		0.999523		0.000208723		
0.000460527		0.998738		0.000310383		0.000490809		
0.00166432		0.99673		0.00154802		5.7193e-05		
0.997055		0.00120612		0.000817095		0.000922093		
0.374341		0.0919742		0.382542		0.151142		
0.470691		0.327336		0.00870575		0.193268		
0.000291465		0.99943		0.00025929		1.95572e-05		
0.0297463		0.351706		0.22266		0.395888		
0.4375		0.0410714		0.508929		0.0125		
0.234261		0.131772		0.38165		0.252318		
0.573758		0.0192735		0.383247		0.0237213		
0.13021		0.37634		0.231044		0.262406		
0.000103798		0.000199628		0.999687		9.07401e-06		
0.000418324		0.998738		0.000391335		0.00045206		
0.23827		0.192449		0.266862		0.302419		
0.270168		0.259881		0.2366		0.233351		
7.06547e-05		0.000490391		0.000423329		0.999016		
0.997059		0.00120098		0.000366199		0.00137423		
0.296496		0.0613208		0.128032		0.514151		
0.996836		0.000836197		0.00139456		0.000933304		
0.000368753		0.000245013		0.000343265		0.999043		
0.00053729		0.998211		0.00119604		5.57296e-05		
0.00135317		0.9965		0.00200592		0.000140912		
0.0142971		0.396346		0.222399		0.366958		
0.274496		0.0708826		0.591383		0.0632384		
0.151565		0.324959		0.125618		0.397858		
0.104016		0.289392		0.438723		0.167868		
0.00101104		0.000798188		0.00121421		0.996977		
0.312281		0.453133		0.213033		0.0215539		
0.000959455		0.000655797		0.996895		0.00149022		
0.324966		0.198539		0.258786		0.217709		
0.000204159		0.000624191		0.998609		0.000562274		
0.00011715		0		0.000765662		0.999117		
0.220187		0.412692		0.307496		0.0596252		
0.21724		0.232912		0.421855		0.127993		
0.997277		4.74685e-05		0.000586575		0.00208861		
0.285714		0.171815		0.369498		0.172973		
0.0615744		0.13562		0.713172		0.0896337		
0.000924769		0.000364005		0.000969039		0.997742		
0.111345		0.362185		0.320168		0.206303		
0.161063		0.440347		0.00433839		0.394252		
0.000483089		0.998969		0.000164095		0.000384066		
0.337151		0.249004		0.111056		0.302789		
0.000112133		0.000355487		0.00108316		0.998449		
0.204527		0.0824576		0.290218		0.422797		
8.79695e-05		0.999133		0.000389817		0.000389401		
0.122865		0.275718		0.368596		0.23282		
0.340237		0.29253		0.110207		0.257027		
0.000731159		0.00124878		0.00114116		0.996879		
6.33326e-05		0.000200937		0.999492		0.000243543		
0.000103292		3.13645e-05		0.999762		0.000103625		
0.0771681		0.307965		0.308319		0.306549		
0.000552868		0.997047		0.00130415		0.0010961		
0.000924724		0.997172		0.00124844		0.000654961		
4.16959e-05		8.16362e-06		0.999938		1.26404e-05		
0.996246		0.00241129		0.000879293		0.00046332		
0.999238		0.00029013		3.33188e-05		0.00043827		
0.996293		0.000540609		0.00151628		0.00165014		
0.221429		0.153361		0.366387		0.258824		
0.158679		0.175594		0.293596		0.37213		
0.996426		0.00134681		0.000787364		0.00144005		
0.192962		0.219059		0.317517		0.270463		
0.000598794		0.998555		0.000234046		0.000612472		
0.998578		0.000522802		0.000443257		0.000455816		
0.000663676		0.000720916		0.00142791		0.997188		
0.000363857		0.998473		0.000817608		0.000345878		
0.000119205		0.000777351		0.00055657		0.998547		
0.00116319		0.996809		0.000388343		0.00163987		
0.363744		0.240126		0.288705		0.107425		
0.324703		0.532902		0.0943905		0.0480043		
0.996117		0.00176457		0.00140139		0.000716856		
0.0012638		0.997297		0.000228186		0.00121114		
0.99866		0.000399876		0.000166182		0.000773786		
0.232401		0.317583		0.129862		0.320154		
0.999473		3.65625e-05		6.25781e-05		0.000428203		
0.306713		0.219329		0.331597		0.142361		
0.187538		0.589837		0.00786449		0.214761		
0.286448		0.165942		0.318451		0.229158		
0.0820969		0.47725		0.310584		0.130069		
0.000150884		0.00117354		0.00142167		0.997254		
0.311154		0.289296		0.214079		0.185471		
0.0833688		0.406635		0.172267		0.337729		
0.000112559		0.999738		4.84197e-05		0.00010074		
0.340202		0.276364		0.258182		0.125253		
0.000826897		0.00114165		0.996266		0.00176583		
0.276122		0.261411		0.345907		0.11656		
0.000266134		0		0.000394022		0.99934		
0.000771896		0.998418		0.00042063		0.000389505		
0.152658		0.413473		0.160692		0.273177		
0.101619		0.304453		0.367611		0.226316		
6.6924e-05		0.998543		0.000845155		0.000544953		
0.157456		0.414912		0.0416667		0.385965		
0.0222352		0.515506		0.292569		0.16969		
0.000441348		0.000915105		0.997965		0.000678703		
0.457556		0.151119		0.0713619		0.319963		
0.00155662		0.000955707		0.996465		0.00102283		
0.152581		0.348104		0.148926		0.350388		
0.00017534		0.00044479		0.998934		0.000446276		
0.307787		0.222541		0.358197		0.111475		
0.998684		0.000731231		4.58212e-05		0.000539354		
0.999215		2.09686e-05		0.000533533		0.000230654		
0.00127162		0.00103217		0.997043		0.000653244		
0.237079		0.120225		0.559551		0.0831461		
0.460923		0.201231		0.0301538		0.307692		
0.998926		0.000442128		0.000461268		0.000170822		
0.000154799		0.00106846		0.998574		0.000202519		
0.456481		0.233563		0.00563557		0.304321		
0.222756		0.112981		0.350962		0.313301		
0.99616		0.00202329		0.00175278		6.37775e-05		
0.0979713		0.261752		0.232063		0.408214		
2.4563e-05		0.997086		0.0017596		0.0011299		
0.141085		0.40155		0.237726		0.219638		
0.000222954		0.000277396		0.999277		0.000222306		
0.256087		0.400504		0.101595		0.241814		
0.200408		0.222845		0.0708822		0.505864		
0.0123839		0.285449		0.28483		0.417337		
0.416033		0.0255701		0.240498		0.317899		
0.304561		0.116233		0.384012		0.195194		
0.189014		0.109273		0.259894		0.441819		
0.000367259		0.998363		0.000555517		0.000713943		
0.000497809		0.000227922		0.00038755		0.998887		
7.49269e-06		0.00121756		0.00165776		0.997117		
0.00106564		0.00144315		0.996102		0.00138965		
0.000386837		0.000582505		0.00185097		0.99718		
0.000221767		0.000277372		0.999457		4.383e-05		
0.000216084		0.000283936		0.000726543		0.998773		
0.00112884		0.000711101		0.997648		0.000511617		
0		0.3275		0.37375		0.29875		
0.000402713		0.999277		0.000274929		4.50148e-05		
0.168244		0.157487		0.25043		0.423838		
0.00116637		0.000145796		0.000367527		0.99832		
0.225214		0.177479		0.00367197		0.593635		
0.000162913		0.99875		0.00038964		0.000697447		
0.167942		0.260572		0.187273		0.384213		
0.000460722		0.000515006		0.99884		0.000184428		
0.000426992		0.000757306		0.998742		7.35151e-05		
0.00120509		0.000787249		0.00132407		0.996684		
0.336985		0.145448		0.207405		0.310162		
0.000101458		8.87494e-05		0.99973		7.93237e-05		
0.0927238		0.431423		0.0470058		0.428847		
0.00130476		0.000249225		0.00162179		0.996824		
0.00036512		0.000236791		0.999062		0.000335588		
0.183241		0.471479		0.216557		0.128723		
0.185081		0.240045		0.153674		0.4212		
0.000626225		0.997719		1.56556e-05		0.00163937		
0.00117054		0.000454185		6.27735e-05		0.998313		
0.00133268		0.000901353		0.000633159		0.997133		
0.00160105		0.00108458		0.997		0.000314371		
0.997117		0.00166432		0.000334882		0.000883605		
0.00114777		0.000726773		0.997281		0.000844208		
0.102545		0.300258		0.260789		0.336407		
0.00047008		0.00212824		0.997105		0.000296215		
0.000411187		0.000311863		0.999055		0.000222263		
0.68337		0.120552		0.119826		0.0762527		
0.306278		0.243498		0.121973		0.328251		
0.351736		0.0267142		0.289849		0.331701		
0.221323		0.215136		0.454545		0.108996		
0.00110349		1.97405e-05		0.0010877		0.997789		
0.373487		0.300242		0.151332		0.174939		
0.260412		0.217808		0.211106		0.310675		
0.208054		0.323826		0.119128		0.348993		
0.000127918		0.999168		0.000350925		0.000353189		
7.10704e-05		0.000295456		8.2692e-05		0.999551		
0.999141		0.000695601		1.84907e-05		0.000145284		
0.000798491		0.00064185		0.997563		0.000997159		
0.99934		5.00238e-05		0.000281236		0.000328896		
0.215067		0.0583232		0.374241		0.352369		
0.237457		0.219456		0.316354		0.226733		
0.000869105		0.998098		0.000158753		0.000874486		
0.0580973		0.611474		0.28976		0.0406681		
0.99625		0.00150529		0.0010107		0.00123401		
0.999648		3.53352e-05		0.000173768		0.000142459		
0.998289		0.000300419		0.000457888		0.00095263		
0.000997506		0.467332		0.465835		0.0658354		
0.00155974		0.996121		0.00091648		0.00140269		
0.998117		0.000452088		0.000313802		0.00111692		
0.00133984		0.996855		0.00168711		0.000117578		
0.12166		0.286737		0.336355		0.255248		
0.0705596		0.450122		0.193431		0.285888		
0.247242		0.246016		0.118512		0.38823		
0.998566		0.000119622		0.000919593		0.000394378		
0.000978227		0.00115354		0.996371		0.00149714		
0.996801		0.000510986		0.00108122		0.00160701		
0.000684832		0.00097228		0.998062		0.000280388		
0.998305		0.000805667		9.70999e-05		0.000792545		
0.34511		0.288238		0.273158		0.0934942		
0.0823923		0.390213		0.18486		0.342535		
0.000577758		0.000906589		0.996988		0.00152737		
0.0149177		0.332305		0.201646		0.451132		
0.00110836		0.998348		0.000169994		0.000373987		
0.225587		0.346736		0.0673629		0.360313		
0.323339		0.273906		0.276337		0.126418		
0.328581		0.25594		0.234895		0.180584		
0.000272154		0.998867		0.00036985		0.000490808		
0.11677		0.243478		0.300621		0.33913		
0.000723486		0.000288507		0.997785		0.00120285		
0.000611845		0.00131082		0.996645		0.0014328		
0.998598		0.000288444		0.000902551		0.000211348		
0.130462		0.0227692		0.555692		0.291077		
0.225996		0.132914		0.296436		0.344654		
0.000805555		0.998309		0.000457172		0.00042868		
0.250457		0.0658135		0.336837		0.346892		
0.999793		5.09703e-05		0.000113681		4.23798e-05		
0.348468		0.101589		0.0533485		0.496595		
0.0474466		0.281782		0.31293		0.357841		
0.000424651		0.000221382		6.49051e-05		0.999289		
0.0390183		0.524858		0.105727		0.330396		
0.00101245		0.000209471		0.00137183		0.997406		
0.000951485		0.000689887		0.997531		0.000827378		
0.243552		0.334562		0.130066		0.29182		
0.000960122		0.997777		0.000139679		0.00112286		
0.000853737		0.997879		0.0011026		0.000164756		
0.278386		0.505476		0.159654		0.0564841		
0.437644		0.136259		0.00577367		0.420323		
0.00034927		0.00120393		0.00152101		0.996926		
0.419444		0.0824074		0.476852		0.0212963		
0.000207505		0.00195298		0.99775		8.95118e-05		
0.000203002		0.000336322		0.000327864		0.999133		
0.085283		0.199245		0.0784906		0.636981		
0.0511257		0.097561		0.431051		0.420263		
0.000125354		0.999469		0.00017584		0.000230055		
6.2524e-05		0.999496		3.52858e-05		0.000406096		
0.00111052		0.000975564		0.997902		1.1568e-05		
0.996301		0.00101293		0.000919227		0.00176706		
1.55763e-05		0.000636293		0.000348131		0.999		
0.000350727		0.000129703		0.000726601		0.998793		
0.000687247		0.000493851		0.998719		0.000100152		
0.168241		0.368359		0.16706		0.29634		
5.75611e-05		0.00135022		0.99748		0.00111175		
0.439112		0.420487		0.0393983		0.101003		
0.304045		0.205021		0.305091		0.185844		
0.227714		0.454042		0.195843		0.122402		
0.000363281		0.000957031		0.996852		0.00182813		
0.146438		0.067942		0.581135		0.204485		
0.000844869		0.998223		0.000718659		0.000213816		
0.318524		0.149849		0.509036		0.0225904		
0.00148567		0.997594		0.000762238		0.000158347		
0.160864		0.220288		0.363145		0.255702		
0.999805		5.66123e-06		8.84284e-05		0.000101223		
0.0108192		0.429675		0.196291		0.363215		
0.537206		0.199739		0.0293734		0.233681		
0.53549		0.34681		0.0997305		0.0179695		
0.000338732		0.00140796		0.997188		0.00106581		
0.997883		0.000382662		0.000194468		0.00154006		
0.997945		0.000342448		6.7644e-05		0.0016446		
0.998883		0.000463982		0.000220284		0.000432922		
0.000399975		0.000231281		4.06192e-05		0.999328		
0.363745		0.326295		0.265737		0.0442231		
0.00104769		0.997492		0.00112197		0.000338154		
0.217323		0.172454		0.347639		0.262583		
9.81327e-05		0.00203898		0.00146836		0.996395		
4.13028e-05		1.12017e-05		0.99991		3.73392e-05		
0.99959		0.000150876		0.000149663		0.000109618		
0.439578		0.139842		0.0184697		0.402111		
0.997617		0.00110418		0.00110418		0.000174456		
0.000179699		0.00053533		0.99925		3.49713e-05		
0.266177		0.277518		0.18012		0.276184		
0.615674		0.0482291		0.128862		0.207234		
0.000877621		0.997875		0.000321868		0.000925511		
0.153592		0.280246		0.430529		0.135633		
0.24656		0.0905963		0.180619		0.482225		
0.000857357		0.000948382		0.000952073		0.997242		
0.217954		0.160534		0.348969		0.272543		
0.00176031		0.996379		0.00166403		0.000196753		
0.34875		0.142857		0.249907		0.258486		
0.997598		0.00106079		0.00128843		5.31156e-05		
0.338361		0.149508		0.366557		0.145574		
0.139826		0.188248		0.287813		0.384113		
0.123446		0.252664		0.248668		0.375222		
0.000158896		5.01646e-05		0.999574		0.000216721		
0.244075		0.227443		0.259459		0.269023		
0.146718		0.223295		0.234234		0.395753		
0.000262163		0.00102831		0.00214702		0.996563		
0.334028		0.200167		0.179733		0.286072		
0		0		1		0		
0.000359208		5.19635e-05		0.000350547		0.999238		
0.298448		0.19817		0.371667		0.131715		
0.201176		0.292789		0.233055		0.272981		
9.63858e-05		0.999137		0.000622317		0.000144579		
0.00045991		0.998527		0.000490885		0.00052186		
0.00199086		0.000393762		0.00124429		0.996371		
0.000372416		0.99902		0.0004794		0.000128653		
0.271502		0.255252		0.0836306		0.389616		
0.000217745		0.999637		9.66508e-05		4.8886e-05		
0.00186194		0.000618544		0.996402		0.00111717		
0.323105		0.0621072		0.35268		0.262107		
0.998316		1.80789e-05		7.9095e-05		0.00158642		
0.335345		0.128448		0.168966		0.367241		
0.000737319		0.99841		0.000412273		0.000440252		
0.119378		0.31652		0.329971		0.234132		
0.05		0.404938		0.262346		0.282716		
0.997684		0.00154864		0.000254176		0.000513592		
2.32696e-05		0.000169047		0.000221746		0.999586		
0.386008		0.163786		0.163374		0.286831		
0.217682		0.147103		0.515602		0.119614		
0.000585016		7.01422e-05		0.998254		0.00109094		
0.000314542		0.998156		0.00046512		0.00106409		
0.201017		0.196324		0.360188		0.242472		
0.0161858		0.502463		0.0401126		0.441239		
0.996848		0.00067371		0.00118527		0.00129337		
0.000216217		0.00115651		0.00120931		0.997418		
0.000282748		0.99802		0.00120353		0.000494195		
0.997078		0.00178063		0.000634561		0.000506684		
0.271363		0.340647		0.0404157		0.347575		
0.00237664		0.997414		0.000176737		3.25568e-05		
0.000528778		0.000924411		0.00131244		0.997234		
0.372559		0.0904419		0.0549846		0.482014		
0.998289		0.000382877		0.000264199		0.00106386		
0.525557		0.206422		0.0131062		0.254915		
0.0486726		0.611504		0.278761		0.0610619		
0.99677		1.17046e-05		0.00118997		0.0020288		
0.998266		0.000902928		0.000371517		0.000459929		
0.000872178		0.000285848		0.000802911		0.998039		
0.186916		0.224299		0.3419		0.246885		
0.00160134		0.000573113		0.00133726		0.996488		
0.0020874		0.000559817		0.000196531		0.997156		
0.000336153		0.997234		0.00103029		0.00139918		
0.00056711		0.998777		0.000129144		0.000526402		
0.302483		0.276524		0.199774		0.221219		
0.731949		0.0794224		0.0198556		0.168773		
0.315132		0.416937		0.0786673		0.189264		
0.00126683		0.996598		0.00100312		0.00113239		
0.000789178		0.000551846		0.997125		0.00153398		
0.997301		0.000472765		0.00132017		0.000906281		
0.998945		0.000664912		0.000291995		9.77811e-05		
0.997578		5.29019e-05		0.00112771		0.00124126		
2.00476e-05		0.000394554		0.999258		0.000327586		
0.466353		0.339166		0.125841		0.0686406		
0.412259		0.416457		0.0780856		0.093199		
0.00154788		0.000642764		0.996383		0.00142654		
0.997539		0.000797542		0.00042695		0.00123645		
0.000312407		0.000670018		0.00087695		0.998141		
0.000987298		0.996313		0.00151782		0.00118238		
0.999641		0.000153061		7.13849e-05		0.000134929		
0.0371542		0.083004		0.469565		0.410277		
0.194885		0.500256		0.144757		0.160102		
0.456231		0.0190525		0.338311		0.186406		
0.00155612		0.996219		0.00111339		0.00111175		
0.998258		0.000478802		0.000436363		0.000827022		
0.000661066		0.997305		0.00141147		0.000622781		
0.999426		1.52766e-05		0.000474472		8.44704e-05		
0.160033		0.201493		0.446932		0.191542		
0.000196236		0.000563844		0.000228202		0.999012		
0.000368168		0.00051744		0.000337048		0.998777		
0.0979979		0.0758693		0.519494		0.306639		
0.0307793		0.580878		0.0307793		0.357564		
0.305658		0.31374		0.329904		0.050698		
0.999828		2.56172e-05		3.74794e-05		0.000108778		
0.229508		0.376163		0.0531679		0.341161		
0.997379		0.000728082		0.000975188		0.000917824		
0.00056929		0.997129		0.00103014		0.00127166		
0.421351		0.032491		0.244456		0.301702		
0.000356545		0.000246958		0.000474622		0.998922		
0.00075264		0.99759		0.000692884		0.000964632		
0.320021		0.100893		0.353127		0.225959		
0.156323		0.189454		0.457303		0.19692		
0.119007		0.473773		0.0225606		0.384659		
0.0478625		0.236524		0.276487		0.439126		
0.357695		0.24183		0.271539		0.128936		
0.408222		0.0449331		0.292543		0.254302		
0.099643		0.284323		0.297955		0.318079		
0.000219294		0.0032106		0.000308383		0.996262		
0.218111		0.122769		0.426208		0.232912		
0.998305		0.000540124		0.000668072		0.000487117		
0.0768805		0.189712		0.22677		0.506637		
0.000383734		0.000529118		0.000872303		0.998215		
0.00025279		0.000703015		0.99823		0.000813726		
0.999797		2.63749e-05		8.58609e-05		9.08892e-05		
0.345098		0.472157		0.0345098		0.148235		
0.360633		0.33597		0.179618		0.123779		
0.0814653		0.100055		0.294697		0.523783		
0.00196074		0.996375		0.00107525		0.000589013		
0.447541		0.0333333		0.240984		0.278142		
0.289225		0.297543		0.139887		0.273346		
0.0816532		0.341734		0.399698		0.176915		
0.272161		0.0354576		0.292286		0.400096		
0.340511		0.165994		0.171826		0.321669		
0.000372342		0.000163294		0.000679208		0.998785		
0.187873		0.136183		0.234592		0.441352		
0.423741		0.0194245		0.0784173		0.478417		
0.000343892		0.000376529		0.000342079		0.998938		
0.999809		5.39523e-05		8.98099e-05		4.76441e-05		
0.157985		0.20435		0.30166		0.336005		
0.000633999		0.000310911		0.998629		0.000426184		
0.00130668		0.99666		0.000731413		0.00130175		
0.0546448		0.282663		0.262792		0.399901		
0.00059384		0.000523865		0.000851045		0.998031		
0.329403		0.137804		0		0.532793		
0.0023213		0.000657134		0.996566		0.000455157		
1.12691e-05		0.997602		0.00154199		0.000845182		
0.228635		0.220126		0.281909		0.26933		
0.00155115		0.997488		0.000351024		0.000609548		
0.0326877		0.0950363		0.569007		0.303269		
0.996324		0.000536562		0.00182565		0.00131357		
0.342396		0.637213		0.00594732		0.0144435		
0.00021669		0.000793011		0.00041608		0.998574		
0.294556		0.250349		0.326198		0.128897		
0.380645		0.417742		0.0172043		0.184409		
0.309851		0.162085		0.391753		0.136312		
0.000973669		0.000262592		0.00115436		0.997609		
0.996281		0.00087166		0.00123569		0.0016114		
0.178629		0.45116		0.0917431		0.278467		
1.24681e-05		0.000105286		0.999766		0.000116621		
2.93931e-05		0.999141		0.00037962		0.000450362		
0.169639		0.401446		0.340723		0.0881928		
0.000462507		0.000134215		0.000422809		0.99898		
0.00041619		0.998805		0.00042478		0.000354342		
0.00165579		0.000137372		0.000179499		0.998027		
0.00021324		0.000663565		0.998621		0.000502102		
0.183625		0.146264		0.619237		0.0508744		
0.142662		0.293503		0.228987		0.334848		
0.000857756		0.997195		0.000945796		0.00100114		
0.000230884		0.000332832		0.000862065		0.998574		
0.264889		0.598222		0.134222		0.00266667		
0.000880205		0.00118758		0.996812		0.00111972		
0.000582365		0.998539		0.000461067		0.000417506		
0.000556778		0.000234499		0.000872786		0.998336		
0.000867389		0.00139558		0.00139719		0.99634		
0.276274		0.173694		0.257395		0.292637		
0.000493338		0.998387		0.000615017		0.000504926		
0.998812		0.000472939		0.000478606		0.000235954		
0.433781		0.0882917		0.353647		0.12428		
0.998922		0.000623194		0.000440131		1.48008e-05		
0.183805		0.378749		0.342759		0.0946872		
0.0746799		0.243954		0.334637		0.346728		
0.35489		0.286627		0.326148		0.0323353		
0.998414		0.000578963		0.000412726		0.000594249		
0.309119		0.0370943		0.632148		0.0216383		
0.998133		0.000736111		0.000411526		0.00071955		
0.000659167		0.998508		0.000662126		0.000170895		
0.30972		0.339374		0.224053		0.126853		
0.000190178		0.000454385		0.00055075		0.998805		
0.583648		0.109434		0.100629		0.206289		
0.998707		0.000596346		0.000537243		0.00015938		
0.335886		0.119256		0.5		0.0448578		
0.997262		0.00107425		0.000947867		0.000716166		
8.82218e-05		0.999535		0.000190326		0.000186296		
0.0838433		0.386169		0.274786		0.255202		
0.555813		0.0561018		0.219202		0.168884		
0.527685		0.0855705		0.0377517		0.348993		
0.270011		0.120598		0.0821772		0.527215		
0.190271		0.302195		0.391304		0.116229		
0.0338164		0.211353		0.207729		0.547101		
1.18051e-05		4.3409e-05		0.999926		1.90047e-05		
0.118794		0.404255		0.0992908		0.37766		
0.26595		0.315412		0.235842		0.182796		
0.271008		0.386555		0.0772059		0.265231		
0.35698		0.212064		0.35091		0.0800455		
0.000188078		0.00246123		0.00107334		0.996277		
0.00114477		0.000279323		0.997262		0.00131419		
0.996605		0.000485358		0.00143821		0.00147096		
0.550223		0.00446429		0.434152		0.0111607		
0.329744		0.321946		0.040104		0.308206		
0.000694834		0.998496		0.000499615		0.000309458		
0.387597		0.0956072		0.386736		0.13006		
0.997266		0.000709774		0.00101463		0.00100997		
0.248136		0.111433		0.228252		0.412179		
0.997828		0.000153981		0.000805916		0.00121198		
0.059628		0.440919		0.228665		0.270788		
0.000613212		0.000249039		0.99852		0.000618218		
6.06047e-05		0.000495857		0.000224788		0.999219		
0.146661		0.367525		0.360105		0.125709		
0.247368		0.417763		0.148026		0.186842		
0.208955		0.170149		0.417313		0.203582		
0.551799		0.121047		0.263904		0.0632497		
0.00149551		0.000744654		0.996953		0.000806708		
0.31906		0.309138		0.36188		0.00992167		
0.000569209		0.998512		0.000457144		0.000461928		
0.30726		0.11897		0.396253		0.177518		
0.000182877		0.000247406		8.14354e-05		0.999488		
0.357035		0.262481		0.189864		0.19062		
0.356268		0.157028		0.366399		0.120304		
0.000567392		0.000658078		0.998203		0.000571405		
0.00221828		0.3252		0.421029		0.251553		
0.000171678		0.997832		0.000725021		0.00127127		
0.000113864		0.000161651		0.000353391		0.999371		
0.996574		0.000493966		0.00128289		0.00164892		
0.998598		0.00068126		0.000490678		0.000230405		
0.332159		0.10793		0.345374		0.214537		
0.000220033		0.997254		0.00100956		0.0015165		
0.270975		0.229403		0.18065		0.318972		
0.262021		0.277003		0.241463		0.219512		
0.400578		0.290429		0.115512		0.193482		
0.54336		0.259551		0.063675		0.133414		
0.148383		0.327004		0.488748		0.035865		
0.998441		0.000712063		0.000334639		0.000511891		
0.411791		0.129784		0.400352		0.058073		
0.999945		7.24712e-06		3.31003e-05		1.434e-05		
0.303162		0.242096		0.404504		0.0502382		
0.00108732		0.997211		0.000439108		0.00126264		
0.996215		0.00191716		0.000822277		0.00104572		
0.997707		0.00058929		0.00112466		0.00057902		
0.0050665		0.569348		0.243192		0.182394		
0.998516		0.000719112		0.000363332		0.000401931		
0.000558196		0.000522895		0.00106344		0.997855		
8.40326e-05		0.000371906		0.998988		0.00055578		
0.124767		0.324022		0.353818		0.197393		
0.187888		0.258493		0.259084		0.294535		
0.000307761		0.99898		0.000589974		0.000121797		
0.000475708		0.998336		0.000299147		0.000889208		
0.996867		0.00156487		0.00126724		0.000300701		
0.133459		0.0739348		0.491228		0.301378		
0.000694537		0.997871		0.00114965		0.000284717		
0.25		0.287736		0.383019		0.0792453		
0.00145498		0.996855		0.000992652		0.000696896		
0.00180197		0.00170173		5.48945e-05		0.996441		
0.155257		0.149144		0.279951		0.415648		
1.18305e-05		0.999949		2.64516e-05		1.24991e-05		
0.19646		0.248673		0.410619		0.144248		
0.000888584		0.00122248		0.997109		0.000779556		
0.332872		0.231142		0.164014		0.271972		
0.550805		0.0588562		0.051638		0.338701		
0.307818		0.455483		0.15038		0.0863192		
0.000123111		0.000942068		0.998242		0.000692634		
0.348858		0.252636		0.258787		0.139719		
0.387033		0.158644		0.277505		0.176817		
0.000492864		0.000926022		0.998445		0.000135801		
0.000681628		0.999023		0.000175088		0.000119847		
0.259777		0.160335		0.0687151		0.511173		
0.997695		0.000700636		0.0011929		0.000411152		
0.320318		0.443239		0.0694143		0.167028		
1.57585e-05		1.37553e-05		2.12674e-05		0.999949		
0.261299		0.35452		0.00517891		0.379002		
0.000818954		0.997113		0.00121917		0.000848599		
0.000259914		0.999477		0.000201044		6.24793e-05		
0.342214		0.307874		0.12907		0.220841		
0.321291		0.290944		0.372351		0.0154143		
0.118529		0.214804		0.259313		0.407354		
0.000516702		0.00101366		0.997492		0.000977454		
0.999598		0.000133686		7.9269e-05		0.000189389		
0.000857591		0.000365348		0.998152		0.000624717		
0.266475		0.262636		0.198337		0.272553		
0.133537		0.300374		0.229698		0.336391		
0.16563		0.647745		0.025661		0.160964		
0.302793		0.287709		0.384358		0.0251397		
0.000356411		0.996109		0.00181654		0.00171767		
0.0001958		0.000609962		0.000401269		0.998793		
0.000422187		0.000536781		0.00130275		0.997738		
2.13939e-05		6.49418e-05		4.25706e-05		0.999871		
7.88685e-05		1.51427e-05		0.00051927		0.999387		
0.996113		0.00171593		0.000979976		0.00119081		
0.411414		0.230835		0.291312		0.0664395		
0.082723		0.218009		0.413615		0.285653		
0.997391		0.000951244		0.00101961		0.000638526		
0.000499841		0.000930579		0.00111255		0.997457		
0.442379		0.419012		0.0430165		0.0955921		
0.304596		0.216165		0.1813		0.29794		
0.433642		0.145062		0.30607		0.115226		
0.99823		0.00044833		0.000540741		0.00078046		
0.000189365		0.000115265		0.999039		0.000656307		
0.000646028		0.000925279		0.996547		0.00188182		
0.348374		0.0550763		0.0404778		0.556072		
0.00199125		0.000564448		0.996152		0.00129196		
0.319149		0.188337		0.0283688		0.464145		
0.29919		0.210576		0.382563		0.10767		
0.165358		0.353741		0.135531		0.345369		
7.8125e-06		0.000455078		0.998715		0.000822266		
0.00011203		0.001223		0.997391		0.00127435		
0.443299		0		0.352234		0.204467		
0.167208		0.318994		0.280844		0.232955		
0.069664		0.218379		0.295949		0.416008		
0.000220542		0.998926		0.000441084		0.000412593		
0.00039498		0.000327357		2.76639e-05		0.99925		
0.000467094		0.000630577		0.998051		0.000851548		
0.000420561		0.998762		0.000350356		0.000467364		
0.124523		0.0550038		0.357525		0.462949		
0.998789		0.000659509		0.000253657		0.000297772		
0.370768		0.361272		0.0132122		0.254748		
0.212234		0.302595		0.0417053		0.443466		
0.00116513		0.000723702		0.000493979		0.997617		
6.14142e-05		0.999566		0.000202251		0.000169928		
0.331627		0.119196		0.341133		0.208044		
0.199486		0.586473		0.152397		0.0616438		
0.0352394		0.0691489		0.367021		0.52859		
0.0876969		0.376756		0.371222		0.164325		
0.385689		0.224258		0.143543		0.24651		
0.000217341		0.00061714		0.996906		0.00225927		
0.297989		0.102986		0.563071		0.0359537		
0.998012		0.000469673		0.000700896		0.000817712		
0.0209713		0.127483		0.519868		0.331678		
0.148425		0.684909		0.145108		0.0215589		
4.8614e-05		7.67589e-05		3.86896e-05		0.999836		
0.227468		0.0439914		0.505901		0.222639		
0.188541		0.28078		0.255993		0.274685		
0.356582		0.205305		0.0663065		0.371807		
0.000255259		0.999324		0.000207807		0.000212716		
0.000477633		0.000245506		0.998809		0.000468267		
0.00127099		0.00208108		0.996117		0.000530744		
0.221969		0.501423		0.158793		0.117814		
0.162112		0.548447		0.0782609		0.21118		
0.000993524		0.997605		0.000899666		0.000501341		
7.69454e-05		0.998965		0.000685295		0.000272916		
0.307012		0.303735		0.296527		0.0927261		
0.274043		0.377456		0.22544		0.123061		
0.237909		0.309033		0.241821		0.211238		
0.996426		0.00141523		0.000979639		0.00117935		
0.996918		0.00166154		0.00121222		0.000208277		
0.499732		0.00642055		0.459069		0.034778		
0.0761534		0.539188		0.325181		0.0594775		
0.310956		0.417249		0.0424242		0.229371		
0.998781		0.000139111		0.000694679		0.000384961		
0.442062		0.16469		0.122719		0.270529		
0.155259		0.505843		0.0350584		0.30384		
0.35808		0.204724		0.297338		0.139858		
0.00114858		0.00103452		0.00145363		0.996363		
0.000601801		0.000203983		0.000307497		0.998887		
0.300803		0.190114		0.38403		0.125053		
0.371275		0.33671		0.00715137		0.284863		
0.000312656		0.000980308		0.0013125		0.997395		
0.180575		0.242134		0.26767		0.309622		
0.0149701		0.0516467		0.58009		0.353293		
0.00145786		0.997004		0.000112514		0.00142572		
0.997969		0.000798204		0.000866706		0.00036634		
0.270438		0.248142		0.348059		0.133361		
4.05905e-05		0.999863		5.1419e-05		4.47093e-05		
0.997215		0.000548119		0.00108881		0.00114823		
0.342752		0.294226		0.162162		0.20086		
0.29982		0.192101		0.322262		0.185817		
0.31308		0.159258		0.267988		0.259674		
0.00127789		0.000376121		6.47422e-05		0.998281		
0.000979353		0.99666		0.00125307		0.00110742		
0.998566		0.000490497		0.000467759		0.000475338		
0.361446		0.154367		0.358434		0.125753		
0.00037539		0.00226346		0.996738		0.000622869		
0.348043		0.259786		0.041637		0.350534		
0.5792		0.0448		0.0288		0.3472		
0.462341		0.124565		0.24971		0.163384		
0.29188		0.395026		0.110461		0.202634		
0.00102956		0.001091		0.000348192		0.997531		
0.000352682		0.000329823		0.997949		0.00136828		
0.440678		0.284428		0.224576		0.0503178		
0.462601		0.0650173		0.269275		0.203107		
0.0213018		0.464497		0.323077		0.191124		
5.64429e-05		0.000123766		0.999664		0.000155728		
0.19201		0.248267		0.24786		0.311863		
0.000482296		0.998633		0.000247279		0.000637612		
0.000571304		0.99743		0.00100838		0.00099063		
0.165572		0.262374		0.390714		0.18134		
0.000271831		0.998289		0.000876456		0.000562651		
0.000405143		3.27802e-05		0.999059		0.000503483		
0.394199		0.22349		0.0480266		0.334284		
0.000287022		0.000304658		0.000279414		0.999129		
0.293834		0.260773		0.251857		0.193536		
0.574005		0.178483		0.02301		0.224502		
0.0002872		9.86943e-05		0.998793		0.000821137		
0.41733		0.116159		0.16534		0.301171		
0.996785		0.000624196		0.00109352		0.00149713		
0.000654795		0.998379		0.000237337		0.000728962		
0.323529		0.49095		0.0361991		0.149321		
0.000278899		0.000858336		0.000444796		0.998418		
0.0820564		0.273851		0.441424		0.202669		
0.00058319		0.999039		0.000279003		9.87446e-05		
0.00340522		0.266175		0.491487		0.238933		
0.000903466		0.997941		0.0011199		3.52327e-05		
0.142857		0.0520487		0.437984		0.36711		
0.000798032		0.998535		0.000334745		0.000332067		
0.00015326		0.000373572		0.999441		3.17612e-05		
0.239292		0.26257		0.256052		0.242086		
0.435621		0.166194		0.230856		0.167328		
0.09758		0.419204		0.161593		0.321624		
0.256773		0.0797016		0.318021		0.345505		
0.997891		0.000293916		0.00127959		0.000535869		
0.00162467		0.000827881		0.996883		0.000664637		
0.00134989		0.000863594		0.996965		0.000821672		
0.000737894		0.00106555		0.996398		0.00179812		
0.325581		0.329992		0.196872		0.147554		
0.344778		0.142108		0.250358		0.262756		
0.264203		0.35002		0.0619785		0.323798		
0.50027		0.015127		0.371151		0.113452		
0.00114845		0.001029		0.000795211		0.997027		
0.141768		0.144817		0.528963		0.184451		
0.998		0.00080062		0.000239669		0.000959711		
0.000523122		0.000472245		0.00107494		0.99793		
0.996602		0.000527708		0.00280037		7.0361e-05		
0.186848		0.276618		0.15762		0.378914		
0.197237		0.147352		0.386032		0.269378		
0.153963		0.359756		0.435976		0.0503049		
0.00133273		0.00105165		0.99727		0.000346089		
8.85765e-05		0.0015729		0.00205336		0.996285		
0.373415		0.463217		0.0228311		0.140538		
0.31068		0.19384		0.33378		0.161701		
0.000706174		0.000237138		0.997887		0.00116997		
0.0777202		0.2302		0.57661		0.11547		
0.000552595		0.000142979		0.996762		0.00254271		
0.999727		4.53777e-05		2.78122e-05		0.000200248		
0.000189915		0.999449		0.000115708		0.000245158		
0.418325		0.0370199		0.26932		0.275335		
0.999551		0.000111143		7.29898e-05		0.000265086		
0.201712		0.40717		0.158373		0.232745		
0.0014877		0.997324		0.00112696		6.11181e-05		
0.110027		0.392954		0.310569		0.18645		
0.000478548		0.998965		0.000519275		3.73335e-05		
0.348509		0.242151		0.269623		0.139717		
0.0163812		0.428891		0.452718		0.10201		
0.374093		0.406736		0.0481865		0.170984		
0.265548		0.162389		0.285785		0.286278		
0.00078731		0.996945		0.000924318		0.00134306		
0.207304		0.340174		0.11513		0.337391		
0.202698		0.333333		0.134895		0.329073		
0.998426		5.58234e-06		0.000995889		0.000572748		
0.0158061		0.319283		0.21549		0.44942		
0.339779		0.360958		0.0354512		0.263812		
0.000960568		0.997133		0.0018921		1.45174e-05		
0.00067971		0.997027		0.00173369		0.000559255		
0.997895		0.000689832		0.000996659		0.000418978		
0.24767		0.347537		0.117177		0.287617		
0.00104656		0.99668		0.00168596		0.000587793		
0.997996		0.000685718		0.000641562		0.000676627		
0.317437		0.323025		0.157973		0.201565		
0.00164796		0.000453189		0.997727		0.000172287		
0.000100564		0.000133347		0.999754		1.21829e-05		
0.00146386		0.000472214		0.00125924		0.996805		
0.343895		0.0633694		0.153014		0.439722		
0.0682853		0.138088		0.415781		0.377845		
5.43574e-05		6.95423e-05		7.14129e-05		0.999805		
0.00107644		0.000479998		0.00138887		0.997055		
0.330051		0.232877		0.0338185		0.403253		
0.000411689		0.000107992		0.999313		0.000167819		
0.375123		0.124385		0.103245		0.397247		
0.00147801		0.000537868		0.996734		0.00124975		
0.350383		0.0813532		0.175191		0.393073		
0.118487		0.104211		0.526767		0.250535		
0.163006		0.452601		0.121965		0.262428		
0.0736522		0.202733		0.397874		0.32574		
9.44602e-05		0.000556818		0.998879		0.000469815		
0.996648		0.000935753		0.000766125		0.00164968		
0.00150652		0.99623		0.000459909		0.0018031		
0.433318		0.0869367		0.213018		0.266727		
5.5838e-05		0.999875		1.13079e-05		5.78541e-05		
0.305252		0.480306		0.083151		0.131291		
0.000769993		0.0010942		0.997656		0.000479557		
0.997762		0.000792911		0.000535912		0.000909457		
0.258864		0.259208		0.239587		0.242341		
0.000338422		6.84489e-05		0.00023766		0.999355		
0.187896		0.401153		0.274352		0.136599		
0.000954777		0.997547		0.00063037		0.000867979		
0.000356882		0.000659752		0.00051071		0.998473		
0.000732106		0.998035		0.000545491		0.000687247		
2.57608e-05		0.000848328		0.998781		0.000344661		
0.000571234		0.001527		0.000397864		0.997504		
0.000442277		9.23868e-05		0.000484867		0.99898		
0.37391		0.0523394		0.389374		0.184377		
0.577075		0.10751		0.240316		0.0750988		
0.000436224		0.996437		0.00149822		0.00162805		
0.000579268		0.000632368		0.000866489		0.997922		
0.0838633		0.356518		0.231717		0.327901		
0.000449715		0.000414167		0.998988		0.000147836		
0.0411449		0.433512		0.435301		0.0900417		
0.0309654		0.224044		0.472678		0.272313		
0.307143		0.391071		0.0383929		0.263393		
0.000397899		0.00023958		0.99823		0.00113205		
0.000155313		0.00010985		4.61555e-07		0.999734		
0.179487		0.0585141		0.166338		0.595661		
0.998699		0.000542813		0.00073908		1.88876e-05		
0.267857		0.205357		0.233418		0.293367		
0.00100265		0.000268978		0.998234		0.000493998		
0.259866		0.170006		0.055252		0.514876		
0.999547		0.00011936		3.3787e-05		0.000299978		
0.432646		0.126214		0.199636		0.241505		
