0.105781		0.327183		0.164822		0.402214		
0.997191		0.000799048		0.000377659		0.00163189		
0.997461		0.000664207		0.00138337		0.000491482		
0.055166		0.208976		0.405797		0.330061		
0.34104		0.253179		0.132948		0.272832		
0.0400812		0.38001		0.147641		0.432268		
0.360571		0.391115		0.203887		0.0444268		
0.332618		0.183834		0.214592		0.268956		
0.999023		0.000427586		0.0002917		0.000257276		
0.396962		0.148613		0.251651		0.202774		
5.38823e-05		1.77147e-05		0.999891		3.7778e-05		
0.00074645		0.000203392		0.000475938		0.998574		
0.997211		0.000698352		0.00144452		0.000646193		
2.06441e-05		0.000122144		0.000251743		0.999605		
0.280386		0.417727		0.207108		0.0947784		
0.0932384		0.392883		0.25694		0.25694		
0.533297		0.150655		0.129367		0.186681		
0.11073		0.306479		0.326363		0.256428		
0.00253423		0.000876522		0.996547		4.23696e-05		
0.999758		7.37915e-05		5.92461e-05		0.00010915		
0.249175		0.217272		0.457646		0.0759076		
0.000309318		0.000957722		0.000232959		0.9985		
0.128566		0.34154		0.274717		0.255178		
1.67496e-06		0.999973		1.86549e-05		7.0139e-06		
0.000211256		0.000299908		0.000356023		0.999133		
0.000179167		0.000245313		0.999465		0.000110677		
0.000301465		0.000333261		0.00105277		0.998313		
0.000988766		0.996816		0.00100481		0.00119002		
0.350216		0.356277		0.188745		0.104762		
0.355956		0.291782		0.133426		0.218837		
0.0003677		0.998914		0.000329085		0.000389153		
0.363543		0.169995		0.393753		0.0727087		
0.0141884		0.441544		0.132236		0.412032		
0.223514		0.260982		0.410207		0.105297		
0.331805		0.140892		0.364735		0.162568		
0.295382		0.171011		0.317787		0.215821		
0.286596		0.618166		0.0141093		0.0811287		
0.00235566		0.000124367		0.996434		0.00108638		
0.0396772		0.287155		0.145259		0.527909		
0.000740712		0.997805		0.000158871		0.00129573		
0.00065732		0.000600957		0.000366723		0.998375		
0.351987		0.394566		0.175182		0.0782644		
0.000806685		0.000583333		0.99825		0.000359981		
0.00138983		0.997082		0.000358228		0.00116991		
0.107014		0.321403		0.26898		0.302603		
4.23835e-05		0.000369286		0.999324		0.000264112		
0.0914877		0.13922		0.502784		0.266508		
0.000678586		0.998375		0.00027813		0.000668284		
0.303595		0.313399		0.162092		0.220915		
0.161471		0.292119		0.321191		0.225219		
9.91964e-05		0.000235281		0.00028271		0.999383		
0.00202255		0.000563622		0.996613		0.000800543		
0.99918		0.000292371		0.00034081		0.000187132		
0.999242		0.000411364		8.67886e-05		0.00025966		
0.0701999		0.357508		0.415156		0.157136		
0.996531		0.000708863		0.00225613		0.00050376		
0.00086209		0.000780385		0.997895		0.000462994		
0.999742		0.000123647		9.61987e-06		0.000124545		
0.419465		0.0281014		0.0938999		0.458533		
0.401704		0.254915		0.267366		0.0760157		
0.000494025		0.00136361		0.997449		0.000693147		
0.169355		0.418347		0.351815		0.0604839		
0.000502653		0.997949		0.000954834		0.000593295		
0.000539805		0.000169601		0.000239812		0.999051		
0.363636		0.15277		0.328133		0.15546		
0.0301109		0.641838		0.290016		0.0380349		
0.000537066		0.000852468		0.998516		9.48412e-05		
0.00180727		0		0.998145		4.8194e-05		
0.99891		0.000382287		0.000487906		0.000219651		
0.0267309		0.37248		0.277826		0.322962		
0.28388		0.179743		0.0760818		0.460295		
0.195566		0.563957		0.197271		0.0432064		
0.000775564		0.996742		0.00098001		0.00150224		
0.344011		0.313835		0.0961003		0.246054		
0.345415		0.127074		0.362445		0.165066		
0.000596529		0.99652		0.00134756		0.00153638		
0.281005		0.178964		0.153061		0.38697		
0		0.999266		0.000692807		4.15684e-05		
0.99941		0.000289158		0.000231524		6.91609e-05		
0.716535		0.0724409		0.168504		0.0425197		
0.34676		0.378284		0.0236427		0.251313		
0.258865		0.105201		0.287234		0.3487		
0.417227		0.107672		0.160162		0.314939		
0.000570909		0.000457537		0.000190303		0.998781		
0.000241329		0.00027701		0.000106661		0.999375		
0.00126174		0.99682		0.000732235		0.00118571		
0.00147458		0.996375		0.00185709		0.00029333		
0.252174		0.182609		0.195652		0.369565		
0.33318		0.104753		0.419474		0.142593		
0.000542499		0.000216227		0.997656		0.00158502		
0.996742		0.00149557		0		0.00176224		
0.000833344		0.00144226		0.99648		0.00124393		
0.176036		0.319527		0.0710059		0.433432		
0.997906		0.00059211		0.000524964		0.000976676		
0.000910101		0.00130195		0.99641		0.00137779		
0.378013		0.0109937		0.190698		0.420296		
0.00116496		0.00044266		0.000158003		0.998234		
0.000856679		0.99791		0.000569957		0.000663207		
0.436607		0.0474873		0.124942		0.390964		
0.996559		0.00138766		0.00170789		0.000345849		
0.324415		0.103307		0.286882		0.285396		
0.00045977		2.56483e-05		0.999129		0.000385675		
0.161852		0.375531		0.0734919		0.389125		
0.202149		0.366892		0.333864		0.0970951		
0.231314		0.405193		0.054288		0.309205		
0.332446		0.0190857		0.243675		0.404794		
0.000310961		0.000524385		0.998348		0.000816998		
0.00165315		0.000741684		0.997434		0.00017157		
0.000375582		0.998832		0.000477002		0.000315384		
0.00135811		0.000404785		0.997781		0.000455856		
0.337557		0.348469		0.312918		0.00105597		
0.000122726		0.999402		0.000270776		0.000204154		
0.000586576		0.00059729		0.997887		0.000929415		
0.297429		0.00265957		0.414007		0.285904		
0.00128914		0.000962319		0.00033838		0.99741		
0.107219		0.570407		0.24446		0.0779128		
0.13125		0.263636		0.386932		0.218182		
0.000501354		0.000312925		0.000545096		0.998641		
0.996965		3.3724e-05		0.00171767		0.00128376		
0.305641		0.0944469		0.287713		0.312199		
0.29438		0.241905		0.0937849		0.369929		
0.999801		7.07948e-05		2.21739e-05		0.00010625		
0.99659		0.000808333		0.00186085		0.000740972		
0.999488		7.20267e-05		0.000213726		0.000225966		
0.289089		0.228522		0.171392		0.310997		
2.89062e-05		3.90625e-05		0.999777		0.000154688		
0.999242		0.000271299		0.00029799		0.000188524		
0.378838		0.300425		0.103921		0.216816		
0.000552045		0.000437354		0.000733257		0.998277		
0.996746		0.000928705		0.00196748		0.000357723		
0.997727		0.000919465		0.00117822		0.000175756		
0.206635		0.344125		0.124301		0.32494		
1.26478e-05		0.000366785		0.000378379		0.999242		
6.56212e-05		0.00178187		0.00130485		0.996848		
2.64686e-05		0.99993		2.17022e-05		2.21417e-05		
0.271244		0.275663		0.195445		0.257648		
0.298808		0.397342		0.226398		0.0774519		
0.000597332		0.00219022		0.996852		0.000360888		
0.00134011		0.997266		0.000982364		0.000411897		
0.251221		0.324012		0.00932091		0.415446		
0.00123504		0.000998542		0.996855		0.000910951		
0.00189566		0.000815197		0.000125083		0.997164		
0.0018701		0.00081905		0.996488		0.000822565		
0.000768208		5.00649e-05		0.000318445		0.998863		
0.000402141		0.000200227		0.000467945		0.99893		
0.234492		0.337082		0.198364		0.230061		
0.00105236		0.00103656		0.997414		0.000497015		
0.00241175		0.000826403		0.000320442		0.996441		
4.0861e-05		0.000676249		0.000392265		0.998891		
0.0430825		0.206311		0.215413		0.535194		
0.246533		0.247573		0.245146		0.260749		
0.000860463		0.000667776		0.000975667		0.997496		
0.000828031		0.00052853		0.00063172		0.998012		
0.306373		0.325755		0.197167		0.170704		
0.269357		0.235874		0.201196		0.293572		
2.59451e-05		0.999945		2.41268e-06		2.63297e-05		
0.000279171		0.9995		6.5976e-05		0.000154853		
0.000215159		0.00112518		0.996965		0.00169482		
0.000805964		0.000200411		0.000595187		0.998398		
0.286545		0.0710133		0.297342		0.3451		
8.41604e-05		7.25859e-05		4.24725e-05		0.999801		
0.00206299		0.00095006		0.996699		0.000287733		
5.15787e-05		0.00107378		0.00135511		0.99752		
0.184825		0.410506		0.399805		0.00486381		
0.796163		0.0375699		0.135891		0.0303757		
6.33985e-05		0.000296541		0.999066		0.000573654		
0.0139018		0.160797		0.41937		0.405931		
0.303792		0.264048		0.182275		0.249886		
0.38295		0.377537		0.0987821		0.140731		
0.16944		0.3177		0.162885		0.349975		
0.165714		0.384935		0.263896		0.185455		
0.4303		0.13076		0.214862		0.224078		
0.355413		0.149217		0.173789		0.321581		
0.178453		0.236689		0.240433		0.344426		
1.18569e-05		0.000127352		0.000419384		0.999441		
0.00178372		0.99618		0.000164021		0.00187257		
0.000911253		0.00134488		0.997012		0.000732145		
0.358997		0.278424		0.294539		0.0680394		
0.99943		0.000115235		0.000271815		0.000183262		
0.0922289		0.0794193		0.0982067		0.730145		
0.000761014		0.00136094		0.997043		0.000835079		
0.00106027		0.997031		0.00153695		0.000371532		
0.1315		0.342501		0.32832		0.197679		
0.998348		0.00015629		0.000867127		0.000628926		
0.316083		0.240134		0.328742		0.115041		
0.54476		0.0895197		0.307314		0.0584061		
0.00108287		0.00139226		0.996195		0.00132955		
0.996266		0.00106696		0.000518167		0.00214924		
0.00128945		0.00147908		0.996223		0.00100881		
0.000777316		0.000874355		0.000942079		0.997406		
1.06284e-06		0.00017962		0.000499004		0.99932		
0.0219178		0.363014		0.416438		0.19863		
0.000638094		0.000885746		0.000858973		0.997617		
0.32256		0.225269		0.242573		0.209598		
0.000485259		0.998105		0.00101298		0.000396295		
0.178711		0.234375		0.323242		0.263672		
0.00135749		0.00021515		0.997406		0.00102111		
0.00140043		8.27432e-05		0.000196515		0.99832		
0.195607		0.226987		0.394351		0.183054		
0.0549451		0.374542		0.132326		0.438187		
0.245704		0.213191		0.127729		0.413377		
0.0632388		0.326241		0.0413712		0.569149		
0.149701		0.378244		0.346806		0.12525		
0.149624		0.311794		0.265997		0.272585		
0.0754864		0.0435798		0.512062		0.368872		
0.00172248		0.00127473		0.996418		0.000584821		
0.338735		0.0516975		0.354938		0.25463		
0.000563605		0.00158492		0.99641		0.00144132		
0.446292		0.382022		0.0979775		0.0737079		
0.724005		0.0154044		0.252888		0.00770218		
0.997637		0.000610426		0.00114667		0.000606187		
0.204359		0.266582		0.266267		0.262792		
0.996445		0.00109111		0.000528399		0.00193518		
0.0013845		0.000273771		0.00154876		0.996793		
0.000792411		0.997227		0.000912271		0.00106876		
0.349558		0.433075		0.216814		0.000553097		
8.61182e-06		0.000730439		0.000378137		0.998883		
0.00116456		0.00062496		0.00120267		0.997008		
0.0010417		0.00181769		0.996195		0.000945293		
0.333818		0.113455		0.234545		0.318182		
0.996406		0.00108744		0.00142677		0.00107955		
0.998996		0.000522641		0.000394884		8.63809e-05		
0.1633		0.418135		0.331328		0.0872368		
0.172369		0.320529		0.229503		0.277598		
0.117424		0.74697		0.0674242		0.0681818		
0.997059		0.00158791		0.00133719		1.63072e-05		
0.14381		0.380158		0.151313		0.324719		
8.02576e-05		0.000717454		0.00104213		0.99816		
0.996426		1.3747e-05		2.7494e-05		0.00353298		
0.0971429		0.535714		0.0485714		0.318571		
0.290876		0.191672		0.377832		0.13962		
0.303079		0.358185		0.165721		0.173015		
0.00116049		0.000630075		0.000842243		0.997367		
0.201229		0.15745		0.324117		0.317204		
0.000347421		0.000667893		0.000554999		0.99843		
0.507486		0.116627		0.0945626		0.281324		
0.280658		0.34823		0.304255		0.0668573		
0.999656		0.000119513		0.000159828		6.44084e-05		
6.93384e-05		4.55631e-05		0.999879		6.19229e-06		
3.34074e-05		1.50262e-05		0.99993		2.1879e-05		
0.249548		0.262929		0.239421		0.248101		
0.0840125		0.0269592		0.312226		0.576803		
0.40195		0.263188		0.254014		0.0808486		
0.108584		0.297506		0.248716		0.345194		
0.280543		0.113122		0.0808824		0.525452		
0.000166896		0.000260079		0.000205838		0.999367		
0.0010471		0.00182692		0.000942391		0.996184		
0.0396175		0.131148		0.537568		0.291667		
0.000238692		0.000402755		0.999039		0.00031949		
0.160058		0.392166		0.360735		0.0870406		
0.113039		0.216229		0.316604		0.354128		
0.315103		0.346212		0.165078		0.173608		
0.295623		0.269288		0.252967		0.182122		
0.0453873		0.337444		0.187469		0.429699		
0.000855156		0.997555		0.000357913		0.00123224		
0.00129116		0.000953919		0.00151664		0.996238		
0.000401141		0.000540067		0.998793		0.000265824		
0.997738		0.000983767		0.000982417		0.000295535		
0.999141		0.00044395		0.00013277		0.000282655		
0.000318731		0.0016784		0.00147943		0.996523		
0.352256		0.0866084		0.449054		0.112082		
0.000872298		0.00180804		0.997047		0.000272791		
0.325022		0.13179		0.0934996		0.449688		
0.281895		0.245008		0.336041		0.137056		
0.216971		0.0139635		0.466165		0.3029		
0.202477		0.27008		0.272758		0.254685		
0.333163		0.450358		0.136131		0.080348		
0.998539		0.000165032		0.00127697		1.89381e-05		
0.379449		0.0929966		0.431688		0.0958668		
0.358974		0.0929966		0.282051		0.265978		
0.000305936		0.998863		0.000309719		0.000521064		
0.000562791		0.000752363		0.00154422		0.997141		
0.373458		0.351402		0.135701		0.139439		
0.00124144		0.000187201		0.998105		0.000465891		
0.000315401		0.000397088		0.999074		0.000213293		
0.0011064		0.00198683		0.996598		0.00030911		
0.000198689		0.999031		0.000426564		0.000343497		
0.000960625		0.00085084		0.000196348		0.997992		
0.263384		0.262603		0.119187		0.354826		
0.391528		0.120348		0.155978		0.332146		
8.36762e-05		0.996398		0.000505544		0.00301234		
0.000808828		0.998324		0.000554228		0.000312725		
0.195041		0.328088		0.0362423		0.440629		
0.413244		0.0343671		0.292121		0.260268		
0.225948		0.290505		0.208399		0.275149		
0.000513644		0.998742		0.000132048		0.00061212		
0.057235		0.27892		0.387344		0.276501		
0.128852		0.270108		0.319328		0.281713		
0.997812		0.000431383		0.00134566		0.000410458		
0.996414		0.000880079		0.00010422		0.00260164		
0.253012		0.330047		0.28295		0.133991		
0.207815		0.430728		0.0674956		0.293961		
0.29369		0.111663		0.254685		0.339962		
0.997293		6.93303e-05		0.000746876		0.00189083		
0.998023		0.000619024		0.000185873		0.00117167		
0.00113139		0.000319811		0.997297		0.00125192		
8.63984e-05		0.000571607		0.998727		0.000615432		
0.000328514		0.0002971		0.999047		0.000327511		
0.000449138		0.999191		0.000167698		0.000191758		
0.000729921		0.998641		0.000151725		0.000477729		
0.329391		0.12177		0.349102		0.199737		
0.759411		0.0523732		0.12766		0.0605565		
0.000586298		0.998355		0.000507007		0.000551227		
0.996461		0.00221953		0.000771421		0.000548115		
0.357106		0.176501		0.263212		0.203181		
0.519093		0.28043		0.0304296		0.170048		
7.00994e-05		0.00036919		0.998715		0.000845866		
0.431907		0.511025		0.000648508		0.0564202		
0.0888565		0.0764749		0.670066		0.164603		
0.47241		0.268635		0.230881		0.0280736		
0.000871403		0.000654149		0.997949		0.000525229		
0.0502618		0.141885		0.456545		0.351309		
8.06653e-05		0.998805		0.000489858		0.000624789		
0.369231		0.166802		0.459919		0.00404858		
2.93604e-05		2.05787e-05		0.999902		4.77172e-05		
0.999148		0.000150813		0.000357339		0.000343411		
0.00883219		0.458783		0.476447		0.0559372		
0.00139602		0.996707		0.00137412		0.000522824		
5.04668e-05		0.000489178		0.000124418		0.999336		
0.000157641		0.000878763		0.996156		0.00280735		
0.000540136		0.000683622		0.000795773		0.99798		
0.408015		0.15847		0.0551002		0.378415		
0.264892		0.334386		0.073556		0.327166		
0.0121429		0.191429		0.411429		0.385		
0.241183		0.184539		0.325258		0.24902		
0.440181		0.223476		0.264108		0.0722348		
0.368598		0.123738		0.202617		0.305047		
0.998855		0.000494342		0.00020548		0.000444709		
3.60878e-06		0.999992		3.15714e-06		1.04659e-06		
0.000795431		0.996113		0.00135244		0.00173885		
0.0010611		0.000269269		0.996395		0.0022751		
0.999414		0.000247432		0.00022379		0.000114716		
0.261621		0.226131		0.25157		0.260678		
0.0357403		0.363239		0.0999271		0.501094		
0.13602		0.176322		0.333123		0.354534		
0.161252		0.132972		0.177497		0.528279		
0.227368		0.143096		0.403421		0.226116		
0.000716432		0.000851657		0.000267849		0.998164		
0.000718141		0.000519471		0.99809		0.000672544		
0.0805145		0.26203		0.252501		0.404955		
0.000188104		0.000168768		0.000275941		0.999367		
0.126223		0.112524		0.367906		0.393346		
0.332716		0.322999		0.093938		0.250347		
0.0612009		0.113741		0.394342		0.430716		
0.996242		0.00175824		0.00184689		0.000152677		
0.000659352		0.998914		0.000358658		6.79277e-05		
0.219052		0.0193581		0.412634		0.348956		
8.11267e-06		0.999844		7.83684e-05		6.9769e-05		
0.285167		0.220033		0.151067		0.343733		
0.195366		0.454602		0.17846		0.171572		
0.00102939		0.996117		0.00138309		0.00147033		
0.997656		0.00200864		0.000119828		0.000215284		
0.113333		0.405641		0.346667		0.134359		
0.996969		0.00110532		0.00129372		0.000632208		
0.000599851		0.997828		0.000910119		0.000661905		
0.000881364		0.00056221		0.99807		0.000486113		
0.000542864		0.000987225		0.996973		0.00149725		
0.477165		0.0330709		0.462467		0.0272966		
0.0690821		0.475362		0.419324		0.0362319		
0.999426		9.32961e-05		0.000203056		0.000277866		
0.000711456		0.00217972		0.996395		0.000714291		
0.261599		0.0315893		0.667325		0.0394867		
0.33454		0.305214		0.0213613		0.338885		
0.00111929		0.998148		0.000297921		0.000434352		
0.000880332		0.000558377		0.000256603		0.998305		
0.290868		0.265297		0.0273973		0.416438		
0.156203		0.342541		0.331492		0.169764		
0.381057		0.201542		0.380507		0.0368943		
0.343278		0.1852		0.224332		0.247191		
0.163839		0.328506		0.214729		0.292925		
0.000417301		0.00183034		0.00147501		0.996277		
0.997957		0.000875412		0.000807757		0.0003598		
0.454395		0.00608071		0.472637		0.0668878		
0.999133		0.000102759		0.000722656		4.1772e-05		
0.998266		0.000609484		0.000564461		0.00056043		
0.996484		0.00183566		0.000871373		0.000808594		
0.0593963		0.11295		0.480039		0.347614		
0.000908219		0.998902		0.000111498		7.79401e-05		
0.336252		0.0747227		0.157034		0.431991		
5.48465e-05		0.000247608		0.999477		0.000220983		
0.30273		0.0397022		0.602978		0.0545906		
0.0012157		0.996195		0.00141531		0.00117367		
0.34992		0.11236		0.482343		0.0553772		
0.320961		0.125182		0.19869		0.355167		
0.00121126		0.99843		8.65186e-06		0.0003504		
0.000430134		0.997797		7.60603e-05		0.00169693		
0.000353461		0.998938		0.000316422		0.000392617		
0.312566		0.183409		0.265313		0.238712		
0.00093815		0.000164854		0.00029934		0.998598		
0.240783		0.14146		0.335967		0.281791		
0.155998		0.213797		0.123679		0.506526		
0.240915		0.283984		0.17362		0.30148		
0.000802214		0.997902		0.000535449		0.000759993		
0.290148		0.0555756		0.358354		0.295922		
0.0826235		0.584327		0.0153322		0.317717		
0.0155039		0.156589		0.654264		0.173643		
0.997371		0.00135816		0.000761821		0.000508921		
0.00129706		0.000236394		0.997328		0.00113842		
0.553754		0.218018		0.0882883		0.13994		
0.312291		0.276901		0.162602		0.248207		
0.000581817		0.998523		0.000700807		0.000193939		
0.00039712		0.000267772		0.000620264		0.998715		
0.101944		0.261692		0.174987		0.461377		
0.00116448		0.000406669		0.997973		0.00045619		
2.05886e-05		0.996992		0.00145243		0.00153479		
0.306345		0.401515		0.0383523		0.253788		
0.379416		0.0533794		0.310292		0.256912		
0.29973		0.0207021		0.607561		0.0720072		
0.10799		0.257803		0.498752		0.135456		
0.000939453		0.000319922		0.997918		0.000822656		
0.000154637		0.999691		8.54934e-05		6.84629e-05		
0.254505		0.158784		0.358671		0.228041		
0.405858		0.111402		0.15272		0.330021		
0.0012473		0.000302259		0.997391		0.00105982		
0.280259		0.0353026		0.0201729		0.664265		
0.317365		0.060969		0.479586		0.142079		
0.289453		0.0265662		0.31483		0.369151		
0.00114242		5.67664e-06		0.997664		0.00118784		
0.00132867		0.997777		0.000678099		0.00021589		
0.00165567		0.00118231		0.000279216		0.996883		
0.00126993		0.00196095		0.996398		0.000370682		
0.000500198		0.99816		0.00051851		0.000821135		
2.62085e-05		0.00141526		0.997238		0.00132025		
0.236967		0.593997		0.0616114		0.107425		
0.999266		0.000359945		0.000101031		0.000273399		
0.99841		0.000143485		0.000717423		0.000728937		
0.998734		0.000458276		0.00035654		0.000450809		
0.435041		0.211581		0.0653304		0.288048		
0.000494324		0.00106596		0.00216237		0.996277		
0.00127109		0.00139965		0.000747229		0.996582		
0.00163193		0.000485646		0.996176		0.00170664		
0.998352		0.00110893		0.000444031		9.54782e-05		
0.00034325		0.999137		0.000316365		0.000203667		
0.324334		0.32171		0.325459		0.0284964		
0.00131312		0.00063593		0.00114079		0.99691		
0.260014		0.193133		0.266094		0.280758		
0.00102064		0.00215687		0.996129		0.000693583		
0.0808511		0.175532		0.357979		0.385638		
0.297054		0.290233		0.217054		0.195659		
0.410916		0.225079		0.103744		0.260262		
0.00148195		0.000621305		0.996449		0.00144753		
0.117367		0.271546		0.180598		0.430489		
0.998348		0.000582435		0.000529415		0.000540494		
0.000521147		0.998629		0.000818711		3.12359e-05		
0.000508713		0.00101743		0.997848		0.000626205		
0.23769		0.300912		0.331915		0.129483		
0.401302		0.194794		0.165727		0.238178		
0.00012572		0.00018086		0.000283264		0.99941		
0.185959		0.291732		0.226833		0.295476		
0.000617075		0.000604975		0.998453		0.000324825		
0.360281		0.143234		0.455185		0.0413005		
4.31025e-06		1.49229e-05		0.999949		3.15481e-05		
0.99943		0.000251816		7.52671e-05		0.000243229		
0.000664289		0.00231795		0.000424015		0.996594		
0.000136566		0.000176575		0.999531		0.000155609		
0.133634		0.413413		0.0615616		0.391391		
0.999336		0.000478476		7.82838e-05		0.000107303		
0.319225		0.235218		0.313732		0.131826		
0.116349		0.313149		0.356834		0.213668		
0.0716846		0.375149		0.106332		0.446834		
0.999082		0.000517414		0.000291045		0.000109509		
0.252086		0.274045		0.200703		0.273166		
0.236667		0.325238		0.125238		0.312857		
0.000492806		0.99902		1.23459e-05		0.000475316		
0.447416		0.38845		0.14772		0.0164134		
0.491351		0.252973		0.22973		0.0259459		
0.309824		0.270601		0.288953		0.130623		
0.000628393		0.000930659		0.0012886		0.997152		
0.0197905		0.436554		0.228172		0.315483		
0.0884774		0.0144033		0.250343		0.646776		
0.000436995		0.00099611		0.99823		0.000336426		
0.237956		0.257664		0.24635		0.258029		
0.274876		0.304164		0.223712		0.197248		
0.306965		0.251182		0.29688		0.144973		
0.000510306		0.00160857		0.996188		0.00169362		
0.472708		0.335453		0.18442		0.00741918		
0.433769		0.177239		0.126399		0.262593		
0.4181		0.280995		0.0153846		0.28552		
0.00125179		0.000885988		0.996824		0.00103801		
0.230057		0.167475		0.423535		0.178933		
0.00107156		0.000814308		0.997953		0.000161011		
0.0330466		0.35627		0.378904		0.231779		
0.251214		0.346137		0.279029		0.12362		
0.000518923		0.000108891		0.999012		0.000360467		
0.282709		0.0862432		0.410181		0.220867		
0.289043		0.199101		0.198283		0.313573		
0.102706		0.429274		0.095326		0.372694		
0.272428		0.34993		0.33396		0.0436825		
0.00066812		0.997531		0.0013677		0.00043293		
0.496569		0.284734		0.168096		0.0506003		
0.999137		0.000289342		0.000393167		0.000180773		
0.997715		0.000513134		0.0012972		0.00047482		
0.00162938		0.998223		6.19403e-05		8.60283e-05		
0.998121		0.00119028		0.000114771		0.000573853		
0.000749634		0.997254		0.000595705		0.00140075		
0.430998		0.0927105		0.115357		0.360934		
0.469143		0.0644457		0.445112		0.0212998		
0.000137754		0.000289181		2.22837e-05		0.999551		
0.394975		0.0391269		0.384679		0.181219		
0.286552		0.263418		0.191857		0.258174		
0.13127		0.26489		0.369906		0.233934		
0.606832		0.0535834		0.0609511		0.278634		
0.000841864		0.00229661		0.000572468		0.996289		
0.000126523		0.999687		0.000117187		6.87893e-05		
0.00096395		0.00085161		0.996391		0.00179382		
0.996652		0.00184107		0.00148211		2.44751e-05		
0.999445		0.000274536		6.95699e-05		0.000210582		
0.00117954		0.996543		0.000798116		0.00147938		
0.000889078		0.00127011		0.00156737		0.996273		
0.998844		0.000333424		0.000355526		0.000467299		
0.000833225		0.997332		0.00083911		0.000995634		
0.429107		0.212992		0.00374766		0.354154		
0.00232873		3.198e-05		0.000299449		0.99734		
0.339135		0.0372949		0.233217		0.390353		
0.125648		0.310017		0.310449		0.253886		
0.000269778		0.000535261		0.000159805		0.999035		
0.000573342		0.000934474		0.00116406		0.997328		
0.242647		0.273977		0.229859		0.253517		
0.38946		0.359089		0.23582		0.015632		
0.00198213		0.99627		0.00144746		0.000300877		
0.293997		0.502046		0.18281		0.021146		
0.372123		0.00383632		0.497442		0.126598		
3.18335e-05		0.999887		6.94027e-05		1.20451e-05		
0.0878412		0.440695		0.172705		0.298759		
9.46929e-05		0.000218817		0.999406		0.00028024		
0.323171		0.152439		0.513211		0.0111789		
0.00111287		0.000960646		0.000246793		0.99768		
0.352231		0.279444		0.0051207		0.363204		
0.42329		0.289279		0.275416		0.0120148		
0.000200945		0.000134565		0.999273		0.000391052		
0.357687		0.251457		0.321381		0.0694756		
0.337349		0.256899		0.0940536		0.311698		
0.466631		0.0635344		0.234917		0.234917		
0.997047		0.00106381		0.00098613		0.000903185		
0.999758		7.43744e-05		0.000106384		6.14295e-05		
0.998637		0.00035531		0.000396259		0.000611713		
0.248207		0.342898		0.25538		0.153515		
0.329066		0.127336		0.258131		0.285467		
0.258513		0.295923		0.304077		0.141487		
0.251422		0.225256		0.488623		0.0346985		
0.000250169		0.999238		0.00025122		0.00026033		
0.000396064		0.0018747		0.0012058		0.996523		
0.297204		0.212043		0.412043		0.0787097		
0.000711674		0.997352		0.000997032		0.000939731		
0.000781364		0.000304773		0.000882614		0.998031		
0.307659		0.291216		0.0739939		0.327131		
0.000374481		0.0018676		0.00122667		0.996531		
0.174112		0.328934		0.479188		0.0177665		
0.149853		0.128614		0.171091		0.550442		
0.135288		0.0797325		0.345679		0.4393		
0.276932		0.348562		0.174281		0.200226		
0.0162287		0.293663		0.590417		0.0996909		
7.63262e-06		0.99998		1.64077e-06		1.02579e-05		
0.244014		0.250637		0.243505		0.261844		
0.50137		0.0575342		0.429452		0.0116438		
0.360583		0.21206		0.388102		0.0392554		
0.160099		0.253816		0.299965		0.28612		
0.000582964		0.000260346		0.999148		8.25303e-06		
0.00150916		0.000862376		0.000284716		0.997344		
1.55213e-05		4.18246e-05		5.15403e-06		0.999938		
0.000376401		0.998699		0.000341967		0.000582413		
0.340932		0.261905		0.0222898		0.374873		
0.000537786		0.999211		8.62313e-05		0.000165045		
0.0707002		0.212101		0.652617		0.0645819		
0.164906		0.211244		0.33322		0.29063		
0.0979992		0.228256		0.290323		0.383422		
0.000362084		0.999344		6.57132e-05		0.000228453		
2.2573e-05		3.6501e-05		1.12385e-05		0.99993		
0.000296669		0.000540648		0.998781		0.000381432		
0.000946734		0.000893754		0.996469		0.00169076		
0.412665		0.24913		0.232429		0.105776		
0.187371		0.272478		0.404255		0.135896		
0.999648		1.94637e-05		3.31491e-05		0.00029895		
0.301326		0.162307		0.35507		0.181297		
0.218268		0.192967		0.292453		0.296312		
0.000356441		0.00200972		0.000743216		0.996891		
0.000178571		0.000614769		0.999062		0.000144159		
0.323135		0.378422		0.274289		0.0241546		
0.000284877		0.00243322		0.996375		0.000906903		
0.0014154		0.996395		0.0011932		0.000996869		
0.000232958		0.996766		0.00132079		0.00168063		
0.996754		0.000568853		0.00172835		0.000948895		
0.000553619		0.000181504		0.999137		0.000128159		
0.000379235		0.998418		0.000816958		0.000385838		
0.366495		0.155795		0.144064		0.333646		
0.000543276		2.34749e-05		0.000659812		0.998773		
0.167857		0.697321		0.102679		0.0321429		
0.999293		0.000237473		0.000290202		0.000179356		
0.998496		0.000538668		0.00059434		0.000370898		
1.03103e-05		1.42647e-05		0.999965		1.05812e-05		
0.00163146		0.00160054		0.000100034		0.996668		
0.0304976		0.544141		0.18138		0.243981		
0.000597688		0.998043		0.00111604		0.000243307		
0.0604961		0.579552		0.289776		0.0701754		
0.000213255		0.997574		0.000932993		0.00127953		
0.270972		0.281502		0.22815		0.219375		
0.255488		0.235871		0.123774		0.384867		
0.0015991		0.996266		0.00179987		0.000335409		
0.000128704		0.00010214		0.000163687		0.999605		
3.3211e-05		4.93718e-05		1.50735e-05		0.999902		
0.000972925		0.996168		0.00124972		0.00160939		
0.294942		0.414786		0.105837		0.184436		
0.000428409		0.998781		0.000341477		0.000448864		
0.999629		0.0001925		0.000173031		5.56243e-06		
0.0671693		0.0178204		0.612063		0.302947		
0.000511083		0.000201743		0.000240299		0.999047		
0.00180575		0.00171872		0.000299749		0.996176		
0.00205188		0.000228403		0.996297		0.00142284		
0.996672		0.0014631		0.000470545		0.00139448		
0.000934991		0.997762		0.000967548		0.000335742		
0.000865052		0.24827		0.351211		0.399654		
0.11976		0.649701		0.196108		0.0344311		
0.999242		0.000346095		6.38253e-05		0.000347893		
0.00133263		0.000661442		0.000173893		0.997832		
0.00113506		0.996281		0.00168719		0.000896502		
0.347899		0.334454		0.241176		0.0764706		
0.000214178		0.000443586		0.000850048		0.998492		
0.000826465		0.000907095		0.000180503		0.998086		
0.997016		0.00125547		0.000821593		0.000907313		
0.246626		0.273279		0.223684		0.25641		
0.308748		0.129217		0.1498		0.412236		
0.00141796		0.000705814		0.00114576		0.99673		
0.0268542		0.163683		0.244246		0.565217		
0.262376		0.360561		0.363449		0.0136139		
0.00123806		0.997074		0.00159093		9.67867e-05		
0.521358		0.0350493		0.250274		0.193319		
0.00145428		0.000878582		0.000335107		0.997332		
0.279882		0.239059		0.307969		0.173089		
0.997848		1.87814e-05		0.000441362		0.0016922		
0.000291365		0.000733571		0.998172		0.000803189		
0.000543837		0.000404972		0.000449629		0.998602		
0.999941		2.98881e-05		1.36596e-05		1.5046e-05		
0.00180751		0.00104036		0.996707		0.000445094		
0.000856035		0.997262		0.00122217		0.000660075		
0.356283		0.320542		0.257713		0.0654628		
0.206711		0.481879		0.0885906		0.222819		
0.000773495		0.000409497		0.00191857		0.996898		
0.000516033		0.998059		0.000668717		0.000756656		
0.000419624		0.998953		0.000529448		9.7803e-05		
1.64096e-06		8.9341e-05		3.79243e-05		0.999871		
0.261905		0.43323		0.188406		0.11646		
0.395455		0.473295		0.0659091		0.0653409		
0.183498		0.149835		0.582838		0.0838284		
0.00119679		0.00159897		0.000212058		0.996992		
0.269206		0.259683		0.0330159		0.438095		
0.996223		0.00152195		0.000753109		0.00150229		
0.233592		0.195679		0.206278		0.364452		
0.0009552		0.000793276		0.997301		0.000950743		
0.00101966		0.000952621		0.00103553		0.996992		
0.000132702		0.0002789		0.999234		0.000354023		
0.290351		0.100439		0.292105		0.317105		
0.000518016		0.000792882		0.000259415		0.99843		
0.148721		0.333109		0.125168		0.393001		
0.997188		0.000462557		0.00107887		0.00127107		
0.129229		0.314953		0.241204		0.314614		
0.20339		0.509605		0.0548023		0.232203		
0.380471		0.241302		0.359147		0.0190797		
0.000201698		0.00101229		0.000657103		0.998129		
0.99748		0.00137271		0.000586443		0.000560379		
0.298172		0.341421		0.311181		0.0492264		
0.000248585		0.999344		0.000186439		0.000221225		
0.471487		0.167515		0.0529532		0.308045		
0.0504997		0.336139		0.310889		0.302472		
0.0464692		0.330296		0.242825		0.38041		
0.00121921		0.00102288		6.25965e-05		0.997695		
6.79378e-05		0.999836		6.00679e-05		3.60568e-05		
0.150567		0.109112		0.37896		0.361361		
0.193277		0.245637		0.523594		0.0374919		
0.000164376		0.00263324		0.996867		0.000335198		
0.000861583		0.00111418		0.000766428		0.997258		
0.353785		0.24097		0.0301831		0.375062		
0.157351		0.307412		0.346294		0.188943		
0.361123		0.119098		0.346661		0.173118		
0.109736		0.320203		0.557119		0.0129432		
0.582844		0.0434783		0.317274		0.0564042		
0.997676		0.000919183		0.000313835		0.0010912		
0.000886766		0.00134811		0.99627		0.00149559		
0.152507		0.252089		0.272981		0.322423		
0.0127932		0.148188		0.517058		0.321962		
0.00144304		0.00044702		0.996516		0.00159431		
0.000145422		0.000228478		0.999391		0.000235475		
0.258418		0.249804		0.245106		0.246672		
0.000675302		0.00135544		0.997031		0.000938009		
0.398291		0.0769231		0.0837607		0.441026		
0.275019		0.158636		0.371386		0.194959		
0.000579994		0.00195896		0.000207141		0.997254		
0.000268527		0.000304125		0.999371		5.62544e-05		
0.00121773		0.00165327		0.99616		0.000968849		
0.00132247		0.000280921		0.997715		0.000681768		
0.000174931		0.000770163		0.000730687		0.998324		
0.0625252		0.402985		0.29044		0.24405		
0.00100975		0.997051		0.00183274		0.000106722		
0.000636788		0.998539		0.000186138		0.000638012		
0.00108993		0.996328		0.000612965		0.00196898		
0.00129606		0.997164		0.000433732		0.00110614		
0.000165633		0.999555		2.85749e-05		0.000251105		
0.000911326		0.998266		0.000373877		0.000449172		
0.996781		0.000254536		0.00224249		0.000721722		
0.209537		0.110813		0.0980524		0.581598		
0.000231921		0.000146939		0.999434		0.000187546		
0.996945		0.00138444		9.08641e-05		0.00157938		
0.180794		0.256087		0.33679		0.22633		
0.998488		0.00059186		0.000172118		0.000747741		
0.000115227		0.998984		0.00058429		0.000316108		
0.000683444		0.00123695		0.99691		0.00116945		
0.000795493		0.997918		0.000744603		0.000541935		
0.00152013		0.00154406		0.996914		2.17473e-05		
0.215395		0.256792		0.260026		0.267788		
0.166581		0.296029		0.114492		0.422898		
0.000292824		8.95769e-05		0.000191818		0.999426		
0.135673		0.240955		0.294501		0.328871		
0.382114		0.40271		0.21355		0.00162602		
0.188039		0.0339088		0.366831		0.411221		
0.998906		7.62727e-06		0.000529332		0.00055679		
0.26005		0.39866		0.211893		0.129397		
0.299606		0.18449		0.224477		0.291427		
0.000254072		0.998172		0.00074832		0.000825733		
0.216414		0.371848		0.248051		0.163686		
0.000888556		0.997672		0.000372208		0.00106736		
0.272073		0.303263		0.303743		0.120921		
0.346909		0.0407257		0.338393		0.273973		
0.200614		0.319524		0.158803		0.321059		
0.000617369		0.000148205		0.998457		0.000777394		
0.996195		0.00163874		0.00151122		0.000654734		
0.000150801		0.998902		0.000778654		0.000168201		
0.997961		0.000712233		0.000472767		0.000854063		
0.324324		0.165687		0.283196		0.226792		
0.997379		0.000772551		0.00172473		0.000123817		
0.0857267		0.250218		0.406005		0.25805		
0.244131		0.314554		0.320255		0.12106		
0.194326		0.424586		0.145154		0.235934		
0.0206107		0.146565		0.177863		0.654962		
0.095537		0.0983264		0.441423		0.364714		
0.142059		0.262226		0.29483		0.300885		
0.234734		0.334259		0.222839		0.208168		
0.437008		0.110674		0.318023		0.134296		
0.441771		0.345525		0.104427		0.108277		
0.997508		0.0013115		0.000383811		0.00079688		
0.99859		0.000776796		0.00020392		0.000429441		
0.000113281		7.7567e-05		0.999406		0.000402902		
0.997262		0.00131331		0.00110255		0.000322428		
0.998594		0.0009		8.4375e-05		0.000421875		
0.359003		0.210526		0.00775623		0.422715		
0.000718878		0.998137		0.000843527		0.000300876		
0.145286		0.431221		0.0293663		0.394127		
8.49597e-05		0.000246976		0.00043369		0.999234		
0.000218153		0.998816		0.000769336		0.000196105		
0.262394		0.322592		0.152266		0.262748		
0.0005916		0.998266		0.000269178		0.000873597		
0.357454		0.144725		0.458588		0.0392328		
0.356571		0.308571		0.150476		0.184381		
0.337789		0.297286		0.321183		0.0437424		
0.376729		0.141154		0.33381		0.148307		
0.293097		0.212255		0.166851		0.327796		
0.121688		0.365554		0.0839058		0.428852		
0.417942		0.149868		0.26438		0.16781		
0.335027		0.236904		0.191947		0.236122		
0.30772		0.159505		0.300437		0.232338		
0.99916		0.000105454		0.000494821		0.000239569		
8.54055e-06		0.000128535		0.999762		0.000101205		
0.0345865		0.571429		0.107519		0.286466		
0.000874461		0.00180774		0.000360764		0.996957		
0.146931		0.336394		0.444659		0.0720155		
0.168096		0.238422		0.0566038		0.536878		
0.217066		0.217066		0.26759		0.298278		
0.000799875		0.997137		0.000875795		0.00118761		
7.79512e-05		0.999676		0.000116105		0.000130162		
0.000364426		0.000137519		0.996645		0.00285352		
0.320975		0.327321		0.214429		0.137275		
0.0128449		0.344434		0.353473		0.289248		
3.47127e-06		0.996836		0.00155339		0.0016072		
0.000226032		0.999148		0.000429724		0.000195807		
0.18262		0.228589		0.2733		0.315491		
0.216346		0.216747		0.288462		0.278446		
3.57662e-05		0.999797		7.05876e-05		9.67712e-05		
0.298119		0.156778		0.168837		0.376266		
0.998625		0.000394108		2.18949e-06		0.000978702		
0.24928		0.394813		0.270893		0.0850144		
0.997113		0.000111227		0.00162701		0.00114848		
0.25612		0.179759		0.289003		0.275119		
0.200785		0.308297		0.440844		0.0500736		
0.108095		0.389724		0.183713		0.318468		
0.035854		0.011734		0.333116		0.619296		
0.112964		0.457235		0.253362		0.176439		
0.395643		0.163036		0.306395		0.134926		
0.000372313		0.998543		0.000370165		0.000714554		
0.000418473		0.000510537		0.998914		0.000156927		
0.00043554		0.997902		0.000108297		0.00155382		
0.344188		0.364256		0.246498		0.0450587		
0.312665		0.527045		0.135884		0.0244063		
0.388855		0.351908		0.249546		0.0096911		
0.00065853		0.996359		0.00237221		0.000609889		
0.223619		0.340952		0.144762		0.290667		
0.998684		0.000536649		0.000226298		0.00055346		
0.00084654		0.000717228		0.00102998		0.997406		
0.0395034		0.0846501		0.841986		0.03386		
0.000330142		0.000175153		0.999383		0.000111892		
0.0569106		0.329638		0.12269		0.490761		
0.440686		0.381863		0.0617647		0.115686		
0.000468655		0.000292909		0.998797		0.000441561		
0.369207		0.165454		0.205285		0.260054		
0.00115399		0.997613		0.000841732		0.000390998		
0.00110927		0.000355135		0.00168793		0.996848		
0.248557		0.297619		0.241703		0.212121		
0.999422		0.000233659		0.000275212		6.92546e-05		
0.00139586		0.00104539		0.996652		0.000906405		
0.000229971		0.000308935		0.999203		0.00025797		
0.318021		0.0800942		0.600707		0.00117786		
0.027592		0.134615		0.234114		0.603679		
0.000889512		0.000298514		0.996285		0.00252682		
0.379123		0.397912		0.173695		0.0492693		
0.344332		0.15487		0.279936		0.220862		
0.0009454		0.000762015		0.000230085		0.998062		
0.000266028		0.999652		2.40775e-05		5.75512e-05		
0.997371		0.00103913		0.000680397		0.000909377		
0.999703		9.67243e-05		0.000149885		5.02662e-05		
0.0814696		0.281949		0.0407348		0.595847		
0.452184		0.328358		0.0442233		0.175235		
0.997074		0.000492309		0.000410257		0.00202322		
0.311099		0.20651		0.345251		0.13714		
0.383562		0.0938759		0.300161		0.222401		
0.278825		0.195794		0.361856		0.163524		
0.250972		0.0871738		0.551916		0.109939		
0.996824		0.00170835		0.000474542		0.000992888		
0.00220994		0.552486		0.123757		0.321547		
0.31448		0.306787		0.241176		0.137557		
0.277619		0.307956		0.191185		0.22324		
0.16045		0.327234		0.193174		0.319141		
0.00238663		0.49642		0.26253		0.238663		
0.0176471		0.372727		0.334225		0.275401		
0.188751		0.300207		0.283644		0.227398		
0.127286		0.253137		0.301183		0.318394		
0.416311		0.386994		0.134861		0.0618337		
0.996859		0.0018302		0.000863855		0.000446569		
0.172899		0.291404		0.0947062		0.440991		
0.348767		0.3638		0.229705		0.057727		
0.316417		0.108311		0.255109		0.320163		
0.0490798		0.471449		0.316659		0.162813		
0.000448398		0.000671503		0.00064963		0.99823		
0.36948		0.28028		0.337997		0.0122431		
0.998121		0.000961356		0.000461735		0.000455815		
0.996113		0.00280726		0.000915702		0.000163757		
4.91139e-05		2.38128e-05		0.99991		1.6917e-05		
0.517566		0.0345044		0.292346		0.155583		
0.000369345		0.00048911		0.000653264		0.998488		
0.409941		0.317757		0.0203908		0.251912		
0.000338415		0.000872112		0.00050041		0.998289		
0.0461538		0.384615		0.504615		0.0646154		
0.997477		0.000852836		0.000489384		0.00118122		
0.000178305		0.999508		0.000159993		0.00015389		
0.998242		0.000659667		0.000404375		0.000693771		
0.164234		0.285128		0.235401		0.315237		
0.000510698		0.000853955		0.997445		0.00119003		
0.178998		0.645585		0.0966587		0.0787589		
0.346586		0.0743686		0.173527		0.405519		
0.998687		0.000539513		0.000351788		0.000421199		
0.00028011		0.99952		7.85722e-05		0.000121787		
0.000943451		0.997203		0.000563027		0.0012904		
0.181629		0.0810474		0.347049		0.390274		
0.000440919		0.00175566		0.996422		0.00138155		
0.251923		0.177885		0.277404		0.292788		
7.64924e-06		2.03052e-05		6.18893e-05		0.99991		
0.000936808		0.000848855		0.000940899		0.997273		
0.999465		0.000169979		0.000189868		0.00017531		
0.996617		0.00155246		0.000598539		0.00123181		
2.7759e-05		0.00011176		0.999637		0.000223762		
0.000146539		0.00042088		0.999133		0.000299769		
0.00119227		0.000320104		0.00141341		0.997074		
0.000583789		0.00111494		0.000789551		0.997512		
0.999488		0.000346987		5.60788e-05		0.000108653		
0.353896		0.117424		0.112554		0.416126		
0.20488		0.35549		0.107278		0.332352		
0.348031		0.232283		0.170472		0.249213		
0.13303		0.124594		0.23037		0.512005		
0.293731		0.148994		0.38661		0.170666		
0.300874		0.212859		0.145443		0.340824		
0.056		0.123692		0.419692		0.400615		
0.00129442		0.000801547		0.997207		0.000696998		
0.280402		0.437688		0.18593		0.0959799		
0.00240925		0.000245253		0.000966587		0.996379		
0.286435		0.169085		0.360883		0.183596		
0.000786357		0.996434		0.0019328		0.000847253		
0.000749397		0.000438671		0.000421307		0.998391		
0.000228079		0.000258538		0.999398		0.000114946		
0.000177934		0.999		0.000632653		0.000189413		
0.998984		0.000151263		0.000864362		0		
0.252602		0.106085		0.269816		0.371497		
