0.999262		0.000206421		0.000513264		1.85965e-05		
0.197494		0.318718		0.355932		0.127856		
0.000313144		0.000757486		0.000882496		0.998047		
0.263211		0.281843		0.317751		0.137195		
0.000778398		0.998086		0.000665479		0.000470186		
0.374135		0.163062		0.287197		0.175606		
0.141751		0.570578		0.013103		0.274568		
0.264697		0.232766		0.251268		0.251268		
0.000896841		0.00222197		0.000373379		0.996508		
0.996906		0.00108511		0.00127037		0.000738265		
8.78906e-05		0.99959		0.000160341		0.000161925		
0.996773		0.00186741		0.000946186		0.000412964		
0.649718		0.0819209		0.240113		0.0282486		
0.00030963		0.000981369		0.0023301		0.996379		
0.29289		0.0926778		0.307393		0.307039		
0.00013489		9.72844e-05		0.99948		0.000287357		
0.191134		0.248332		0.284557		0.275977		
0.157598		0.373734		0.236773		0.231895		
0.232911		0.24771		0.207541		0.311839		
0.000326693		0.000217795		0.000361762		0.999094		
0.000186716		0.000118797		0.99966		3.43301e-05		
0.00139063		0.00145261		0.996832		0.000324729		
0.00123575		0.000716784		0.99791		0.000137306		
0.000457706		0.00164513		0.996383		0.00151435		
0.996238		0.000313916		0.00177007		0.00167774		
0.000354271		0.000374904		7.94189e-05		0.999191		
0.399708		0.179163		0.063778		0.357352		
0.997602		0.000910498		0.000732075		0.000755865		
0.000141607		0.997125		0.00135272		0.00138067		
0.328008		0.252122		0.00998502		0.409885		
0.30307		0.200877		0.386404		0.109649		
0.106557		0.421013		0.0670641		0.405365		
0.998211		0.000553367		0.000895704		0.000339992		
0.00302793		0.000473251		0.000241007		0.996258		
0.000876719		0.997906		0.000521459		0.000695572		
0.467312		0.296368		0.232446		0.00387409		
0.00134001		0.00119985		0.997215		0.000245296		
0.000661801		0.998437		0.000330901		0.000569798		
0.00188251		0.997191		7.6837e-05		0.000849251		
0.169582		0.257414		0.352852		0.220152		
0.00213529		0.000462928		0.99659		0.000811942		
0.128886		0.0705959		0.275907		0.524611		
0.431586		0.229408		0.31518		0.0238257		
0.132146		0.191798		0.409279		0.266777		
0.00095831		0.000230797		0.00161558		0.997195		
0.183718		0.270627		0.332233		0.213421		
2.6092e-05		5.97348e-05		1.18295e-05		0.999902		
0.00147108		0.000523195		0.00121276		0.996793		
0.00151819		0.997258		0.000588398		0.000635596		
0.00935065		0.487792		0.0119481		0.490909		
0.000662872		0.000769022		0.000575919		0.997992		
0.0935697		0.259687		0.376752		0.269992		
0.263357		0.334876		0.0652082		0.336559		
0.130246		0.02822		0.449349		0.392185		
0.302965		0.273315		0.251752		0.171968		
0.000342245		0.00142359		0.99673		0.00150369		
5.54555e-05		0.99982		8.05046e-05		4.37273e-05		
0.084392		0.258167		0.280399		0.377042		
0.335377		0.147986		0.151926		0.364711		
0.000604437		0.00122061		0.00105776		0.997117		
0.402847		0.0247525		0.269802		0.302599		
0.0011071		0.000435889		0.000894508		0.997563		
0.0714286		0.263466		0.637002		0.028103		
0.0830272		0.471712		0.436444		0.00881705		
0.996355		0.00144806		0.00195756		0.000238906		
0.262598		0.130374		0.21914		0.387887		
0.000822735		0.000922524		0.00026646		0.997988		
0.00067283		0.997273		0.000466175		0.00158756		
0.436944		0.192046		0.214024		0.156986		
0.000214968		0.998613		0.0011277		4.40508e-05		
0.000228773		2.34639e-05		0.00148214		0.998266		
0.999207		0.000354715		0.000363462		7.47919e-05		
0.000111799		0.99968		0.000107658		0.000100856		
0.00140964		0.00012172		0.00123035		0.997238		
0.000252155		0.00131265		0.000138325		0.998297		
0.997551		0.000174023		0.000625195		0.00165		
0.0217507		0.243501		0.282759		0.451989		
0.999781		8.06682e-05		0.000108819		2.92631e-05		
0.226241		0.202128		0.104965		0.466667		
0.000531358		1.64184e-05		0.999133		0.000319412		
0.416065		0.139892		0.1963		0.247744		
0.00223652		0.000839386		0.996816		0.000107684		
0.119422		0.560025		0.165933		0.15462		
0.998668		3.8058e-05		0.000763112		0.000530861		
0.000625712		0.00185505		0.996367		0.00115205		
0.198612		0.203239		0.293868		0.304281		
0.0991487		0.346019		0.372058		0.182774		
0.374408		0.452945		0.0548409		0.117806		
0.493902		0.401423		0.0538618		0.050813		
0.294983		0.21237		0.394896		0.0977509		
0.0824176		0.330093		0.291631		0.295858		
0.00130201		0.000442925		0.000477717		0.997777		
0.996559		0.00149399		0.00143004		0.000517374		
0.000268511		0.000382789		0.998953		0.000395575		
0.284257		0.289116		0.296404		0.130224		
0.255984		0.413288		0.296043		0.0346849		
0.173201		0.451141		0.248683		0.126975		
0.332005		0.243028		0.0212483		0.403718		
1.21237e-05		0.999625		0.000224498		0.000138378		
0.0291404		0.324429		0.376882		0.269548		
0.309493		0.217599		0.328132		0.144777		
0.22852		0.192058		0.32491		0.254513		
0.997859		0.000506253		0.00134183		0.00029254		
0.000684233		6.9717e-05		0.000476519		0.99877		
9.18828e-05		0.999508		0.000247557		0.000152748		
0.421374		0.128244		0.247328		0.203053		
0.998305		0.00107873		7.49742e-05		0.000541605		
0.999516		0.000120874		0.000279594		8.39075e-05		
0.000157493		0.000128231		0.999531		0.000183027		
0.164634		0.213884		0.197467		0.424015		
0.00029931		0.996699		0.00156771		0.00143376		
0.999941		7.86202e-06		2.99314e-05		2.08003e-05		
0.153558		0.302349		0.271706		0.272387		
0.00102844		0.00125324		0.997066		0.00065191		
0.00130192		0.000507268		0.996441		0.0017494		
0.301219		0.506674		0.170633		0.0214742		
8.37839e-05		4.10902e-05		0.999832		4.30946e-05		
0.000267756		0.000415483		0.998527		0.000789418		
4.94139e-05		0.00223816		0.00154055		0.996172		
0.00048936		0.00108496		0.996539		0.00188661		
0.235977		0.0338491		0.276596		0.453578		
0.256264		0.317768		0.274867		0.151101		
0.999477		0.000124603		0.000229769		0.000169066		
7.50649e-05		0.999832		3.32052e-05		5.96987e-05		
0.172781		0.243787		0.127811		0.455621		
0.288679		0.340566		0.0259434		0.344811		
0.000781734		0.998273		0.00069175		0.000253079		
0.000704719		0.000662913		0.00194096		0.996691		
0.129973		0.404509		0.0736074		0.39191		
0.00184929		0.000345788		0.00156273		0.996242		
0.306259		0.09699		0.475872		0.120879		
0.159226		0.132754		0.37416		0.33386		
0.999664		0.000189406		0.000104413		4.21183e-05		
0.999527		0.000339054		0.00011496		1.86422e-05		
0.000250992		0.00141379		0.00130006		0.997035		
0.000399078		0.999004		0.000573955		2.30607e-05		
0.247657		0.154415		0.184509		0.413419		
0.999145		0.000267047		0.000206215		0.000382206		
0.000842905		0.997242		0.000804002		0.00111091		
0.27309		0.173033		0.283067		0.27081		
0.0302336		0.442052		0.380669		0.147045		
0.00112738		0.00105168		0.996848		0.000973279		
0.0600943		0.357423		0.298115		0.284368		
0.375929		0.122677		0.374535		0.126859		
0.00134597		0.000725694		0.000678333		0.99725		
0.0694327		0.370025		0.417443		0.143099		
0.998211		0.000781767		0.000856627		0.000150668		
0.534783		0.210145		0.0833333		0.171739		
0.0150637		0.201622		0.300695		0.482619		
0.294029		0.372137		0.161848		0.171986		
0.330757		0.356002		0.268934		0.0443071		
0.996266		0.00159379		0.000529849		0.00161074		
0.000101079		0.998133		0.000707554		0.00105855		
0.23406		0.057047		0.646812		0.0620805		
0.000147469		0.000147002		0.999535		0.000170373		
0.311413		0.141345		0.506425		0.0408163		
0.997871		0.000244976		0.00108613		0.000797798		
0.290951		0.3471		0.313225		0.0487239		
0.000172042		8.44724e-05		0.999539		0.000204423		
0.163006		0.308285		0.319846		0.208863		
0.000149362		0.000525178		0.00112624		0.998199		
0.34101		0.253343		0.402675		0.00297177		
0.000924029		0.997441		0.00082729		0.000807275		
0.0827286		0.455249		0.151427		0.310595		
0.000523497		0.00140977		0.996391		0.00167611		
0.000173146		0.000156906		0.000205104		0.999465		
0.350861		0.0634633		0.406165		0.17951		
0.000482713		0.000804791		0.998664		4.84328e-05		
0.996699		0.00143395		0.000153315		0.00171352		
0.00110345		0.00140586		0.997426		6.49087e-05		
0.000349562		0.000508948		0.997383		0.00175868		
0.998375		0.000745073		0.000410464		0.000469463		
0.000359976		0.00047978		0.000140713		0.99902		
0.185302		0.0493438		0.496063		0.269291		
0.283965		0.196501		0.276385		0.243149		
0.00140883		0.996957		0.0012805		0.000353635		
0.0684254		0.0783182		0.44188		0.411377		
0.000119146		0.000900446		0.998359		0.000621033		
0.000712987		0.00062808		0.998082		0.000576903		
0.000902006		0.996727		0.00116761		0.00120382		
0.999629		2.37103e-05		0.000166891		0.000180492		
0.0583942		0.040146		0.0255474		0.875912		
0.996621		0.00222649		0.000665987		0.000486432		
0.000655771		0.996902		0.00161527		0.000826617		
0.000140945		0.00101609		0.000530467		0.998313		
0.996707		0.00052967		0.00220884		0.000554463		
0.408493		0.224628		0.224204		0.142675		
0.204313		0.139614		0.431328		0.224745		
0.00230106		0.996234		0.000309812		0.00115475		
0.205366		0.124355		0.242002		0.428277		
0.00286847		0.000229733		0.000542424		0.996359		
0.418147		0.0951777		0.388959		0.0977157		
0.0854392		0.410349		0.481949		0.0222623		
0.00063759		0.000548812		0.998437		0.000376098		
0.19346		0.36123		0.175165		0.270144		
0.997301		0.000643153		0.00104323		0.00101284		
0.071908		0.214765		0.627037		0.0862895		
0.0834225		0.376471		0.0197861		0.520321		
0.000134561		2.60883e-05		0.000120601		0.999719		
0.000358492		0.000608662		3.67519e-05		0.998996		
0.225659		0.058992		0.46449		0.250859		
0.172043		0.330108		0.414516		0.0833333		
0.353715		0.0572343		0.276929		0.312122		
0.996738		0.0010398		0.000624206		0.00159771		
0.00318201		0.000313789		0.996195		0.000308886		
0.620621		0.00800801		0.266266		0.105105		
0.000437105		0.998559		0.000514639		0.000489662		
0.999563		0.000178535		3.8953e-05		0.000220012		
0.422451		0.27078		0.197943		0.108826		
0.421053		0.294935		0.197617		0.0863952		
0.0467662		0.236816		0.461692		0.254726		
0.43621		0.276337		0.167284		0.120169		
0.000637858		0.0024036		0.000618695		0.99634		
0.152661		0.0340803		0.375817		0.437442		
0.000666158		0.996906		0.00162657		0.000801024		
0.308098		0.293515		0.166925		0.231461		
0.00217757		0.00077379		0.996969		7.98899e-05		
0.223433		0.209128		0.245572		0.321866		
0.145992		0.39313		0.459447		0.0014313		
0.225246		0.468442		0.254777		0.0515345		
0.192739		0.134544		0.1874		0.485318		
0.997281		0.000742011		0.00116434		0.000812399		
0.998605		0.00066096		0.000504881		0.00022869		
0.00123013		0.000593171		0.997227		0.000950135		
0.462317		0.0809899		0.285714		0.170979		
0.0373377		0.195617		0.150974		0.616071		
0.000749887		0.997902		0.000539845		0.000807925		
0.00127546		0.000370968		0.00121294		0.997141		
0.00167048		0.996746		0.00147732		0.000106106		
0.996129		0.0019987		0.00151155		0.000360848		
0.00220344		0.996461		0.000498316		0.000837307		
0.998652		0.000874759		0.000322707		0.000150191		
0.000786233		0.000869648		0.00159021		0.996754		
0.000238448		2.96809e-05		0.999523		0.000208434		
0.181081		0.523243		0.116216		0.179459		
0.998457		0.000554496		0.000457176		0.000531297		
0.000874414		0.99841		0.000575523		0.000139906		
0.550199		0.081679		0.294952		0.0731707		
0.190828		0.198735		0.354771		0.255667		
0.321615		0.40191		0.18967		0.0868056		
0.180401		0.184855		0.420935		0.213808		
0.999086		0.000617868		0.000110197		0.000185997		
0.170437		0.354449		0.205128		0.269985		
0.23779		0.200961		0.271817		0.289432		
0.0282258		0.0678763		0.313172		0.590726		
0.000499393		0.997816		0.00108607		0.000598127		
0.0804067		0.330407		0.271257		0.31793		
0.154951		0.255534		0.320777		0.268738		
0.0526316		0.520243		0.0121457		0.41498		
0.318277		0.138655		0.184874		0.358193		
0.297134		0.10181		0.395173		0.205882		
0.0473474		0.245294		0.226469		0.48089		
0.000381595		0.999406		0.000129571		8.25839e-05		
0.329301		0.0456989		0.266129		0.358871		
0.99825		0.000819064		0.000210759		0.000720177		
0.00104217		0.00113586		0.99677		0.00105244		
0.371945		0.0459433		0.486315		0.0957967		
0.000456819		0.000954103		0.000120328		0.998469		
0.378887		0.200768		0.102111		0.318234		
0.00720165		0.187243		0.386317		0.419239		
0.000778182		0.00112404		0.99777		0.000328246		
0.00117859		0.00131062		0.996617		0.000893603		
0.999371		2.37731e-05		0.000391175		0.000213958		
0.999402		0.000239327		0.000185115		0.000173215		
0.169393		0.0395778		0.429551		0.361478		
0.00108847		1.0159e-05		0.997543		0.00135841		
0.997797		0.0011743		1.22688e-05		0.00101656		
0.00119668		0.000799387		0.000199247		0.997805		
0.000150441		0.000284618		0.999367		0.000197754		
0.223199		0.293497		0.1942		0.289104		
0.00155602		0.00115165		0.000831389		0.996461		
0.000625432		0.997484		0.000759784		0.00113041		
0.99834		0.000527948		0.000417375		0.000714833		
0.0473269		0.459246		0.444347		0.0490798		
0.00102551		0.00108968		0.000341837		0.997543		
0.000234035		0.000254156		0.999172		0.000339934		
0.446527		0.367459		0.00731261		0.178702		
0.374401		0.206791		0.141489		0.277318		
0.187533		0.0913893		0.351294		0.369783		
0.126162		0.13745		0.655378		0.0810093		
0.496991		0.262253		0.0619089		0.178848		
0.000402768		5.39904e-06		0.998887		0.000705114		
9.373e-05		0.998695		0.000606734		0.000604223		
0.0927214		0.184979		0.2828		0.439499		
0.0708702		0.319437		0.237103		0.37259		
0.0125104		0.586322		0.231026		0.170142		
0.343547		0.16264		0.11373		0.380082		
0.288562		0.120915		0.3		0.290523		
0.00081352		0.000958239		0.997637		0.000591523		
0.996551		0.00139379		0.000496232		0.0015592		
0.00107956		0.0014314		0.000598419		0.996891		
0.163455		0.429693		0.289793		0.117059		
0.000860171		0.997656		0.000906873		0.000576706		
0.000934304		0.00108559		0.997172		0.000808236		
0.000544463		0.997859		0.000670109		0.000926053		
0.00108896		5.98541e-05		0.997469		0.00138244		
0.000410682		0.996949		0.00160501		0.00103509		
0.00118505		0.000618485		0.000590997		0.997605		
0.271619		0.268717		0.381312		0.0783517		
0.000503813		0.997711		0.00152969		0.000255557		
0.237535		0.259523		0.266027		0.236915		
0.116739		0.401833		0.470333		0.011095		
0.0011479		4.98545e-05		0.99834		0.000462401		
0.0638298		0.295213		0.326748		0.31421		
0.11511		0.298289		0.26087		0.325731		
0.391215		0.0356898		0.133837		0.439259		
0.364118		0.314534		0.0461771		0.27517		
0.998578		0.00068832		0.000291763		0.000441791		
0.0643872		0.381439		0.3246		0.229574		
0.000366959		0.000149077		0.99902		0.000464433		
0.00117934		0.0010421		0.00135277		0.996426		
0.000771383		0.00145363		0.996539		0.00123593		
0.000509988		0.00148055		0.00163055		0.996379		
0.000721741		0.00135567		0.000957748		0.996965		
0.126978		0.375396		0.155459		0.342168		
0.000413362		0.997516		0.00134938		0.000721632		
0.000509381		0.00170779		0.996637		0.00114611		
0.996781		0.00125114		0.00172166		0.000245951		
0.000837999		0.000907937		0.997035		0.00121891		
0.00089288		0.000661696		0.00010558		0.99834		
0.999582		0.000222217		9.58491e-05		9.99024e-05		
0.261007		0.0986263		0.300458		0.339908		
0.326923		0.357143		0.18956		0.126374		
0.0404235		0.19923		0.612127		0.148219		
0.123194		0.353531		0.135233		0.388042		
0.999766		9.7922e-05		7.01531e-05		6.63e-05		
0.000598994		0.000979732		0.00226502		0.996156		
0.999859		5.8698e-05		3.75238e-05		4.44032e-05		
0.45984		0.463598		0.0662283		0.0103335		
0.0644678		0.263868		0.277861		0.393803		
0.517661		0.0625362		0.242617		0.177186		
0.000202861		0.000276486		0.000133935		0.999387		
0.00099227		0.000880677		0.0018458		0.996281		
0.358626		0.14496		0.364666		0.131748		
0.128248		0.205365		0.308885		0.357502		
0.245231		0.302464		0.302067		0.150238		
0.442857		0.0765306		0.160204		0.320408		
0.241679		0.428365		0.00578871		0.324168		
0.99623		0.00203479		0.000543032		0.00119171		
0.997816		0.000705932		0.00085445		0.000623213		
0.301728		0.302531		0.105263		0.290478		
1.08673e-05		3.33552e-06		7.56409e-05		0.99991		
0.193386		0.185538		0.51009		0.110987		
0.412159		0.0992401		0.0920876		0.396513		
0.000182536		0.99934		0.000451138		2.64819e-05		
0.00218445		0.997246		0.00035474		0.000214711		
0.259669		0.0994475		0.365331		0.275552		
0.318987		0.217722		0.0172152		0.446076		
0.337889		0.372762		0.153157		0.136192		
0.0012064		0.00046838		0.000465849		0.997859		
0.000354062		6.05904e-05		0.999574		1.11288e-05		
0.000256702		0.999215		0.000154795		0.000373659		
0.423205		0.127913		0.0342368		0.414646		
0.0872428		0.0872428		0.147325		0.678189		
0.377246		0.348054		0.235778		0.0389222		
9.91888e-05		0.000220075		0.000731517		0.998949		
0.127602		0.173303		0.332127		0.366968		
0.164978		0.295224		0.214906		0.324891		
0.00109074		0.0007829		0.997895		0.00023183		
0.580387		0.200801		0.139426		0.0793863		
0.0191036		0.319618		0.154298		0.50698		
0.000432819		0.000753173		0.996152		0.00266166		
0.996266		0.00111797		0.00174232		0.000874086		
0.230378		0.380569		0.354264		0.03479		
0.000673651		0.00121166		0.997023		0.00109125		
0.143897		0.337914		0.363783		0.154406		
0.195431		0.179357		0.287225		0.337986		
0.996852		0.00105785		0.00153991		0.000550684		
0.000464417		0.00128024		0.998074		0.000181123		
0.231549		0.193075		0.303952		0.271424		
0.000315184		0.000274015		0.000625645		0.998785		
0.383362		0.384526		0.161722		0.0703898		
0.326733		0.314442		0.319563		0.0392625		
0.210215		0.143597		0.360474		0.285714		
0.785408		0.103004		0.0858369		0.0257511		
0.0278707		0.342624		0.313266		0.316239		
0.216795		0.181234		0.210797		0.391174		
0.998051		0.0013188		0.000467378		0.000163039		
0.214076		0.155425		0.360215		0.270283		
0.00156115		0.997434		0.000714		0.000291259		
0.307609		0.0847458		0.309412		0.298233		
0.000221044		6.75172e-05		0.999484		0.000227064		
0.221275		0.270372		0.337879		0.170474		
0.282643		0.500796		0.0915605		0.125		
0.160549		0.331479		0.360771		0.147201		
0.998961		0.000522997		0.000422769		9.3297e-05		
0.46294		0.467801		0.0170109		0.0522479		
0.000419798		0.998484		0.000569681		0.000526146		
0.0513245		0.693709		0.146523		0.108444		
0.094362		0.145994		0.416617		0.343027		
0.000909492		0.00106213		0.000360405		0.997668		
0.200249		0.130868		0.390943		0.277939		
0.00069341		0.00018366		0.000396368		0.998727		
0.334228		0.265236		0.0551936		0.345343		
0.000181355		0.000672622		0.998695		0.00045071		
0.997727		0.000798023		0.000821221		0.000654193		
0.0145322		0.269301		0.322888		0.393279		
0.0018357		0.245984		0.439192		0.312988		
0.238862		0.301234		0.340987		0.118917		
0.0293896		0.370008		0.00301432		0.597589		
0.484375		0.426339		0.0625		0.0267857		
0.997508		0.000823252		0.000584352		0.00108458		
0.00120045		0.99784		0.000678583		0.000281127		
0.212267		0.0902826		0.538249		0.159201		
0.00973236		0.468775		0.428224		0.0932685		
0.0131215		0.0821823		0.526243		0.378453		
0.999434		0.000128812		0.000165811		0.000271784		
0.999617		5.87384e-05		5.2662e-05		0.000271412		
0.00158801		0.000549697		0.99659		0.00127245		
0.000541038		0.998215		0.000423108		0.00082101		
0.394526		0.222737		0.210526		0.172211		
7.25895e-05		5.99853e-05		5.49252e-05		0.999812		
0.000365306		0.000434483		0.000165055		0.999035		
0.000684524		0.000128751		0.000694538		0.998492		
0.139122		0.192896		0.364578		0.303404		
0.000257938		0.0010616		0.000871873		0.997809		
0.135815		0.212375		0.350813		0.300996		
0.00144815		0.000566397		0.000618265		0.997367		
0.370135		0.213698		0.144087		0.272081		
0.00055618		0.000601484		0.00018218		0.99866		
0.489391		0.107461		0.214237		0.188912		
0.00154001		0.00078836		0.000745851		0.996926		
0.000497871		0.99832		0.000573307		0.00060851		
0.433155		0.0802139		0.0594177		0.427213		
0.000572324		0.000713681		0.998105		0.000608526		
0.28365		0.0870331		0.322058		0.307259		
0.00069578		0.997734		0.000579028		0.000990817		
0.00100759		0.00127263		0.996973		0.000747126		
0.00681342		0.0859539		0.51782		0.389413		
0.173433		0.320851		0.140717		0.364998		
0.000514066		0.000741175		0.998543		0.00020179		
0.99909		0.00016539		0.000417583		0.000327184		
0.293923		0.146409		0.390055		0.169613		
0.290962		0.126531		0.559184		0.0233236		
8.13293e-05		0.99952		0.000193689		0.00020545		
0.190008		0.293863		0.179386		0.336743		
0.000181475		1.70254e-05		0.999508		0.000293687		
0.347175		0.446161		0.116852		0.0898117		
0.996645		0.00060253		0.000721997		0.00203094		
0.146389		0.255042		0.297658		0.300911		
0.218497		0.257553		0.363301		0.160648		
0.999664		0.000186898		0.000139934		9.1053e-06		
0.000195154		0.000207568		3.86844e-05		0.999559		
6.07597e-05		0.998777		0.000559629		0.000602267		
0.00970285		0.187386		0.520315		0.282596		
0.361215		0.18271		0.120561		0.335514		
0.00107373		0.00117353		8.08735e-05		0.997672		
0.000891131		0.000278083		0.996195		0.00263547		
0.999379		0.000238138		0.000215396		0.000167559		
0.000667423		0.000288295		0.000407563		0.998637		
0.2924		0.214286		0.291344		0.20197		
0.369655		0.273026		0.335115		0.0222039		
6.85774e-06		0.998055		0.000941796		0.000996658		
0.13253		0.354418		0.300703		0.212349		
0.998008		0.00043506		0.000250572		0.00130656		
0.0331288		0.818405		0.0478528		0.100613		
0		0		0		1		
0.246173		0.137755		0.0522959		0.563776		
0.248447		0.0344438		0.305477		0.411632		
0.260096		0.295701		0.325228		0.118975		
0.130859		0.353206		0.272216		0.24372		
0.513643		0.216235		0.141883		0.12824		
0.000295047		0.000387592		0.000129861		0.999188		
0.000220498		0.999355		0.000189402		0.000234632		
0.175845		0.14888		0.375997		0.299278		
0.244534		0.32398		0.224854		0.206633		
0.000518469		0.997816		0.000808898		0.000856227		
0.00160546		0.000537643		0.997719		0.000138144		
0.380776		0.268152		0.169142		0.181931		
0.149157		0.546693		0.214008		0.0901427		
0.000126892		1.84932e-05		0.999711		0.000143678		
0.999863		2.39193e-05		5.11082e-05		6.16912e-05		
0.17631		0.255459		0.426856		0.141376		
0.997797		0.000726165		0.000857531		0.000619429		
0.998633		0.000174909		0.000586387		0.000605891		
1.4577e-05		0.999719		0.000237519		2.9154e-05		
0.0330532		0.423529		0.272269		0.271148		
0.000122979		0.999684		0.000102618		9.0809e-05		
0.999941		2.2133e-05		2.82525e-05		8.20826e-06		
0.000295019		0.00068478		0.998238		0.00078192		
0.339847		0.234483		0.231034		0.194636		
0.999387		4.45197e-05		0.000258032		0.000310729		
2.1582e-06		7.69336e-05		0.000124033		0.999797		
0.340761		0.200543		0.428804		0.0298913		
0.27027		0.304537		0.25		0.175193		
0.000178911		0.00017248		0.000101734		0.999547		
0.127551		0.0173469		0.467857		0.387245		
0.007724		0.168898		0.514418		0.30896		
6.24472e-05		0.999727		7.37173e-05		0.000137273		
0.997		0.000717768		0.00142784		0.000854394		
0.40503		0.534745		0.00727995		0.0529451		
0.256715		0.279355		0.238296		0.225633		
0.000731593		0.000961579		0.997441		0.000865421		
0.000577015		0.996211		0.00150793		0.00170412		
0.329863		0.0774677		0.212828		0.379842		
0.00102893		0.000482437		0.996547		0.00194176		
0.000995806		0.000354813		0.00100876		0.997641		
0.000682005		0.996633		0.00123378		0.0014514		
0.0013027		0.99768		0.000791059		0.000226556		
0.142098		0.207835		0.15073		0.499336		
2.61252e-05		0.000216839		0.999457		0.000300004		
0.00073222		0.00041945		0.000676455		0.998172		
0.000675829		0.000191627		0.00167161		0.997461		
0.155578		0.173087		0.206603		0.464732		
0.000214881		0.999277		0.000182033		0.000325743		
0.000255159		0.000910513		0.998031		0.000803078		
0.998566		0.000660858		0.000565892		0.000206843		
0.000242893		0.000541106		0.000278501		0.998938		
0.00130242		0.000851584		0.996762		0.00108427		
0.289907		0.440783		0.0700309		0.199279		
0.000329969		0.99668		0.00114311		0.00184724		
0.000527298		0.000611045		0.000181969		0.99868		
0.074344		0.661808		0.158163		0.105685		
0.999734		0.000111149		3.52562e-05		0.00011922		
0.291839		0.19293		0.254983		0.260248		
0.00205943		3.36921e-05		0.00108657		0.99682		
0.997047		0.00228562		0.000244146		0.000423359		
6.96793e-05		1.40981e-05		6.07538e-05		0.999855		
0.00141133		0.000959704		0.997512		0.000117249		
0.00069873		0.000278299		0.998379		0.000644064		
0.00104275		0.240876		0.247132		0.510949		
0.000453306		0.00037595		0.998664		0.000506682		
6.449e-07		0.999992		6.38451e-06		7.83093e-07		
0.214338		0.249451		0.144843		0.391368		
0.00171141		0.000336849		0.996988		0.00096346		
0.996801		0.000680135		0.00141365		0.00110544		
0.0727444		0.38923		0.265942		0.272083		
0.000470561		0.000430106		0.000669645		0.99843		
0.00047439		0.000826285		0.998246		0.000453232		
0.000327087		0.000157762		0.998918		0.000597182		
0.0010003		0.00119956		0.000624357		0.997176		
0.29526		0.227452		0.239961		0.237327		
0.000197198		0.00048697		0.000507238		0.998809		
0.00111962		0.00185154		0.996602		0.000427277		
0.00127326		0.997285		0.000642061		0.000799521		
0.164017		0.437657		0.171548		0.226778		
0.260919		0.420306		0.115712		0.203063		
0.000751588		0.00113411		0.00175883		0.996355		
0.320478		0.0744312		0.334747		0.270343		
0.209763		0.478009		0.266796		0.0454326		
0.377598		0.194627		0.0800811		0.347694		
0.000103912		0.997238		0.00143135		0.00122645		
0.0460653		0.252079		0.154191		0.547665		
0.378515		0.13892		0.151856		0.330709		
0.231122		0.398469		0.291327		0.0790816		
0.998605		2.77795e-05		0.00111535		0.000251405		
0.13574		0.245487		0.579783		0.0389892		
0.171684		0.224365		0.342897		0.261054		
0.000840518		0.000918706		0.996871		0.00136968		
0.107667		0.252618		0.237537		0.402178		
0.302376		0.381425		0.243629		0.0725702		
7.16146e-05		0.999766		4.37645e-05		0.000118996		
0.00194819		0.000655302		0.996352		0.00104494		
0.258912		0.273921		0.332083		0.135084		
0.00103861		0.000161114		0.998105		0.000694805		
0.0135253		0.347295		0.320244		0.318935		
0.136635		0.412655		0.124713		0.325997		
0.249626		0.356129		0.168535		0.22571		
0.102753		0.366809		0.221791		0.308647		
0.476099		0.113472		0.142926		0.267504		
0.421109		0.420032		0.0263866		0.132472		
0.000193187		0.00261768		0.99716		2.8978e-05		
0.0718409		0.167415		0.232842		0.527903		
0.998504		0.000407002		0.000793895		0.000295197		
0.11194		0.368814		0.361351		0.157895		
0.101974		0.0335526		0.547368		0.317105		
0.339434		0.295064		0.239046		0.126456		
0.0394057		0.413437		0.273902		0.273256		
0.996531		0.00132342		0.000877636		0.0012677		
0.125989		0.393799		0.112137		0.368074		
0.000701538		0.998219		0.0009405		0.000139212		
0.350694		0.369985		0.243056		0.0362654		
0.307969		0.526064		0.0910725		0.0748951		
0.307096		0.34936		0.140364		0.20318		
0.998441		0.000718638		0.000709371		0.000130585		
0.277497		0.205436		0.194058		0.323009		
0.222368		0.0664045		0.433377		0.277851		
0.28832		0.30304		0.29728		0.11136		
0.000443588		0.000673685		0.99827		0.000613196		
0.346352		0.170965		0.0316875		0.450995		
0.194902		0.433882		0.0939989		0.277217		
0.997594		0.00106108		0.000154185		0.00119098		
0.217137		0.334825		0.127667		0.320372		
0.20006		0.256793		0.276799		0.266348		
0.000600374		0.00100241		0.000369873		0.998027		
2.02062e-05		0.996258		0.0019014		0.00182058		
0.00016465		3.59389e-05		0.000260348		0.999539		
0.000529611		0.997789		0.000293897		0.00138743		
0.000919672		0.998125		0.000419262		0.000536066		
0.402828		0.118384		0.247273		0.231515		
0.99707		0.000969849		0.000438446		0.00152139		
0.000506867		0.000405493		0.997906		0.00118139		
0.197251		0.363574		0.271478		0.167698		
0.426956		0.238354		0.142469		0.192221		
0.000653008		0.00060235		0.998375		0.000369642		
0.998543		0.000205804		0.000708383		0.000542845		
0.0964067		0.304119		0.0324277		0.567046		
0.25		0.307766		0.247112		0.195122		
0.000900594		0.000949737		0.000696545		0.997453		
0.000265275		0.999203		0.000340168		0.000191432		
0.373408		0.186449		0.206826		0.233316		
0.000491306		0.997875		5.19267e-05		0.00158177		
8.49131e-05		2.26269e-05		8.77725e-05		0.999805		
0.996914		0.000435565		0.00204633		0.000604038		
0.20072		0.206717		0.220312		0.372251		
0.00112007		0.00191187		0.996578		0.000389935		
0.182847		0.415324		0.377013		0.024815		
0.306806		0.280977		0.313787		0.0984293		
0.997723		0.000468918		6.7248e-05		0.00174118		
0.197763		0.182181		0.28366		0.336396		
0.000510295		0.997734		0.000440421		0.00131491		
0.0694915		0.329379		0.349718		0.251412		
0.249565		0.288261		0.17913		0.283043		
0.000252032		0.000367547		0.000231984		0.999148		
2.71338e-05		5.30138e-05		3.31336e-05		0.999887		
0.25812		0.181197		0.360684		0.2		
0.00821018		0.434592		0.509579		0.047619		
0.000915552		0.000282989		0.997992		0.000809271		
0.997527		0.000928362		0.00126608		0.000278211		
0.289707		0.313461		0.395435		0.0013973		
0.000357473		0.00128161		0.00032967		0.998031		
0.998477		0.000184933		0.000523762		0.000814742		
0.996703		0.00110287		0.00105946		0.00113455		
0.345161		0.449677		0.0948387		0.110323		
0.000599504		0.000234872		0.998633		0.000532812		
0.000397678		0.000687915		0.000191751		0.998723		
0.33463		0.177043		0.472763		0.0155642		
0		0.825		0.0108333		0.164167		
0.21324		0.0696864		0.146341		0.570732		
0.347228		0.369407		0.0608031		0.222562		
0.0856589		0.294961		0.24845		0.37093		
0.391041		0.238902		0.271994		0.098063		
0.000506864		0.000211049		0.00134068		0.997941		
0.00049239		0.00134506		0.998145		1.80143e-05		
0.00026672		4.09487e-05		0.000176706		0.999516		
1.6593e-05		0.99757		0.00200064		0.000412454		
0.999402		0.000252431		7.62798e-05		0.000268945		
0.166296		0.123471		0.18465		0.525584		
0.000201618		0.998203		0.000681492		0.000913765		
0.303393		0.219386		0.312439		0.164782		
0.224596		0.515894		0.231892		0.0276186		
0.288482		0.0893434		0.333692		0.288482		
0.000225466		0.000423877		0.999039		0.000311594		
0.108579		0.25134		0.0643432		0.575737		
0.357702		0.0391645		0.539164		0.0639687		
0.000297506		0.998625		0.000331418		0.000746076		
6.07195e-05		0.997824		0.00194302		0.000172039		
0.0912175		0.335092		0.257067		0.316623		
0.221577		0.324066		0.170124		0.284232		
0.335467		0.33376		0.0657277		0.265045		
0.000489346		0.000817004		0.000791306		0.997902		
0.00034634		0.000445089		0.998797		0.000411696		
0.26763		0.149533		0.0781648		0.504673		
0.998695		0.000712899		0.000145883		0.000445906		
0.998188		0.000499743		0.000372942		0.000939815		
0.000179817		0.000289416		0.999129		0.000401861		
0.00133838		2.37934e-05		0.997258		0.00138002		
0.604716		0.327323		0.0346741		0.0332871		
0.00159323		0.000722513		0.99748		0.000203786		
0.000130926		0.998297		0.000693906		0.000878293		
0.000770129		0.000247745		2.11887e-05		0.998961		
0.99941		0.000103594		9.67681e-05		0.000389482		
0.000760883		0.000822996		0.997242		0.00117393		
0.00148428		0.996883		0.000839484		0.000793428		
3.58942e-05		7.4172e-05		0.00011259		0.999777		
0.435764		0.119792		0.104167		0.340278		
0.184343		0.043771		0.368687		0.403199		
0.999539		0.000211003		3.78558e-05		0.000212079		
0.0336622		0.0551364		0.414393		0.496808		
0.000529738		0.998348		0.00051327		0.000609336		
0.000187883		0.000199176		0.000273097		0.99934		
0.000843983		0.0019291		0.00110973		0.996117		
0.000574219		0.000314453		0.997102		0.00200977		
9.11948e-06		1.5067e-05		0.999965		1.09698e-05		
0.00115621		0.000367742		0.00104246		0.997434		
0.00162357		0.000903493		0.99616		0.00131278		
0.000480861		0.000898032		0.00058595		0.998035		
0.261283		0.219206		0.243977		0.275534		
0.409456		0.180615		0.0146572		0.395272		
0.00100203		0.996723		0.00100405		0.00127126		
0.407449		0.360756		0.193997		0.0377988		
0.997434		0.00106298		0.00132482		0.000178608		
0.000290041		0.000124595		0.999152		0.00043302		
0.168559		0.206987		0.265502		0.358952		
0.245708		0.214592		0.351216		0.188484		
0.481138		0.0133488		0.0586187		0.446895		
0.000576242		0.00193499		0.000422359		0.997066		
0.12616		0.151515		0.143476		0.57885		
0.000686958		0.996539		0.000739252		0.00203473		
0.996484		0.000440124		0.00155833		0.00151718		
0.000175566		0.000212441		0.000412774		0.999199		
0.000282118		0.00020248		0.000124777		0.999391		
0.999574		6.34204e-06		0.000203522		0.000215918		
0.300275		0.339876		0.304408		0.0554408		
0.999641		0.000141588		6.48729e-05		0.000152915		
0.998234		0.000600639		0.000324817		0.000840169		
0.000989175		0.00061714		0.0020265		0.996367		
0.000978445		0.997938		0.000139778		0.000944277		
0.12807		0.539474		0.215789		0.116667		
0.292711		0.302352		0.363671		0.0412649		
0.000612999		0.999238		0		0.00014872		
0.999301		0.00031343		0.000167623		0.000218165		
0.000391927		0.000641698		0.00131794		0.997648		
0.997938		0.000717754		0.000703149		0.000641597		
3.73154e-05		0.000244623		0.999379		0.000339155		
0.167419		0.479699		0.279699		0.073183		
0.32841		0.125977		0.21199		0.333623		
0.996289		0.00153809		0.00147135		0.000701497		
0.998488		0.000524416		0.000252742		0.000734561		
0.996324		0.000771082		0.00198466		0.000920041		
0.999609		0.000135878		8.11154e-05		0.000173632		
0.325126		0.330162		0.219922		0.12479		
0.997992		0.000394299		0.000915189		0.000698324		
0.380789		0.151515		0.0137221		0.453974		
0.156905		0.306287		0.222461		0.314347		
0.00126099		0.00123937		0.99632		0.00117933		
0.187166		0.290972		0.244731		0.277131		
0.000454719		0.000836097		0.998563		0.000146684		
0.000269971		0.000408712		2.05358e-05		0.999301		
0.00144369		0.000716663		0.0011209		0.996719		
0.0749465		0.0770878		0.35546		0.492505		
0.0835771		0.397409		0.186377		0.332637		
0.174455		0.0225857		0.067757		0.735202		
0.312009		0.265189		0.284489		0.138313		
0.0977143		0.529143		0.0508571		0.322286		
0.000125121		0.00165246		0.00185524		0.996367		
0.44		0.149474		0.254211		0.156316		
0.381058		0.334262		0.0172702		0.267409		
0.131715		0.444731		0.138946		0.284607		
0.000174308		0.000231535		0.999445		0.000148844		
0.328589		0.267182		0.305409		0.0988207		
0.33165		0.116893		0.273786		0.27767		
0.00240345		0.000490447		0.000598294		0.996508		
0.999441		0.000109919		0.000236618		0.000212056		
0.259843		0.33902		0.0791776		0.32196		
0.265204		0.304075		0.310031		0.12069		
0.3085		0.065425		0.178606		0.447469		
0.364078		0.536138		0.0312837		0.0685005		
6.68367e-05		9.97123e-05		6.00135e-05		0.999773		
0.121653		0.394082		0.257398		0.226867		
3.5366e-05		0.000214057		0.000305264		0.999445		
0.000230575		0.999215		0.000284576		0.000270005		
0.997242		0.000196162		0.00140968		0.00115197		
0.000222972		0.00024566		0.000359493		0.999172		
0.00792393		0.44691		0.435816		0.10935		
0.000686616		0.000438414		7.80949e-05		0.998797		
1.17331e-05		0.999031		0.000467796		0.000489221		
0.298469		0.0352041		0.390306		0.27602		
0.359567		0.101083		0.493863		0.0454874		
0.000220584		0.000720632		5.09715e-05		0.999008		
0.210922		0.201766		0.27567		0.311642		
0.319075		0.381056		0.0584897		0.241379		
0.183372		0.224165		0.288267		0.304196		
0.997348		0.00164798		0.000905978		9.83868e-05		
0.99859		0.000336005		0.000739212		0.000334939		
0.00178457		9.51463e-05		0.996313		0.00180778		
0.000368574		0.999078		0.000280609		0.000272692		
0.00062666		0.00132958		0.00145392		0.99659		
0.199091		0.253182		0.165909		0.381818		
0.000836009		0.997105		0.00136384		0.000694687		
0.0590031		0.390132		0.244659		0.306205		
0.0017016		0.000204857		0.996582		0.00151151		
0.000664576		0.998316		0.000726604		0.000292414		
0.000843029		0.998211		0.000896031		5.00017e-05		
0.997121		0.000481946		0.00132455		0.00107241		
0.341633		0.121019		0.330631		0.206717		
0.00140085		0.997945		0.000397189		0.000256645		
0.142857		0.285714		0.269142		0.302287		
0.996797		0.0010412		0.00201009		0.000151841		
0.249053		0.200758		0.258996		0.291193		
0.000944611		0.996684		0.00104386		0.00132793		
0.173913		0.0739893		0.671243		0.0808543		
0.0957584		0.235219		0.328406		0.340617		
0.359089		0.343735		0.030213		0.266964		
0.000468833		0.00313532		7.16273e-05		0.996324		
0.199793		0.293753		0.329375		0.177078		
0.333333		0.474006		0.058104		0.134557		
0.378534		0.15753		0.0236584		0.440277		
6.40662e-05		0.999254		0.000363714		0.000318313		
0.998375		0.000600385		0.000227872		0.000796743		
0.0010344		0.998332		0.00058185		5.172e-05		
0.000334729		0.000541264		0.000842757		0.998281		
0.343537		0.140306		0.490646		0.0255102		
0.00193007		0.000448373		0.997297		0.000324684		
0.169364		0.355987		0.257821		0.216828		
0.000925804		0.00108566		0.0013987		0.99659		
0.196707		0.381282		0.0342288		0.387782		
0.000925588		0.000469943		0.000838844		0.997766		
0.000110616		0.000121439		0.999727		4.13817e-05		
0.000385445		0.000643852		0.998871		9.96094e-05		
0.00110515		0.000813762		0.000608435		0.997473		
0.99852		0.000756464		0.000551795		0.00017221		
0.000280332		0.000266919		0.000343373		0.999109		
0.245276		0.242068		0.250624		0.262032		
0.000333918		0.00282422		0.000607489		0.996234		
0.125255		0.00916497		0.537678		0.327902		
0.0323671		0.350725		0.230918		0.38599		
0.000884994		0.000247891		0.0014804		0.997387		
0.621974		0.176909		0.0986965		0.102421		
0.00146128		0.996934		0.000876765		0.000728366		
0.380241		0.307869		0		0.31189		
0.0103567		0.486766		0.38435		0.118527		
0.0391389		0.608611		0.189172		0.163079		
0.999793		1.02258e-05		0.000116005		8.08009e-05		
0.497182		0.331454		0.107666		0.0636979		
0.278689		0.0608899		0.5121		0.148322		
0.264196		0.286278		0.365536		0.0839905		
0.998871		6.27654e-05		0.000648576		0.000417565		
3.27485e-05		0.999887		4.3858e-05		3.66747e-05		
0.172775		0.377836		0.241274		0.208115		
0.113527		0.538647		0.172303		0.175523		
0.000384724		0.000387433		0.998859		0.000368468		
0.573064		0.0734007		0.259259		0.0942761		
0.365898		0.399819		0.101764		0.132519		
0.231593		0.253681		0.165997		0.348728		
1.23114e-05		0.000500663		0.00200265		0.997484		
0.000206223		0.000150479		0.999441		0.000201891		
0.00137681		0.000144927		0.000200922		0.998277		
0.298373		0.222423		0.24991		0.229295		
0.164417		0.171166		0.0717791		0.592638		
0.275888		0.368103		0.0823885		0.273621		
0.199657		0.358952		0.0287677		0.412623		
0.0669227		0.0153593		0.467361		0.450357		
0.998855		0.000437695		0.000207701		0.000499135		
0.000467358		0.999191		0.000114335		0.000226901		
0.186001		0.335824		0.287849		0.190326		
0.0756215		0.326657		0.322169		0.275552		
0.104041		0.187446		0.319862		0.38865		
0.997062		0.00068999		0.000969752		0.00127776		
0.256951		0.200176		0.256073		0.286801		
0.417673		0.0691548		0.239846		0.273326		
0.132494		0.17733		0.313854		0.376322		
0.0712199		0.253104		0.313002		0.362673		
0.000424904		0.000401326		0.000462832		0.998711		
0.195111		0.341333		0.290667		0.172889		
0.597701		0.0493577		0.20622		0.146721		
0.0271493		0.285891		0.31016		0.3768		
0.998559		0.000584354		0.000325569		0.000531484		
0.126267		0.311769		0.0795012		0.482463		
0.204734		0.245927		0.266216		0.283123		
0.125514		0.283951		0.304527		0.286008		
0.458486		0.0881705		0.311536		0.141807		
0.210481		0.381443		0.233677		0.174399		
0.672312		0.0191458		0.0272459		0.281296		
0.000169098		0.99943		0.000130237		0.000270977		
0.339903		0.117516		0.231685		0.310896		
0.317715		0.300274		0.0482216		0.333789		
0.0908391		0.344881		0.324865		0.239415		
0.998969		0.000681113		2.00327e-05		0.000330105		
0.0262594		0.222937		0.230439		0.520364		
0.000507181		0.000610495		0.998723		0.000159668		
0.417513		0.32656		0.128205		0.127721		
0.000122031		6.01562e-05		0.999441		0.000376406		
0.0017173		0.000316904		0.000161108		0.997805		
0.000120783		0.000479159		0.999211		0.000189121		
0.997754		0.00119831		0.000432016		0.00061577		
0.998938		2.49617e-05		0.000324502		0.000713036		
0.433881		0.108649		0.283774		0.173695		
0.998934		0.000215994		0.000172169		0.000678243		
0.00174687		0.000146811		0.000481318		0.997625		
0.310585		0.0896007		0.218199		0.381616		
0.000566569		0.997301		0.000563005		0.00156964		
0.310334		0.285623		0.106547		0.297497		
0.00103446		0.000535328		0.997148		0.00128177		
0.291971		0.281303		0.354295		0.0724312		
0.996395		0.00199996		0.00107726		0.000528248		
0.00138136		0.00146976		0.00080904		0.99634		
0.0010693		0.997465		0.000705993		0.000759859		
0.326911		0.424443		0.20891		0.0397351		
0.997254		0.00088302		0.000797074		0.001066		
0.0351538		0.23666		0.341494		0.386692		
0.000316276		0.000573689		0.998582		0.000528004		
0.00104465		0.000338256		0.997523		0.00109366		
0.143101		0.330103		0.442987		0.0838084		
0.000176983		0.999516		8.33684e-05		0.000224023		
0.00136958		0.000225268		0.00135437		0.997051		
0.402477		0.29773		0.129515		0.170279		
0.306961		0.316129		0.194228		0.182683		
0.232534		0.0901981		0.177789		0.499479		
0.000358987		0.000570858		0.000132655		0.998938		
0.00137304		2.44392e-05		0.00110643		0.997496		
0.0011409		0.377068		0.114661		0.507131		
0.532512		0.336756		0.0841889		0.0465435		
0.999785		3.94893e-05		6.62757e-05		0.000109079		
0.10799		0.466916		0.147316		0.277778		
0.131623		0.584437		0.0389073		0.245033		
