8.12287e-05		0.998902		8.55039e-06		0.00100788		
0.000553127		0.997785		5.13452e-05		0.00161037		
0.363517		0.157043		0.175416		0.304024		
0.266979		0.0171741		0.700234		0.0156128		
0.0654387		0.240911		0.363063		0.330587		
0.000390293		0.999199		0.000136325		0.000274164		
0.00143545		3.47503e-05		0.00125636		0.997273		
0.999023		0.000176372		0.000461475		0.000338715		
0.000824272		4.03822e-05		0.00177207		0.997363		
0.000599125		0.000726162		0.000194244		0.99848		
0.00172208		0.00188026		0.996234		0.000163279		
8.86398e-05		0.000635862		0.000568467		0.998707		
0.00113756		0.000613136		0.996551		0.00169852		
0.00139546		0.001012		0.997457		0.00013551		
0.997676		0.00121996		0.000556383		0.000547876		
0.000143739		0.000147385		7.21573e-05		0.999637		
0.13922		0.29076		0.23655		0.33347		
0.99725		0.00155094		0.000829972		0.000369089		
0.347343		0.241872		0.318795		0.0919905		
0.321657		0.0700555		0.308842		0.299445		
0.998277		0.000584789		0.00069671		0.000441157		
0.000556295		0.998062		0.000573625		0.000807581		
0.000980619		0.997695		0.00100548		0.000318585		
0.000153966		0.00014662		0.999684		1.58203e-05		
0.000138394		0.996141		0.00131605		0.00240493		
0.000231735		0.000143538		0.998219		0.00140598		
0.224293		0.42545		0.129177		0.22108		
0.000574624		0.00125726		0.998105		6.2647e-05		
0.250556		0.262003		0.316375		0.171065		
0.322293		0.352066		0.248977		0.0766654		
0.000833474		0.00165695		0.997176		0.000333789		
0.396219		0.247431		0.121661		0.23469		
0.996258		0.00157463		0.00154061		0.000626938		
0.99648		0.00014304		0.00153203		0.00184446		
0.000266406		1.20119e-05		0.000350489		0.999371		
0.193388		0.258678		0.302479		0.245455		
0.999238		0.000288066		8.10665e-05		0.000392586		
0.000116924		0.000190783		0.999676		1.65122e-05		
0.238217		0.393955		0.0307377		0.33709		
0.132863		0.582011		0.0570253		0.228101		
0.470511		0.272608		0.0203145		0.236566		
0.000513068		0.000613948		0.000216734		0.998656		
0.15101		0.34504		0.104478		0.399473		
0.346736		0.227154		0.0402089		0.385901		
0.996508		3.40701e-05		0.00313445		0.000323666		
0.00227687		0.000396616		0.996504		0.00082261		
0.00017978		0.000202282		0.999457		0.000160907		
0.997598		0.000537763		0.000781516		0.00108307		
0.999133		0.000336521		6.47155e-06		0.000524195		
0.267406		0.276718		0.0297118		0.426164		
0.000130421		0.999516		0.000194243		0.000159711		
9.40225e-05		0.00324173		0.99666		4.08794e-06		
0.325694		0.300764		0.332127		0.0414154		
9.57973e-05		0.000292263		0.999461		0.000151002		
0.998559		0.000569391		0.000232346		0.000639669		
0.403932		0.266328		0.214331		0.115409		
0.996219		0.000249176		0.000545073		0.002987		
0.407751		0.131424		0.132687		0.328138		
0.000116183		0.00019602		0.999449		0.000238579		
0.000805401		0.000119596		0.99866		0.000414847		
0.282593		0.339403		0.103423		0.274581		
0.420202		0.282828		0.219697		0.0772727		
0.997988		0.000847861		0.000891035		0.000272822		
0.998887		0.000345336		0.000415149		0.000352797		
0.226145		0.237176		0.120794		0.415885		
1.34908e-06		4.03855e-06		0.999992		2.42487e-06		
0.0323993		0.409807		0.161121		0.396673		
0.000149183		0.000216817		0.000239469		0.999395		
0.00155862		0.996121		0.00101022		0.00131007		
0.19893		0.232977		0.484436		0.0836576		
0.235075		0.383914		0.144693		0.236318		
4.20673e-07		0.999953		2.96875e-05		1.67668e-05		
0.000638834		7.98542e-05		0.996633		0.0026485		
0.0362319		0.624094		0.309783		0.0298913		
0.997398		0.00144891		0.000464623		0.00068803		
0.000593422		0.99752		0.000355353		0.00153169		
0.15024		0.389423		0.0637019		0.396635		
0.214847		0.239592		0.246269		0.299293		
0.996984		0.00112444		0.0011003		0.000790885		
0.184878		0.397727		0.378059		0.0393357		
0.000670998		0.997027		0.0016039		0.000697762		
0.997938		0.000106193		0.000481407		0.0014749		
0.000573375		0.997949		0.00100956		0.000467845		
0.00144081		0.996906		0.00143918		0.000213756		
0.000868563		0.00101505		0.000507008		0.997609		
0.000361758		0.000542953		0.999082		1.32581e-05		
0.999906		5.09259e-05		2.83565e-05		1.44676e-05		
0.996184		0.000887622		0.00178441		0.00114437		
0.00100416		0.00121183		0.00110433		0.99668		
0.000580849		0.99798		0.000713638		0.000725043		
0.000569529		0.00191285		0.997184		0.000334028		
0.999055		2.64367e-05		0.000175444		0.000743432		
0.997844		0.000797022		0.000570108		0.00078912		
0.00202735		0.000637078		0.997238		9.72878e-05		
0.999715		0.000116213		0.000104419		6.45244e-05		
4.21673e-05		4.51264e-05		8.45812e-05		0.999828		
0.998531		0.000370847		0.000239099		0.000858804		
0.998289		0.000605151		0.000188384		0.000917403		
0.00126154		0.0002329		0.997121		0.00138446		
0.000306989		0.996867		0.00185528		0.000970543		
