0.00103657		0.997117		0.00032921		0.00151704		
0.0018805		0.00165154		0.99627		0.000198429		
1.66385e-05		9.78614e-06		1.26379e-05		0.999961		
0.113108		0.392706		0.342495		0.151691		
0.315879		0.266916		0.33084		0.0863652		
0.000489144		0.000237253		0.000441571		0.998832		
0.208727		0.188034		0.25641		0.346829		
0.999273		7.40143e-05		0.000634214		1.83338e-05		
0.999617		0.00014308		7.92411e-05		0.000160491		
0.000576933		0.000661134		0.998613		0.000148651		
0.00163262		0.99652		1.84477e-05		0.0018294		
0.317274		0.145399		0.319878		0.217448		
0.425743		0.269802		0.0450495		0.259406		
0.262901		0.38424		0.0216179		0.331241		
8.35526e-06		2.68421e-05		5.85526e-05		0.999906		
0.132911		0.222363		0.413502		0.231224		
0.00126794		0.00117644		0.000575149		0.99698		
0.0302863		0.242841		0.198238		0.528634		
0.233696		0.365036		0.161232		0.240036		
0.294665		0.261924		0.245756		0.197656		
0.116639		0.502447		0.353181		0.0277325		
0.241925		0.294897		0.253553		0.209625		
0.234848		0.306397		0.193182		0.265572		
0.167016		0.359162		0.457592		0.0162304		
0.144144		0.236691		0.329238		0.289926		
0.000333521		0.000236586		0.00151974		0.99791		
0.000440835		0.998879		0.000214082		0.000466178		
0.997711		0.000875167		0.000572798		0.000841097		
0.000174832		0.000122047		0.999684		1.95275e-05		
0.413411		0.0332629		0.514784		0.0385428		
0.000935294		0.000309998		0.00141486		0.99734		
0.17684		0.342011		0.352334		0.128815		
0.000684577		5.72602e-05		0.998211		0.00104723		
0.000163392		0.00135615		0.997398		0.00108202		
0.221188		0.292553		0.360816		0.125443		
0.996914		0.00162284		0.000854986		0.000608111		
0.325372		0.301142		0.257875		0.115611		
0.00148438		0.00135156		0.996555		0.000609375		
0.0562935		0.308033		0.157495		0.478178		
0.36273		0.264042		0.00262467		0.370604		
0.0110974		0.537608		0.393342		0.0579531		
0.996117		0.00107585		0.00150752		0.00129944		
0.996473		0.000722243		0.00137925		0.00142585		
0.390126		0.367851		0.0620108		0.180012		
0.996316		0.00212748		0.000926823		0.000629292		
0.000768968		0.998602		0.000433481		0.000195989		
0.222222		0.0869976		0.307801		0.382979		
0.00145491		0.997328		0.00106802		0.000148942		
0.996766		9.97616e-05		0.00144917		0.00168545		
0.9995		0.000174902		0.000146511		0.000178587		
0.998953		0.000341057		0.000372003		0.000333815		
0.99966		0.000134957		5.12687e-05		0.000153618		
0.998852		0.0002086		0.00033907		0.000600768		
0.32933		0.286374		0.327945		0.056351		
2.45235e-05		3.59095e-06		6.95418e-05		0.999902		
0.314795		0.346783		0.209742		0.12868		
0.000532629		0.000846967		0.99807		0.000550092		
0.000349548		0.000310223		0.999195		0.000144917		
0.000752325		0.00029058		0.998828		0.00012897		
0.249234		0.491318		0.0168539		0.242594		
0.0480832		0.174789		0.587394		0.189734		
7.29672e-05		0.00148215		0.000323792		0.998121		
0.500551		0.325441		0.110683		0.063326		
0.242567		0.151015		0.252478		0.353941		
0.000160639		0.000113925		2.62171e-05		0.999699		
0.998281		0.000273312		0.000942836		0.000502601		
0.00072954		0.000621568		0.996539		0.00210983		
0.00155803		0.000164718		0.99777		0.000507717		
0.000763091		1.06726e-05		0.998371		0.000855142		
1.43304e-05		0.000215638		0.999684		8.64374e-05		
0.000101972		7.63347e-05		0.999582		0.000239662		
0.000201889		0.0030706		0.996141		0.000586888		
0.99918		0.000119579		0.000316486		0.000384247		
0.000331509		0.996379		0.0017893		0.00150029		
0.00201025		0.00117108		0.996465		0.000353829		
0.000113233		0		0.999687		0.000199267		
2.24474e-05		0.999832		9.83043e-05		4.7217e-05		
0.998191		0.000608171		0.00035344		0.000846982		
0.000696203		0.998539		0.000686412		7.83228e-05		
0.000540917		0.998605		0.000276132		0.000577482		
0.000644191		0.000575836		0.998289		0.000490911		
2.31536e-05		0.000206277		0.000610413		0.99916		
5.99383e-06		0.999957		9.06859e-06		2.79063e-05		
0.000338262		0.998613		0.000422828		0.000625629		
0.000965304		0.00116275		0.996844		0.00102819		
0.000332431		0.000572218		0.00244691		0.996648		
0.00168894		0.996602		0.00110442		0.00060508		
0.000218383		0.00206084		0.996523		0.00119734		
1.61643e-05		0.999738		0.000205857		3.96976e-05		
0.999297		0.000397929		3.05196e-05		0.000274677		
0.997297		0.00154813		0.000182133		0.000972858		
0.0010012		0.00131599		0.000249208		0.997434		
0.999102		0.000137096		0.000410745		0.000350597		
0.00045223		0.000557787		0.997992		0.000997795		
0.00199561		0.000757958		0.996387		0.000859712		
0.998062		0.000490833		0.00056721		0.000879457		
0.996852		0.001159		0.00135342		0.000636018		
0.000849112		0.00204688		0.996105		0.000998537		
0.00075389		0.00046773		0.000204161		0.998574		
0.000907439		0.996246		0.000848748		0.00199772		
