0.549143		0.0828571		0.148		0.22		
0.996695		0.00139376		0.00121037		0.00070055		
0.137776		0.361406		0.128373		0.372445		
0.190496		0.3042		0.332626		0.172677		
0.266277		0.405676		0.279633		0.048414		
0.000652538		0.000392108		0.998574		0.000381135		
0.362188		0.070632		0.31333		0.25385		
0.304492		0.315906		0.243373		0.13623		
0.171387		0.295898		0.404785		0.12793		
0.00128397		0.000156381		0.00102059		0.997539		
0.33993		0.22662		0.267365		0.166085		
0.234459		0.257866		0.321566		0.186109		
0.32782		0.232331		0.308271		0.131579		
0.393617		0.220646		0.240347		0.14539		
0.543245		0.185415		0.14528		0.12606		
0.00112607		0.000599851		0.00173892		0.996535		
0.213322		0.311551		0.0813659		0.393761		
0.0785103		0.482637		0.116256		0.322597		
0.000130597		0.000160261		0.000111486		0.999598		
0.214076		0.100293		0.221114		0.464516		
8.25344e-05		0.999777		0.000106432		3.36899e-05		
0.160074		0.209242		0.284658		0.346026		
0.000571242		0.998008		0.000405757		0.00101519		
0.000410868		0.000764085		0.000723485		0.998102		
0.0437891		0.358803		0.233244		0.364164		
0.000316036		0.000212068		0.000452365		0.99902		
0.242488		0.400339		0.205671		0.151502		
0.000244294		9.97464e-05		0.000655959		0.999		
0.000499823		0.000331644		0.998543		0.000625565		
7.77376e-05		0.998031		0.00108833		0.000802686		
0.00138186		0.000637654		0.000984388		0.996996		
5.81683e-05		0.998492		0.000378664		0.00107098		
7.82151e-05		0.00114853		0.000913882		0.997859		
0.358458		0.0167024		0.407709		0.217131		
0.382353		0.372549		0.0582789		0.186819		
0.0369708		0.46929		0.384615		0.109123		
0.996816		0.000904869		0.000538875		0.00173985		
0.344554		0.311881		0.116832		0.226733		
0.370335		0.243269		0.173831		0.212565		
0.116714		0.476487		0.00283286		0.403966		
0.00140022		0.997238		7.74458e-05		0.00128405		
0.000297809		0.000268682		0.999262		0.00017179		
0.00165647		0.000563013		0.996313		0.00146802		
0.471859		0.0505969		0.128482		0.349062		
0.326374		0.228571		0.00549451		0.43956		
1.8153e-06		2.42712e-05		0.999941		3.25073e-05		
0.999516		0.000209298		0.000142024		0.000133054		
0.999543		0.000131642		0.000219757		0.000105632		
1.96013e-07		2.34655e-05		0.999969		7.58849e-06		
0.561367		0.158996		0.125523		0.154114		
0.000384424		0.000349476		0.000562975		0.998703		
0.337459		0.357003		0.100977		0.20456		
0.297141		0.339124		0.258777		0.104958		
0.996238		0.00138136		0.00215989		0.000220467		
0.488614		0.126238		0.10198		0.283168		
0.996926		0.00116266		0.00155987		0.000351694		
0.000298887		0.000302404		0.00137137		0.998027		
0.999836		5.76811e-05		3.34404e-05		7.2941e-05		
0.000389993		0.998637		0.000513209		0.000460079		
0.99652		0.00113704		0.00141606		0.000927372		
0.000555094		0.000346778		0.9985		0.000598129		
0.00039624		0.999148		0.000166973		0.00028835		
0.000818798		0.00126504		0.000978665		0.996938		
0.000484081		0.998883		0.000165028		0.000468079		
0.00104092		0.00188813		0.99648		0.000590478		
0.000108928		0.999766		1.49711e-05		0.000110476		
3.2004e-05		7.88669e-05		0.998887		0.00100241		
0.000752709		0.000599095		0.00142554		0.997223		
0.000958877		0.00145787		0.99648		0.00110279		
0.000497183		0.000420744		0.998953		0.000128948		
0.998227		0.000175606		0.000718887		0.000878945		
0.997371		0.00109135		0.000625253		0.000912302		
4.46784e-05		0.999852		7.10053e-05		3.27538e-05		
0.996195		0.00100915		0.000616701		0.00217884		
0.000350913		0.999109		0.00015096		0.000388752		
0.000335572		0.999344		0.000173604		0.000147074		
0.996574		0.000797682		0.00137531		0.00125279		
0.000863099		0.000527083		0.998023		0.00058638		
9.36572e-05		0.999711		0.000160345		3.50602e-05		
7.43343e-05		0.00032534		6.51698e-05		0.999535		
0.00030421		0.000626092		0.998266		0.000804073		
0.996102		0.00124134		0.0011194		0.0015377		
7.68422e-05		0.000182119		0.999406		0.000334788		
0.997328		2.3363e-05		0.00191789		0.000730624		
0.00018911		0.99918		0.000121481		0.000509721		
0.999414		0.000267256		6.46713e-05		0.00025401		
5.57897e-05		5.94901e-05		0.999816		6.8314e-05		
0.99898		1.18801e-05		0.000653407		0.000354244		
0.99827		0.000363106		0.000810007		0.000557356		
0.00164276		0.000873859		7.32284e-05		0.99741		
0.000912264		0.997918		0.00032738		0.000842388		
0.999965		3.1306e-06		7.19678e-07		3.1306e-05		
0.997508		5.6181e-05		0.00146745		0.00096856		
8.26798e-06		0.999957		1.63298e-05		1.8371e-05		
0.999367		0.000393409		0.000120431		0.000118972		
0.000123756		0.000127388		0.999699		4.9637e-05		
0.997219		0.00217388		0.000239197		0.000368176		
0.000293061		0.00181736		0.00152239		0.996367		
0.997039		0.0016444		0.0001127		0.00120384		
0.00036675		0.00168705		0.000223543		0.997723		
