0.276962		0.44097		0.141672		0.140396		
0.393048		0.445187		0.0784314		0.0833333		
0.000711853		0.00106321		0.99791		0.000314783		
0.116253		0.420937		0.433058		0.0297521		
0.154572		0.215252		0.261993		0.368184		
0.304114		0.262977		0.140548		0.29236		
0.0515901		0.452297		0.0402827		0.45583		
0.106437		0.364667		0.35406		0.174835		
0.181917		0.216998		0.35877		0.242315		
0.0365088		0.502567		0.345693		0.115231		
0.997941		0.00114869		0.000234541		0.000675366		
4.92688e-05		0.0017291		0.00129976		0.996922		
0.000302588		0.00171357		0.000835406		0.997148		
0.232636		0.34824		0.254995		0.164129		
0.000524094		0.00094058		0.000597826		0.997938		
0.999426		4.38944e-06		0.000290102		0.000279727		
0.997824		0.000658324		0.000571375		0.000946082		
0.275348		0.299536		0.162028		0.263088		
1.75489e-05		0.999957		2.00789e-05		5.34098e-06		
0.0810033		0.336349		0.35074		0.231908		
0.00118505		0.996883		0.0013525		0.000579642		
0.0167481		0.0746685		0.50314		0.405443		
0.223301		0.489435		0.201028		0.0862364		
0.997625		0.00081209		0.000929771		0.000633139		
0.998465		0.000316819		0.000616467		0.000601871		
0.266418		0.287844		0.109455		0.336283		
0.262492		0.0120177		0.341556		0.383934		
0.31248		0.212699		0.195183		0.279637		
0.000556458		0.00218092		0.000516533		0.996746		
0.303901		0.0702958		0.220746		0.405058		
0.0137184		0.480866		0.45343		0.0519856		
0.000617472		0.000383644		0.997844		0.00115513		
0.156936		0.384574		0.0899839		0.368506		
0.315007		0.115899		0.22734		0.341753		
0.184602		0.125109		0.324584		0.365704		
0.0512492		0.372838		0.559898		0.0160154		
0.999043		0.000434763		0.000291991		0.000230277		
0.000385522		0.000694716		0.000326012		0.998594		
0.111891		0.184291		0.276876		0.426942		
0.11501		0.365302		0.210916		0.308772		
0.999855		5.25062e-05		3.67358e-05		5.52892e-05		
0.287963		0.450926		0.159722		0.101389		
0.996809		0.000630285		0.00197787		0.000583249		
0.0610989		0.345495		0.402637		0.190769		
0.16185		0.200867		0.176301		0.460983		
0.000461575		0.000243189		0.00047883		0.998816		
0.998555		0.000667544		0.000600032		0.000177736		
0.128038		0.28275		0.56965		0.0195614		
0.196217		0.295171		0.207362		0.30125		
7.48967e-05		0.000256715		0.000293388		0.999375		
0.996852		0.000547697		0.00215471		0.000446029		
0.000259271		0.000261619		0.000307235		0.999172		
0.00222038		0.000129828		0.996824		0.00082557		
1		0		0		0		
0.996367		0.00115729		0.000265065		0.00221045		
0.000392593		0.000141818		0.999434		3.19955e-05		
7.50506e-05		0.999703		9.24268e-05		0.000129398		
0.000416865		0.000402793		0.997523		0.0016569		
0.000945068		0.00145349		0.000281128		0.99732		
3.07109e-05		2.15383e-05		2.9782e-05		0.999918		
0.000443332		0.000517221		0.000633198		0.998406		
0.00163916		0.997637		0.00028965		0.000434475		
0.00210756		0.996125		0.00173707		3.03683e-05		
0.997621		0.000401982		0.00101217		0.000964756		
0.000532767		0.998445		0.000283059		0.000738861		
0.00159264		0.99659		0.000959946		0.000857574		
0.996258		0.000613303		0.00200415		0.00112474		
0.00183683		0.000428656		0.00115248		0.996582		
8.86059e-05		0.000586487		0.00103585		0.998289		
0.000576484		0.998359		0.000785226		0.000278915		
0.000990019		0.998082		0.000428284		0.000499665		
0.000161966		0.000870568		0.0015534		0.997414		
4.11283e-05		0.000509991		0.00115982		0.998289		
0.000967975		0.99725		0.00125837		0.000523658		
0.999199		0.000250109		0.000426699		0.000123973		
0.000481567		0.00032446		0.998973		0.000221316		
0.000331971		0.00161559		0.996426		0.00162666		
0.000765836		0.996305		0.00207647		0.000853004		
0.00106061		0.00132806		0.000435553		0.997176		
4.04731e-05		3.1033e-05		3.78689e-05		0.999891		
0.000866284		0.997543		0.00106956		0.000521188		
9.61286e-05		0.000398162		0.999082		0.000423678		
0.000767012		0.000781819		0.000728513		0.997723		
0.000362978		0.00122841		0.00106877		0.99734		
0.000564416		0.000489106		0.998559		0.000387884		
9.76055e-05		0.998332		0.000685407		0.000884956		
0.998133		0.000103059		0.000957843		0.000806286		
0.000135455		0.998164		0.000220896		0.00147959		
0.000445325		0.000680995		0.000322899		0.998551		
0.000793924		0.000799381		0.000324663		0.998082		
0.998594		4.40051e-05		0.000591199		0.000771046		
0.00170797		0.000123023		0.997488		0.000680727		
0.00107725		0.000422031		0.000500715		0.998		
9.3734e-05		0.00168493		0.0015729		0.996648		
0.000925768		0.998254		0.000727458		9.2867e-05		
2.18966e-06		6.82445e-05		0.999789		0.000140503		
0.001007		0.000180199		0.997816		0.000996397		
0.00157792		0.99684		0.0011067		0.000475537		
0.000930225		0.998723		2.05802e-05		0.000326539		
7.72866e-05		0.999238		0.000168693		0.000515739		
