0.00104685		0.00099295		0.996824		0.00113598		
0.283822		0.210974		0.0562914		0.448912		
0.000928091		2.78427e-05		0.997457		0.00158704		
0.192834		0.353865		0.158213		0.295089		
0.996137		3.38488e-05		0.00214602		0.00168342		
0.173475		0.334748		0.417507		0.0742706		
0.000967548		0.000578831		0.000969246		0.997484		
0.260758		0.280026		0.310533		0.148683		
0.18188		0.561308		0.0245232		0.232289		
4.71758e-05		7.39513e-05		0.998957		0.000921842		
0.174753		0.277138		0.201891		0.346217		
0.0706085		0.563146		0.283008		0.0832377		
0.315301		0.0258887		0.373261		0.285549		
0.999492		2.28987e-05		0.000266254		0.00021866		
0.369534		0.251321		0.174916		0.204229		
0.0762053		0.359253		0.430016		0.134526		
0.99618		0.000136823		0.0021999		0.00148359		
0.00160023		0.00101594		0.00051274		0.996871		
0.512397		0.211433		0.120523		0.155647		
0.329352		0.0972696		0.431172		0.142207		
0.000750408		0.00159103		0.997527		0.000131219		
0.000640846		0.998715		0.000265865		0.000378446		
0.000444036		0.000882486		0.000544572		0.998129		
0.000814896		0.998398		0.000289824		0.000496842		
0.000308186		0.00148819		0.001063		0.997141		
0.302292		0.226003		0.270415		0.201289		
0.580439		0.0666194		0.0630758		0.289865		
0.237234		0.268316		0.310498		0.183952		
0.363993		0.118901		0.324734		0.192372		
0.239412		0.345965		0.0575123		0.357111		
0.266049		0.212654		0.285185		0.236111		
0.00137529		0.997211		0.000668406		0.000745365		
0.434576		0.418983		0.112542		0.0338983		
0.177807		0.165775		0.0909091		0.565508		
0.000104816		0.000236616		0.000193724		0.999465		
0.000684912		0.000575193		0.0011188		0.997621		
0.109186		0.318695		0.175262		0.396857		
0.000818433		0.00108169		0.997059		0.00104129		
0.00161486		0.996109		0.000560387		0.00171538		
0.0872698		0.192154		0.586069		0.134508		
0.486231		0.173838		0.189329		0.150602		
0.328312		0.270649		0.0202597		0.380779		
0.996758		0.000764457		0.00148441		0.000993317		
0.000687405		0.000801712		0.000706195		0.997805		
0.163004		0.040293		0.270452		0.526252		
0.0209205		0.355649		0.415421		0.20801		
0.996496		0.000653205		0.00177438		0.00107633		
0.169673		0.359076		0.397407		0.0738444		
5.07792e-05		0.00031107		0.99927		0.00036862		
0.150794		0.479025		0.223356		0.146825		
0.000334802		0.00101055		0.998203		0.000451522		
0.000159339		0.00112509		0.997336		0.00137964		
0.00149956		0.000647846		0.00114166		0.996711		
0.00161874		0.000126684		0.997551		0.000703798		
2.61639e-05		0.998527		0.00027659		0.0011699		
0.999848		5.84041e-05		3.11149e-05		6.28248e-05		
0.00135239		0.000109016		0.9975		0.0010386		
0.390379		0.253006		0.112858		0.243756		
0.184181		0.340141		0.248793		0.226885		
0.000362063		2.57648e-05		0.998266		0.00134655		
0.000624446		0.00123269		0.99709		0.00105302		
0.000823586		0.997613		0.000531129		0.001032		
0.000278451		0.000322201		0.99918		0.000219661		
0.996195		0.00126347		0.00136103		0.00118019		
9.33942e-06		0.999648		0.000225814		0.000116409		
0.997012		0.00147094		0.000516543		0.0010008		
0.996316		0.00159681		0.000897105		0.00118968		
0.000549493		0.000622068		0.00140656		0.997422		
7.88187e-05		0.000704503		3.30844e-05		0.999184		
0.999758		5.40075e-05		4.2929e-05		0.000145251		
0.000194941		0.00010044		5.40002e-06		0.999699		
0.000458227		0.000108986		0.000342943		0.99909		
0.000722871		0.998453		0.00057347		0.000250534		
0.000656605		0.000878255		0.997918		0.000547171		
0.996535		7.95774e-05		0.00196363		0.00142164		
0.998965		0.000403295		0.000414552		0.000217309		
0.999633		7.17203e-05		0.000247485		4.79819e-05		
0.996379		0.000397034		0.00186018		0.00136388		
0.997879		0.000675459		0.000849586		0.000596049		
0.998555		0.00102684		0.000326036		9.24328e-05		
0.000724811		0.000703826		0.997516		0.00105574		
0.998629		0.000345009		0.000604324		0.00042176		
0.000898487		0.000398692		0.998035		0.000667665		
0.997449		0.000219486		0.000397447		0.00193385		
0.997352		0.000843624		0.000946978		0.000857835		
0.000452111		0.00219597		0.99718		0.000172233		
0.00103148		0.000527898		0.000350774		0.99809		
6.26881e-05		6.37175e-05		0.000100157		0.999773		
9.5012e-05		0.998938		0.000347356		0.000620132		
0.00142263		0.998125		0.000449251		3.1198e-06		
0.000889123		0.000736628		0.99793		0.000444561		
0.000492873		0.998867		0.000455964		0.000183976		
0.000566248		0.998336		0.000474185		0.000623629		
0.000493103		0.000568041		0.000442763		0.998496		
0.000183594		0.00016862		0.000503255		0.999145		
0.000534537		0.00193546		0.000612035		0.996918		
0.000516215		0.000354254		0.998836		0.000293594		
1.3165e-05		0.999969		2.59456e-06		1.54905e-05		
0.000637052		0.000275011		0.00145512		0.997633		
0.000704894		0.000952708		0.997215		0.00112755		
