0.999094		0.000266609		0.000352187		0.000287455		
0.996961		0.000165895		8.82422e-05		0.00278492		
0.286759		0.0519903		0.378554		0.282697		
0.0201875		0.44124		0.488825		0.0497477		
0.000486434		0.000344421		0.997863		0.00130586		
0.000151153		0.000229789		0.000271402		0.999348		
1.08318e-05		0.00157964		0.00131968		0.99709		
0.00126799		0.996484		0.00224394		3.69677e-06		
0.000256459		0.000225246		0.998816		0.000701889		
0.999414		3.8916e-05		0.000251071		0.00029595		
0.0986031		0.0903862		0.0164339		0.794577		
0.320042		0.105505		0.338038		0.236415		
0.000194263		0.996746		0.00222795		0.000831689		
0.406929		0.368174		0.020552		0.204345		
0.997297		0.00140842		0.00112266		0.000172044		
0.000673277		0.00190801		0.996508		0.000910904		
0.0825054		0.306695		0.416415		0.194384		
0.788708		0.102652		0.0162532		0.0923867		
8.63202e-05		8.47665e-05		0.999676		0.000153132		
0.00151826		0.00140946		0.000501966		0.99657		
0.000335033		0.998672		0.000282197		0.000710895		
0.000810456		0.00072121		5.42716e-05		0.998414		
9.19335e-05		5.25767e-05		0.999812		4.29898e-05		
0.269481		0.310606		0.203824		0.216089		
0.00101017		0.000677487		7.79717e-05		0.998234		
0.195788		0.321816		0.278381		0.204014		
0.0350801		0.244262		0.357298		0.363361		
0.306277		0.284632		0.106782		0.302309		
0.00148817		0.997254		0.00100676		0.000251167		
0.000578199		0.998664		6.64435e-05		0.000691295		
0.510121		0.187854		0.192713		0.109312		
0.0874494		0.397166		0.323887		0.191498		
0.000500381		0.000508638		0.000412856		0.998578		
0.325482		0.120628		0.208779		0.345111		
0.26288		0.181744		0.369574		0.185801		
0.379352		0.0880352		0.216887		0.315726		
0.282328		0.0118534		0.350754		0.355065		
0.339726		0.38865		0.000391389		0.271233		
0.339801		0.162802		0.339328		0.158069		
0.119703		0.260593		0.566737		0.0529661		
2.34991e-05		0.000399485		0.00085436		0.998723		
0.269635		0.364682		0.201601		0.164082		
0.000394243		0.00253558		0.996379		0.000691275		
0.000152571		0.998891		0.000111196		0.000845608		
0.00164358		0.997027		0.00061805		0.000711031		
0.000508322		0.000359009		0.998922		0.000210794		
0.000985179		0.00152512		0.99673		0.000759236		
0.177025		0.165024		0.418345		0.239606		
0.000777031		0.997719		0.000246656		0.00125756		
0.272632		0.387232		0.0607012		0.279435		
0.262779		0.300644		0.314275		0.122302		
0.000110891		0.000469775		0.998855		0.000563865		
0.274276		0.0468484		0.287905		0.390971		
0.041272		0.166441		0.29364		0.498647		
8.2852e-05		0.997223		0.000169306		0.00252519		
0.000931652		0.996922		0.000278847		0.00186763		
0.416775		0.081269		0.239027		0.262929		
0.0482014		0.471942		0.274101		0.205755		
0.28186		0.180253		0.327784		0.210103		
0.996809		0.000751394		0.00161429		0.000825726		
0.21118		0.315076		0.121965		0.351779		
0.000988281		0.000717339		0.997121		0.00117329		
0.0776484		0.490849		0.0532446		0.378258		
0.00111963		0.000102475		0.0017193		0.997059		
0.268933		0.11704		0.272375		0.341652		
0.00079514		0.998242		0.000521306		0.000441367		
0.101344		0.0795073		0.304591		0.514558		
0.997172		0.00197969		0.000800062		4.83758e-05		
0.626506		0.0943775		0.148594		0.130522		
2.5974e-06		4.43182e-05		1.55844e-05		0.999938		
0.00228244		0.00114443		0.996461		0.000112199		
0.204315		0.351523		0.124365		0.319797		
0.0583756		0.268401		0.155457		0.517766		
0.120336		0.0298507		0.615672		0.234142		
0.00165355		0.997238		0.000367215		0.000740949		
0.000499297		0.000269438		0.00132892		0.997902		
0.000325458		0.000129107		0.999059		0.000486842		
0.298977		0.288367		0.0788177		0.333839		
0.00063735		0.000999559		0.996852		0.00151153		
0.000944605		0.000224906		0.997898		0.000932052		
0.282123		0.147424		0.298572		0.271881		
0.209629		0.319131		0.158926		0.312314		
0.000639435		0.000571482		0.998711		7.81456e-05		
0.999805		6.24915e-05		9.06657e-05		4.21553e-05		
0.294293		0.494649		0.190844		0.020214		
0.000644422		0.997746		6.28705e-06		0.0016032		
0.000335134		0.000560638		0.998766		0.000338603		
0.996508		0.00254133		0.000628194		0.000322663		
0.00226627		0.000101432		0.000315887		0.997316		
0.000495616		0.000271822		0.998305		0.000927874		
0.249892		0.208602		0.203441		0.338065		
0.497722		0.236456		0.078481		0.187342		
0.000433516		0.000476783		0.998766		0.000324076		
0.058592		0.370354		0.212068		0.358986		
0.998957		0.000415079		0.000305663		0.000322226		
0.263096		0.15362		0.188935		0.39435		
0.0014123		0.00145053		0.000285608		0.996852		
0.0594637		0.329965		0.291489		0.319083		
0.339989		0.212424		0.244592		0.202995		
0.292505		0.389397		0.315356		0.00274223		
0.372769		0.0767954		0.179743		0.370693		
0.00145737		0.00142886		0.996563		0.000551267		
0.99982		6.42438e-05		4.65856e-05		6.8858e-05		
0.297663		0.215662		0.164822		0.321853		
0.0868188		0.366286		0.543093		0.00380228		
0.99723		0.000776277		0.000718326		0.00127493		
0.355932		0.309138		0.261975		0.072955		
0.42463		0.0672948		0.0302826		0.477793		
0.000178732		0.00116564		0.998539		0.000116564		
0.0186916		0.278371		0.591455		0.111482		
0.996812		0.00172965		0.00119222		0.000265625		
0.000489544		0.000230723		0.000506295		0.998773		
0.000166115		0.000288733		8.81199e-05		0.999457		
0.283186		0.433038		0.126844		0.156932		
0.192308		0.148051		0.452582		0.20706		
0.999621		0.000126722		0.000191761		6.04236e-05		
8.1271e-05		0.000633783		0.998828		0.000456822		
0.233136		0.375148		0.0763314		0.315385		
0.341969		0.242783		0.132124		0.283124		
0.99827		0.000651948		0.000476656		0.000601865		
0.000199156		0.00197096		0.99702		0.000810358		
0.0602181		0.471788		0.0986249		0.369369		
0.129485		0.290952		0.300702		0.278861		
0.22475		0.468368		0.0144284		0.292453		
0.345316		0.119494		0.448608		0.0865823		
0.335008		0.357805		0.0892581		0.217929		
0.00117895		0.000611526		0.00209624		0.996113		
0.288296		0.609294		0.00430293		0.0981067		
0.000908039		0.998684		0.00040636		2.00672e-06		
0.997652		0.00095783		0.00127829		0.00011154		
0.286319		0.110014		0.214386		0.389281		
0.997313		0.00137709		5.83514e-05		0.00125205		
2.10376e-05		0.999051		0.00048639		0.000441791		
5.64799e-05		7.10909e-05		4.43042e-05		0.999828		
9.41695e-05		0.000772673		0.000144876		0.998988		
6.25862e-05		4.42235e-05		0.999785		0.000108034		
0.0534965		0.260839		0.343357		0.342308		
0.0442248		0.473985		0.19563		0.28616		
0.998805		0.00050279		0.000554967		0.000137556		
0.997625		0.00101769		0.000258535		0.00109878		
0.00190033		0.000681058		0.000777987		0.996641		
0.996453		0.000372131		0.000236458		0.00293829		
0.998469		0.000339583		0.000633333		0.000558333		
0.000678773		0.00125175		0.000381982		0.997687		
0.318381		0.116041		0.140907		0.424671		
0.999125		0.000264673		0.000249661		0.000360666		
0.328311		0.270147		0.296076		0.105466		
0.473354		0.215256		0.155172		0.156217		
0.000292019		0.000930016		0.000578747		0.998199		
0.304878		0.340622		0.350294		0.00420521		
0.0582053		0.242522		0.270816		0.428456		
0.000797812		0.998035		0.000712465		0.000454567		
0.997895		0.00078418		0.000397461		0.000923828		
0.261807		0.222016		0.323912		0.192265		
0.998047		0.000153066		0.00107606		0.000724003		
0.997902		0.00083538		0.00110579		0.00015649		
0.334657		0.144502		0.363636		0.157205		
0.449704		0.157133		0.246548		0.146614		
0.100056		0.354132		0.126476		0.419337		
0.347111		0.408688		0.0860396		0.158161		
0.348956		0.302819		0.192237		0.155987		
0.000126977		6.29414e-06		0.999758		0.000108916		
0.125215		0.438254		0.0832855		0.353245		
0.000359213		0.002166		0.996762		0.000713065		
0.255614		0.468956		0.226552		0.0488771		
0.284431		0.269461		0.388794		0.0573139		
0.329897		0.295383		0.00448229		0.370238		
0.19639		0.463538		0.323466		0.0166065		
0.458419		0.0948454		0.0109966		0.435739		
0.99923		0.000284915		0.000314713		0.000169903		
0.000612647		0.000303399		0.000415986		0.998668		
0.0158172		0.29174		0.347627		0.344815		
1.62943e-06		9.31726e-07		1.3451e-06		0.999996		
0.259644		0.293769		0.181306		0.265282		
0.996176		0.0015419		0.00134598		0.000936336		
0.161107		0.231154		0.332889		0.27485		
0.00107257		0.00114198		0.00105108		0.996734		
0.326923		0.296635		0.360577		0.0158654		
0.996691		0.00166056		0.00104859		0.000599448		
0.000616032		0.997855		0.00136021		0.000168289		
0.155244		0.180613		0.326013		0.338129		
0.00138656		0.996645		0.000260673		0.00170824		
0.997117		0.00119261		0.00125623		0.000433972		
0.0929678		0.134684		0.405244		0.367104		
0.000113923		0.000148365		0.000780681		0.998957		
3.8905e-05		0.999809		7.53477e-05		7.71535e-05		
0.99725		0.000507011		0.000690782		0.00155221		
0.000173177		8.20312e-05		0.999684		6.11979e-05		
0.608696		0.108696		0.0727788		0.20983		
0.000134392		0.997293		0.00212467		0.000447972		
0.355412		0.0363489		0.255654		0.352585		
0.214908		0.336399		0.376573		0.07212		
0.199727		0.419472		0.153321		0.22748		
0.000867765		0.000967074		0.997906		0.000258911		
0.996355		0.00252518		0.000214852		0.000904502		
0.0667904		0.156308		0.439239		0.337662		
0.148871		0.272866		0.303865		0.274397		
0.377808		0.380503		0.137466		0.104223		
0.000104526		0.0004431		0.999105		0.000346905		
0.494838		0.20354		0.00589971		0.295723		
0.218781		0.234765		0.214119		0.332334		
0.0967967		0.479109		0.271588		0.152507		
0.235152		0.280977		0.227917		0.255954		
0.997668		0.00107943		0.000262642		0.000989959		
0.366293		0.401851		0.129566		0.102289		
0.00172806		0.000599677		0.99634		0.00133242		
0.0230729		0.206607		0.514945		0.255375		
5.17102e-06		0.999914		4.84106e-05		3.23558e-05		
0.00139393		0.000564611		0.997113		0.000928173		
0.000752138		0.997973		0.000763163		0.000512042		
0.999277		0.00038113		1.07164e-05		0.00033081		
0.00151584		0.00143071		0.996977		7.68903e-05		
0.255975		0.0314465		0.169182		0.543396		
0.350126		0.319899		0.157431		0.172544		
0.000499656		0.000448478		0.000856553		0.998195		
0.555814		0.236047		0.126163		0.0819767		
0.999863		5.71952e-05		3.64762e-05		4.30473e-05		
0.188394		0.068545		0.389823		0.353238		
0.000112209		0.998715		0.000576383		0.000596564		
0.381364		0.398182		0.0836364		0.136818		
0.00117324		0.00115256		0.996457		0.00121717		
0.0589189		0.235135		0.437297		0.268649		
0.00731452		0.205329		0.310345		0.477011		
0.079795		0.614934		0.0241581		0.281113		
0.231382		0.244965		0.414052		0.109602		
0.00139513		0.00116364		0.997176		0.000265446		
0.18417		0.176053		0.305936		0.333841		
3.91831e-05		0.999746		0.000125834		8.88896e-05		
0.000175703		0.000252467		0.000771048		0.998801		
0.997914		0.00109525		3.75362e-05		0.00095315		
0.219286		0.35		0.2775		0.153214		
0.000440222		0.000771277		0.000765064		0.998023		
0.338598		0.0878274		0.198767		0.374807		
0.00090903		8.55218e-05		0.99832		0.000685136		
0.306017		0.268154		0.361515		0.0643154		
0.997988		0.000759861		0.00103501		0.000216843		
0.147815		0.385604		0.379606		0.0869751		
0.235512		0.0450062		0.605425		0.114057		
0.000131573		0.000458843		0.99918		0.000229896		
0.363057		0.228503		0.283439		0.125		
0.000234311		0.00034268		0.000321446		0.999102		
0.000596604		0.00183064		0.000326658		0.997246		
0.495354		0.248749		0.202287		0.0536097		
0.246054		0.241411		0.0714949		0.44104		
0.00017291		0.000405366		0.998613		0.000808442		
0.615272		0.0293686		0.353891		0.00146843		
0.000703863		0.996559		6.71625e-05		0.00267038		
0.29731		0.371521		0.258813		0.0723562		
0.000682497		0.000283818		4.14982e-05		0.998992		
0.998203		0.000518579		0.000433013		0.000845283		
0.441637		0.194037		0.216271		0.148055		
0.0295775		0.414085		0.198592		0.357746		
0.240983		0.201724		0.296521		0.260772		
0.259588		0.258168		0.277344		0.204901		
0.206635		0.306888		0.259647		0.22683		
0.0772532		0.371245		0.402146		0.149356		
0.155376		0.308602		0.498925		0.0370968		
0.188883		0.0516166		0.290981		0.46852		
0.0931135		0.563531		0.319108		0.0242483		
0.996273		0.00142092		0.00219245		0.000113197		
0.000765152		0.997418		0.000919902		0.000896976		
0.226685		0.4083		0.342258		0.0227577		
0.000556643		0.000184955		0.000590433		0.998668		
0.335974		0.228332		0.356943		0.0787512		
0.000250406		0.000122461		0.999625		2.13241e-06		
0.000278187		0.999461		9.01422e-05		0.000170733		
0.446067		0.148315		0.235955		0.169663		
0.124005		0.467507		0.0583554		0.350133		
0.312336		0.32196		0.306649		0.0590551		
0.22752		0.37683		0.138018		0.257633		
0.265374		0.239321		0.22781		0.267495		
0.999055		0.000156851		0.000236779		0.000551683		
0.000243941		0.0013919		0.997891		0.000473533		
0.328342		0.0562454		0.273557		0.341855		
0.000615095		0.0017292		0.99673		0.000925241		
0.000568785		0.000330109		0.998719		0.000382356		
0.00142122		0.000155987		0.00151654		0.996906		
0.000501045		0.000466472		0.99866		0.000372327		
0.000369207		0.998848		0.000427252		0.000355885		
1.54614e-06		3.22971e-05		4.8188e-05		0.999918		
0.00104282		0.996152		0.000757716		0.00204712		
0.165815		0.437065		0.391082		0.00603809		
0.996508		0.00125112		0.000988188		0.00125288		
0.00027182		0.00102804		0.00109077		0.997609		
0.337756		0.534549		0.0315091		0.0961857		
0.000438576		0.00139547		0.00123236		0.996934		
0.0313707		0.400097		0.194981		0.373552		
0.242365		0.137931		0.134975		0.484729		
0.996695		0.000988527		0.00125405		0.00106211		
0.207283		0.504762		0.0605042		0.227451		
0.000371316		0.000729303		0.000571256		0.998328		
0.00891862		0.80602		0.175028		0.0100334		
0.00209399		0.996148		0.0017324		2.51736e-05		
0.169421		0.346419		0.420799		0.0633609		
0.233897		0.09219		0.371578		0.302335		
0.0986547		0.481502		0.397422		0.0224215		
0.285403		0.234205		0.220588		0.259804		
0.284928		0.137646		0.286304		0.291122		
0.000570167		0.997051		0.00193186		0.00044719		
0.999566		8.22593e-05		6.11672e-05		0.000290167		
0.232987		0.263596		0.284695		0.218722		
0.0899415		0.236828		0.242682		0.430548		
0.00175797		0.000321231		0.996539		0.00138173		
0.341299		0.150859		0.258028		0.249813		
0.188406		0.336484		0.0913674		0.383743		
0.250936		0.293383		0.249688		0.205993		
0.998684		0.000560173		0.000102232		0.000654002		
0.368176		0.390605		0.159966		0.0812526		
0.000452986		0.000842731		0.00102069		0.997684		
0.000774067		0.00292496		0.996184		0.000117379		
5.36318e-05		0.000113598		0.999734		9.83953e-05		
0.471506		0.404919		0.00959808		0.113977		
0.05223		0.00586854		0.378521		0.56338		
0.0118435		0.259526		0.230175		0.498455		
0.000207707		0.000158452		0.999582		5.18105e-05		
0.00187444		0.00114315		0.996383		0.000599596		
0.00108402		0.000257471		0.000748349		0.99791		
0.0975919		0.34305		0.275454		0.283904		
0.997465		0.000440188		0.000101895		0.00199307		
0.626894		0.212753		0.0094697		0.150884		
0.29647		0.196937		0.0918758		0.414717		
0.376917		0.163118		0.0745315		0.385434		
8.57815e-06		1.74399e-05		1.30445e-05		0.999961		
0.076332		0.379098		0.379098		0.165471		
0.000666994		0.000185228		0.000600903		0.998547		
0.000778562		0.00107495		0.996477		0.00166993		
0.22307		0.231967		0.246584		0.298379		
0.137978		0.384791		0.334699		0.142532		
0.00013412		0.000931549		0.99777		0.0011648		
0.000536822		9.63287e-05		0.99852		0.000847318		
0.163486		0.307891		0.234141		0.294482		
0.166316		0.06		0.431579		0.342105		
0.0738007		0.053242		0.368477		0.504481		
0.9965		0.000152462		0.00198864		0.0013589		
0.146508		0.258092		0.370528		0.224872		
0.356169		0.163199		0.158178		0.322453		
0.99957		0.000144833		0.000163839		0.000121015		
0.000745565		0.997113		0.00145018		0.00069097		
0.00103299		0.00127445		0.99648		0.00121209		
3.07934e-05		0.999809		8.70633e-05		7.35496e-05		
0.00107082		0.996398		0.00113718		0.00139357		
0.997949		0.000604581		0.000639205		0.000806996		
0.263697		0.310468		0.255679		0.170156		
0.40911		0.113665		0.187631		0.289595		
0.184685		0.338589		0.254505		0.222222		
0.000602997		0.998133		0.000588974		0.000675217		
0.997863		0.00102802		0.000457228		0.000651475		
0.3425		0.249286		0.3125		0.0957143		
8.02769e-05		0.00157544		0.997766		0.000578663		
0.413483		0.0979775		0.255281		0.233258		
0.451468		0.0831259		0.0985565		0.366849		
0.00029274		0.000496978		0.998398		0.000811844		
0.000247105		0.000777478		0.0028387		0.996137		
0.000177657		2.39396e-05		0.000317935		0.99948		
0.224109		0.395161		0.040747		0.339983		
0.0204604		0.409207		0.21867		0.351662		
0.318463		0.161219		0.306979		0.213339		
0.118314		0.419233		0.417072		0.0453809		
0.560921		0.123328		0.278603		0.0371471		
0.24053		0.290246		0.0350379		0.434186		
0.00141566		0.99659		0.000698074		0.00129642		
0.177895		0.142105		0.171579		0.508421		
0.225551		0.187111		0.0887507		0.498587		
0.000471358		0.000510323		0.998531		0.000487069		
0.00224315		0.00155637		0.996176		2.47043e-05		
0.28723		0.378213		0.0991432		0.235414		
0.157695		0.158961		0.427486		0.255858		
0.00277648		0.000274652		0.996305		0.000644183		
0.0890382		0.152457		0.363293		0.395212		
0.00053197		0.996223		0.00294547		0.000299903		
9.19685e-05		0.00013309		0.999668		0.000106972		
0.997836		2.31907e-05		0.000980114		0.00116076		
0.000463656		0.999191		0.000135077		0.00020986		
0.996992		0.00144832		0.00019982		0.00135968		
0.247559		0.42627		0.00537109		0.320801		
0.000186119		0.999629		6.17854e-05		0.000123189		
0.000791049		0.996359		0.00142029		0.00142928		
0.372315		0.271679		0.026253		0.329753		
0.315343		0.281445		0.190455		0.212756		
0.28826		0.23673		0.223557		0.251453		
0.996867		0.00104282		0.00185487		0.000235124		
0.000532627		0.000159559		0.998672		0.000635939		
0.467554		0.103716		0.0388242		0.389906		
0.0631769		0.462696		0.182912		0.291215		
0.338768		0.330435		0.11087		0.219928		
0.998949		5.45074e-06		0.000448172		0.000597159		
8.09985e-05		0.000224304		0.999145		0.000550167		
0.000185844		0.000369865		0.999313		0.000131791		
0.0176236		0.523024		0.181922		0.27743		
0.000759646		0.997559		0.00133487		0.00034689		
0.567834		0.268053		0.103939		0.0601751		
0.000124604		0.99927		0.000183294		0.00042257		
0.000174261		0.000220731		6.59458e-05		0.999539		
0.110392		0.32859		0.285468		0.27555		
0.457635		0.0595903		0.0358473		0.446927		
0.359772		0.33093		0.26186		0.0474383		
0.998879		0.000116668		0.000417996		0.00058643		
0.0694161		0.211515		0.340139		0.37893		
4.06422e-06		7.88431e-06		3.67647e-06		0.999984		
0.110716		0.326807		0.313991		0.248487		
0.00551572		0.427468		0.117485		0.449531		
0.053021		0.311344		0.123921		0.511714		
0.00142954		0.99698		0.0011107		0.000479291		
4.56124e-05		1.308e-05		0.000140526		0.999801		
0.157998		0.474975		0.0897939		0.277233		
0.998227		0.000488102		8.72667e-05		0.00119807		
0.000329122		0.000439036		0.998934		0.000298248		
0.996512		0.00171228		0.000449972		0.00132602		
0.152384		0.29143		0.265422		0.290764		
0.996738		0.0006699		0.0011781		0.00141372		
0.0410959		0.133699		0.345753		0.479452		
0.332531		0.330125		0.185274		0.152069		
0.000144626		4.91925e-06		0.000905142		0.998945		
0.194097		0.13059		0.129696		0.545617		
0.00812313		0.32407		0.353997		0.313809		
0.340303		0.271089		0.328046		0.0605624		
0.585932		0.218315		0.12276		0.0729927		
0.999109		0.000376497		0.000206258		0.00030787		
0.243393		0.132992		0.26428		0.359335		
0.260748		0.3081		0.182243		0.24891		
0.569048		0.331548		0.0744048		0.025		
0.439617		0.307806		0.228277		0.0243004		
0.000258062		0.000332591		0.999246		0.000163253		
0.271471		0.189189		0.168769		0.370571		
0.147933		0.673677		0.144307		0.0340827		
0.999855		5.33681e-05		3.28957e-05		5.82674e-05		
0.000948227		0.000868726		0.997086		0.00109711		
0.476464		0.0758368		0.208682		0.239017		
0.491342		0.0611472		0.0984848		0.349026		
0.358845		0.200722		0.38556		0.0548736		
0.998191		0.00147262		0.000307561		2.8416e-05		
0.342427		0.0834691		0.388844		0.185261		
0.058209		0.0557214		0.449751		0.436318		
0.07981		0.0104513		0.445606		0.464133		
0.22049		0.100223		0.462138		0.217149		
0.34834		0.180465		0.341091		0.130103		
0.390634		0.17686		0.297521		0.134986		
0.00128588		0.00109644		0.00077784		0.99684		
0.606186		0.00412371		0.313402		0.0762887		
0.37524		0.186467		0.0718954		0.366398		
0.000137278		0.000594186		0.000772442		0.998496		
0.218094		0.34895		0.398492		0.0344642		
0.998383		0.000728154		0.000573373		0.00031566		
0		0		1		0		
0.00453515		0.128685		0.308957		0.557823		
0.00141255		0.997141		0.00084789		0.000598935		
0.417012		0.0892116		0.327801		0.165975		
0.254523		0.139738		0.0929507		0.512789		
0.161188		0.327678		0.210322		0.300813		
0.233595		0.24094		0.234574		0.290891		
0.448423		0.0924639		0.36558		0.0935329		
0.996996		0.000154613		0.00175964		0.00108965		
0.00299442		0.000756016		0.000128473		0.996121		
0.000519497		0.000346952		0.000610114		0.998523		
8.0485e-05		0.000627035		0.998023		0.00126904		
0.123898		0.36067		0.314815		0.200617		
0.000527579		0.999055		3.13842e-05		0.00038635		
0.997816		0.000733101		0.000651936		0.000798556		
0.319123		0.380024		0.269793		0.0310597		
0.300765		0.028887		0.490229		0.180119		
0.297736		0.167687		0.275092		0.259486		
0.0364116		0.482322		0.33562		0.145646		
0.000847364		0.000590316		0.00122248		0.99734		
0.00106526		9.82307e-06		0.998441		0.000483513		
0.00115097		0.00056975		0.000755842		0.997523		
0.157411		0.336534		0.359916		0.146138		
0.000257492		5.3124e-05		0.999555		0.000134697		
0.00116704		0.996832		0.000131999		0.00186893		
0.343336		0.144193		0.274357		0.238114		
0.000357897		0.00126529		0.997211		0.00116588		
0.184269		0.218242		0.274003		0.323486		
0.396602		0.239536		0.334438		0.029424		
0.00112115		0.00109387		0.997289		0.000495918		
0.000657752		0.998125		0.000637451		0.000579796		
0.000480653		0.996715		0.00189544		0.00090906		
0.00151776		0.997629		0.000696997		0.000156336		
0.331683		0.123762		0.281188		0.263366		
0.000515474		0.00050704		0.998613		0.000364205		
0.277378		0.230769		0.277757		0.214096		
0.402219		0.128988		0.140083		0.32871		
0.000946725		0.000398822		0.000736484		0.997918		
0.000783308		0.997867		0.000320702		0.0010288		
0.219072		0.425687		0.261598		0.0936426		
0.303814		0.171946		0.252424		0.271816		
0.00059043		0.000366081		0.998477		0.000566927		
0.000121315		5.56027e-05		0.000483238		0.99934		
0.256267		0.284819		0.272981		0.185933		
0.000232064		0.998844		0.000442415		0.000481771		
0.000723441		0.998879		0.000271889		0.000125764		
0.0356021		0.377487		0.0664921		0.520419		
0.000771416		0.00172823		0.997496		4.26197e-06		
0.996617		0.000192863		0.00226035		0.000929598		
0.999199		7.21425e-05		0.000559505		0.000169134		
5.17254e-05		0.000904271		0.998414		0.000629941		
0.319912		0.0490483		0.257687		0.373353		
0.00044342		0.997273		0.0019836		0.000299544		
0.31257		0.356693		0.0804598		0.250278		
0.000440927		0.996863		2.51161e-05		0.00267068		
0.99977		5.38183e-06		0.000147209		7.78782e-05		
0.298838		0.347957		0.133483		0.219723		
0.0741656		0.118665		0.669963		0.137206		
0.501374		0.208791		0.234203		0.0556319		
0.43725		0.198932		0.351135		0.0126836		
0.202653		0.0809698		0.37237		0.344007		
0.113911		0.464214		0.400202		0.0216734		
0.317466		0.30758		0.164042		0.210912		
0.996895		0.000694524		0.00210805		0.000302898		
0.000841712		0.00167165		0.000498356		0.996988		
0.000666338		0.998039		0.00045106		0.00084354		
2.0324e-05		0.999523		0.00024529		0.000210949		
0.000132689		0.997094		0.00107625		0.00169731		
0.00135267		0.997207		0.00128969		0.000150601		
2.09072e-05		8.70597e-05		0.999883		9.22061e-06		
0.000189004		0.999031		0.000576014		0.000203732		
0.146533		0.315307		0.212822		0.325338		
5.33537e-05		0.000179116		0.000119093		0.999648		
0.000879534		0.00170633		0.000683664		0.99673		
0.00912507		0.431025		0.425121		0.134729		
0.416014		0.146649		0.195387		0.24195		
0.999875		6.46467e-05		2.34298e-05		3.69235e-05		
0.0260586		0.0382736		0.549674		0.385993		
0.000936971		0.00122388		0.996707		0.00113212		
0.00121626		0.00138402		0.997004		0.000395809		
0.222222		0.249339		0.204365		0.324074		
0.000458083		0.998363		0.000558366		0.000620269		
0.00266746		0.000143755		0.996113		0.0010755		
0.998043		0.000610646		0.000888812		0.000457573		
0.000695491		0.00143554		0.997		0.000868966		
0.000811829		0.000131205		0.998414		0.000642903		
0.302757		0.102256		0.106266		0.488722		
0.489698		0.154533		0.00137363		0.354396		
3.9027e-05		3.41969e-05		0.999887		4.00574e-05		
0.147644		0.314136		0.348691		0.189529		
0.355086		0.358686		0.238074		0.0481548		
0.0229941		0.219667		0.350294		0.407045		
0.99875		0.00030479		0.000586901		0.000358309		
0.000300698		0.000160443		0.999125		0.000413859		
0.000204074		0.00046589		0.998984		0.000345661		
0.269088		0.28024		0.241922		0.20875		
0.000279377		0.998535		0.000354885		0.000830582		
0.338917		0.0642099		0.403127		0.193747		
0.144253		0.29007		0.195856		0.36982		
0.998363		0.000539806		0.000352085		0.000744828		
0.000146676		0.00102094		0.997398		0.00143395		
0.000416607		0.998535		0.000228462		0.000819775		
0.00127821		0.996574		0.00108726		0.00106031		
0.346683		0.114727		0.152274		0.386316		
0.107538		0.266252		0.311203		0.315007		
0.998797		0.000445579		0.000197095		0.000560451		
0.123214		0.39881		0.131548		0.346429		
0.998406		0.000165886		0.000719358		0.000708506		
0.341375		0.160032		0.300362		0.198231		
2.97721e-05		2.95377e-05		0.99991		3.0534e-05		
0.998422		0.000852188		7.48148e-05		0.000651123		
0.998477		0.000307554		0.000658099		0.000557785		
0.000489825		0.00107008		0.997926		0.000514316		
0.998117		0.0004689		0.000278935		0.00113498		
0.428421		0.167895		0.0489474		0.354737		
0.32384		0.160865		0.30538		0.209916		
0.00127806		5.10025e-05		0.00118656		0.997484		
0.346968		0.229196		0.118124		0.305712		
0.00141624		0.000306214		0.000605673		0.997672		
0.000269776		0.00168278		0.99657		0.00147713		
0.100931		0.340519		0.474277		0.0842724		
0.000730384		0.000537396		0.000868939		0.997863		
0.000477161		0.00102618		0.997742		0.000754475		
0.996949		0.00167829		0.00134879		2.37046e-05		
0.467373		0.104852		0.0418293		0.385945		
0.000303666		0.999262		0.000148635		0.000285981		
0.418753		0.0509786		0.306782		0.223487		
0.000506715		0.999148		9.46891e-05		0.000250158		
0.413586		0.0629371		0.328671		0.194805		
0.999852		5.99402e-05		1.74764e-05		7.10209e-05		
2.24133e-05		0.00238422		0.000179307		0.997414		
0.207698		0.285714		0.32663		0.179958		
0.00128209		0.00172804		0.996219		0.000771115		
0.00123868		0.000145556		0.00129545		0.99732		
0.150636		0.349109		0.290585		0.209669		
0.000217587		0.000212913		0.000186688		0.999383		
1.48777e-05		3.97418e-05		3.91304e-05		0.999906		
0.221923		0.402516		0.28212		0.0934412		
0.309859		0.110773		0.254663		0.324705		
2.75849e-05		0.997965		0.00016551		0.00184206		
0.318552		0.00713558		0.275229		0.399083		
0.139278		0.351879		0.296242		0.212601		
0.385246		0.120492		0.12541		0.368852		
0.996875		0.000994396		0.00061509		0.00151551		
0.000849901		0.997453		0.00108889		0.000608082		
0.056907		0.363162		0.220678		0.359253		
0.249403		0.175346		0.284759		0.290492		
0.468361		0.396266		0.0134855		0.121888		
0.00023708		0.998746		0.000482627		0.000534199		
0.164826		0.0425868		0.548896		0.243691		
0.000792345		3.34525e-05		0.000162483		0.999012		
0.000343696		0.00169128		0.996598		0.00136737		
0.00133416		0.997531		0.000748021		0.000386571		
0.00013606		0.00013793		0.99952		0.000206479		
0.000559242		0.000507497		0.000331698		0.998602		
0.412325		0.0526052		0.208417		0.326653		
0.231529		0.381272		0.143817		0.243382		
7.92451e-05		0.999809		5.60394e-05		5.61217e-05		
0.261249		0.143251		0.277778		0.317723		
0.000517592		0.99898		0.000466981		3.49583e-05		
0.997113		0.00120839		0.00166341		1.49184e-05		
1.28231e-05		2.09501e-05		0.999953		1.31018e-05		
0.998305		0.000683324		0.000368587		0.000643402		
0.00145408		0.000543786		0.00061151		0.997391		
0.996539		0.0001957		0.0020964		0.00116884		
0.00105169		0.996605		0.00163112		0.00071173		
0.000682078		0.99675		0.00142494		0.00114299		
0.996793		0.000397252		0.000997594		0.00181218		
0.000158727		0.000544122		0.000594025		0.998703		
0.00103004		0.997059		0.000729843		0.00118152		
0.00145912		0.00136905		5.8545e-05		0.997113		
0.998449		0.000116247		0.00106848		0.000366054		
0.000796825		0.998441		0.000243501		0.000518268		
0.998289		0.00080081		0.000318629		0.000591498		
0.000177439		0.998176		0.000460612		0.00118617		
0.99977		9.57966e-05		5.62526e-05		7.84195e-05		
0.00122009		0.996656		0.000588825		0.00153484		
0.000792438		0.000826469		0.000170155		0.998211		
0.99891		0.000160434		0.000470237		0.000459173		
7.80217e-05		3.46189e-05		0.999707		0.000180328		
0.00118985		0.00150596		0.00117919		0.996125		
0.999289		9.13295e-05		5.5514e-05		0.000564094		
0.000144993		0.997848		0.000196546		0.0018108		
0.00136571		0.99757		0.000171796		0.000892185		
0.996504		0.00139844		0.000919551		0.0011781		
0.000309601		0.00056552		0.998547		0.000578004		
0.998629		0.000196552		0.000242351		0.000932191		
0.00085176		0.99652		0.00214996		0.000478748		
0.00142356		0.000852614		0.0011457		0.996578		
0.998348		0.000553535		0.000550781		0.000548027		
0.999242		0.000387822		0.000107877		0.000262114		
0.998652		6.75476e-05		0.00111042		0.000169693		
0.00070004		0.998629		0.000162328		0.000508725		
0.00030372		0.000132878		0.00138762		0.998176		
0.99791		0.0009937		0.000109273		0.000986871		
0.000767014		0.001456		0.0011012		0.996676		
0.000122256		0.998352		0.000455436		0.00107075		
0.00135048		0.996141		0.00103036		0.00147853		
0.000178172		0.999441		0.000273278		0.000107144		
0.000350435		0.997023		0.001765		0.00086113		
2.08192e-05		2.9293e-05		2.41065e-05		0.999926		
0.00192845		0.996699		0.00135118		2.11453e-05		
0.000108329		9.51559e-05		0.999789		7.45301e-06		
0.999484		0.000117366		0.000208384		0.000189875		
0.000165943		0.000315953		0.999316		0.000201697		
1.3816e-05		0.000487013		0.00254214		0.996957		
0.000870882		0.000158643		0.997863		0.00110719		
0.999965		3.34253e-06		2.62926e-05		5.52114e-06		
0.997277		0.0010826		0.000333936		0.00130612		
0.000297689		0.999086		0.000170308		0.000446066		
0.00152375		0.996648		0.000687979		0.00113984		
0.000255799		0.996668		0.000259121		0.00281711		
0.999242		0.000399326		0.00015676		0.000201726		
0.000148069		0.999273		0.000233942		0.000344552		
0.000134738		1.05505e-05		0.000214086		0.999641		
0.000151539		0.00149691		0.00133983		0.997012		
0.000296188		0.00161649		0.000657639		0.99743		
0.00134312		0.996848		0.000693025		0.0011162		
0.000939294		0.00147069		0.000937669		0.996652		
0.997539		0.0010991		8.8038e-05		0.0012738		
0.000112753		0.996375		0.00278217		0.000730074		
0.998348		0.000785953		0.0001039		0.000762491		
0.000777479		0.000180104		0.000948667		0.998094		
0.998313		0.000901252		0.000485831		0.000300417		
0.999285		0.000398068		6.29356e-05		0.00025384		
0.000758587		0.00167618		0.000420701		0.997145		
0.99816		0.000532046		0.000455274		0.000852523		
0.998133		0.00106063		0.000496035		0.000310526		
0.00053677		8.44753e-05		0.998684		0.000695161		
0.000841461		0.997867		0.00105807		0.000233276		
2.44409e-05		1.72735e-05		0.999957		1.2543e-06		
1.50487e-05		0.999961		1.3341e-05		1.06728e-05		
5.53711e-05		0.998418		0.00025708		0.00126958		
0.999734		8.8009e-05		5.50671e-05		0.000122549		
0.998207		0.000419383		0.000997623		0.000375962		
0.000613176		0.000474911		0.998637		0.000275194		
0.99682		0.000909104		0.000308834		0.00196175		
0.997402		0.000604983		0.00126921		0.000723466		
0.00100759		0.000868774		0.000650982		0.997473		
0.00014151		9.08885e-05		7.2289e-05		0.999695		
0.999695		8.42586e-05		0.000103041		0.000117388		
0.997594		0.000121437		0.000301343		0.00198347		
0.000515817		0.000465678		0.998926		9.27235e-05		
0.998043		0.00039487		0.000432972		0.00112919		
1.25601e-05		0.999184		0.000654521		0.000149326		
0.00143013		0.00120682		0.000273198		0.99709		
0.000825993		0.000355294		0.998121		0.00069762		
0.0019981		0.997047		0.000822947		0.000132078		
0.000231783		0.99941		0.000338101		1.99602e-05		
0.99766		0.000115239		0.00135781		0.000866794		
0.997984		0.000808688		0.000159841		0.0010471		
0.0013457		0.000786199		0.997309		0.000559504		
0.999066		9.72949e-05		0.000197869		0.000638429		
0.00174697		0.00159283		0.000476608		0.996184		
0.00113391		0.000542017		0.996848		0.00147641		
0.00150314		0.996316		0.00161115		0.000569303		
0.999363		0.000109808		0.00026005		0.00026686		
0.997266		0.00171179		0.000580213		0.000442373		
0.000969599		0.997973		0.000985922		7.18222e-05		
0.000124288		0.999742		0.000116462		1.70623e-05		
2.44148e-05		0.0015361		0.00112308		0.997316		
0.996949		0.00156673		8.06101e-05		0.00140344		
0.000439118		0.997141		0.000676549		0.00174371		
0.996938		0.00209173		0.000225263		0.000745512		
0.999578		0.00028183		8.91591e-05		5.0886e-05		
0.996516		4.28846e-05		0		0.00344149		
0.00147852		0.996949		0.001452		0.000120263		
0.000144363		0.00178122		0.00107051		0.997004		
0.000476562		0.000462121		0.999047		1.44413e-05		
0.00225217		0.000483057		0.00081555		0.996449		
0.000234136		0.999398		8.38914e-05		0.000283535		
2.79351e-05		8.64855e-05		3.40169e-05		0.999852		
7.02522e-05		0.999484		4.6393e-06		0.000440733		
4.82537e-06		3.52967e-05		4.19092e-05		0.999918		
0.000356739		0.000378751		0.000198104		0.999066		
0.000114627		2.17922e-05		0.999687		0.000176081		
0.000154138		0.000143604		4.60089e-05		0.999656		
0.000192609		0.999281		0.000141409		0.000384731		
0.000791337		0.000234848		0.996125		0.00284881		
0.00106635		0.997211		0.000380986		0.00134173		
0.000201245		3.37137e-05		7.75415e-05		0.999687		
0.000577646		0.000991917		0.997773		0.000656999		
5.59176e-05		0.999867		4.47341e-05		3.21609e-05		
0.997391		0.00103922		0.000166074		0.00140408		
0.000143724		0.000177278		0.000198529		0.99948		
0.0012292		0.000800964		0.00121202		0.996758		
0.996719		0.00129968		0.000941007		0.00104056		
0.000148196		0.998203		0.00134801		0.000300667		
0.997676		0.0011873		0.000335161		0.000801757		
0.996121		0.00157241		0.000760144		0.00154635		
9.15866e-05		0.99948		0.000239503		0.000188442		
0.00022614		0.000780124		0.00111874		0.997875		
0.000894296		0.0012244		0.000244581		0.997637		
0.000971891		0.997242		0.000724639		0.00106128		
0.000754749		0.998133		0.000698625		0.000413814		
0.998203		0.00107161		0.000474937		0.000250328		
0.000283957		0.00117499		0.00160746		0.996934		
0.000880878		0.000400399		0.00236716		0.996352		
0.00106651		0.000129671		0.00115538		0.997648		
0.00142765		5.74344e-05		0.00121022		0.997305		
0.00142346		0.996242		0.00028404		0.00205031		
0.999098		0.000390649		0.000125762		0.000385933		
0.998195		0.000737229		0.00063487		0.000432589		
0.000593883		0.000832895		0.00034666		0.998227		
0.996121		0.00351515		0.000288127		7.56333e-05		
0.997289		0.00202399		8.88477e-05		0.000598097		
0.996289		0.000714753		0.00061849		0.0023777		
0.000131347		0.000172847		0.999508		0.000187994		
0.000207486		0.999355		0.000160397		0.000276648		
0.000198913		7.45924e-05		0.99857		0.00115618		
0.000180134		0.000101782		0.000112615		0.999605		
0.000869689		0.000886588		0.000825754		0.997418		
0.997574		0.000388282		0.000270621		0.00176688		
0.998188		0.000213334		0.00129344		0.000305723		
0.000331578		0.000690278		0.998664		0.000314081		
0.000714763		0.000500431		0.000753556		0.998031		
0.997496		0.000804733		0.000990745		0.000708429		
0.00131134		0.00130674		0.00108895		0.996293		
0.996535		0.00139103		0.000873633		0.00120018		
0.00105032		0.997828		0.000835337		0.000286216		
0.000642776		0.000168013		0.997961		0.00122827		
0.000119533		8.2993e-05		0.999664		0.000133412		
0.997285		0.000832935		0.000719296		0.00116261		
0.000861521		0.996805		0.00106376		0.00127004		
0.99866		8.40421e-05		0.000835591		0.000420211		
0.998637		0.000524924		0.00033093		0.000507427		
0.00114644		0.000936239		0.997156		0.000761072		
1.85785e-06		0.998629		1.11471e-05		0.00135809		
0.99748		0.000771423		0.00110526		0.000642853		
0.996434		0.00160786		0.000227941		0.0017306		
0.000397479		0.000373717		0.998961		0.000267866		
0.00148686		0.00142558		0.99657		0.000517247		
0.000876195		0.000335386		0.00202279		0.996766		
0.00131722		0.0018288		0.996129		0.000725075		
0.999254		0.000168071		0.000359708		0.000218315		
0.000232143		0.00019043		0.000186802		0.999391		
0.000107466		0.996848		0.00236665		0.000678232		
0.999227		0.000203874		0.000380877		0.000188686		
0.000538628		0.000551541		0.000105143		0.998805		
0.000401239		0.000543695		0.00055116		0.998504		
0.000940099		9.65855e-05		0.001518		0.997445		
0.00199393		0.996164		0.000265857		0.00157615		
0.000603939		0.998848		0.000510224		3.81801e-05		
0.000100078		0.998332		0.000948567		0.000619324		
6.46762e-05		0.000156301		0.999684		9.54291e-05		
0.00107745		0.000894219		0.0003213		0.997707		
0.000149578		0.999492		0.000101814		0.00025642		
0.996332		0.000459283		0.000138414		0.00307027		
0.000846895		1.7522e-05		0.997715		0.00142074		
0.000490534		0.000608626		0.000639122		0.998262		
0.996512		0.00102197		0.000818239		0.00164807		
0.996832		0.00114317		0.000697414		0.00132739		
6.02348e-05		0.997563		0.00191346		0.000463808		
0.000665514		0.000220027		0.000485553		0.998629		
8.37101e-06		7.91106e-06		1.10617e-05		0.999973		
0.000178698		0.000549903		0.998711		0.000560462		
0.000699553		0.998512		0.000467523		0.000321206		
0.00205706		0.000214916		0.996695		0.00103271		
0.00147478		0.000594544		0.997684		0.000247083		
0.000128153		0.999484		0.000264248		0.000123224		
0.00070321		1.56462e-05		0.000562394		0.998719		
0.000174169		0.000329138		0.00127404		0.998223		
0.000136788		0.000724525		0.998812		0.000326187		
0.000151525		8.07482e-05		0.000142727		0.999625		
8.33333e-05		0.0003125		0.999594		1.04167e-05		
0.000289685		0.000693611		0.000758892		0.998258		
0.000609337		0.998832		0.000229922		0.00032871		
0.000172226		0.00101545		0.997441		0.00137092		
0.0022436		0.00112523		0.000349919		0.996281		
0.997652		0.000868008		0.000308423		0.00117123		
0.000195908		0.000622254		8.80881e-05		0.999094		
0.998199		0.000531		0.000717471		0.000552311		
0.997266		0.000608227		0.00212086		5.28893e-06		
0.000229415		0.000883557		0.997852		0.00103547		
0.998695		0.000724826		0.000474432		0.000105429		
0.000895992		0.000916278		0.00185961		0.996328		
0.000154865		5.24059e-05		0.999672		0.000120854		
0.00274769		0.996309		0.000317782		0.000625934		
0.000217764		4.40091e-05		0.000187446		0.999551		
0.000529509		0.000480176		0.000505939		0.998484		
0.000226557		0.99916		0.000327629		0.000285658		
0.000483989		0.00143132		0.000846407		0.997238		
0.00219904		0.996805		4.70964e-05		0.000949174		
3.90294e-05		0.999488		0.000210325		0.000262364		
0.996746		0.00141543		0.000189778		0.0016487		
0.999355		0.000288939		7.57874e-05		0.000279804		
0.00165368		0.00189114		6.84577e-05		0.996387		
0.000160428		0.00016092		0.999543		0.000135684		
0.000301106		0.000747514		0.00151779		0.997434		
0.00015462		0.000157442		0.000133251		0.999555		
0.999352		0.000538314		8.61302e-06		0.000101511		
0.000199011		0.00230249		0.996914		0.000584439		
0.00024163		0.000993158		0.997426		0.00133943		
0.000177846		0.999395		0.000163686		0.000263937		
0.00024537		0.00104378		0.998223		0.000488197		
0.996551		0.00158807		0.00109556		0.00076559		
0.00125308		7.24482e-05		0.000971342		0.997703		
0.999398		0.000224292		0.000152978		0.000224292		
3.8414e-06		9.43886e-05		0.000116614		0.999785		
0.00027591		0.000305449		8.4847e-06		0.99941		
0.000146218		0.998973		0.000367453		0.000513672		
0.000287289		0.000214419		0.000392823		0.999105		
0.000564415		0.000788051		0.997676		0.000971752		
0.999762		5.5049e-05		8.94745e-05		9.37578e-05		
9.27628e-05		0.000803944		0.996207		0.00289626		
0.997957		0.00051178		0.00104016		0.000491032		
0.000425242		0.99859		0.000340193		0.000644721		
0.000833615		0.00160438		0.000683101		0.996879		
0.00174895		0.00115795		0.997031		6.1849e-05		
4.5453e-05		0.999035		0.000305086		0.000614305		
0.00135132		7.61499e-05		0.997289		0.00128347		
0.00124136		0.000419074		0.997926		0.000413786		
4.98964e-05		0.000357995		0.00026789		0.999324		
0.000343202		0.000366786		0.000153293		0.999137		
0.000542388		0.996297		0.00210787		0.00105287		
0.00127288		0.997234		0.000460937		0.00103181		
0.996734		0.000460434		0.00103797		0.00176722		
0.000725496		0.000867161		0.996855		0.00155187		
0.99991		2.66506e-05		1.14451e-06		6.20486e-05		
0.00112895		0.000808658		0.00109364		0.996969		
0.000467186		0.00120848		0.00170324		0.996621		
0.99827		0.000688384		0.000760646		0.000281439		
0.999707		7.86413e-05		0.000112153		0.000102174		
