0.432397		0.172959		0.38806		0.00658472		
0.080222		0.491423		0.133703		0.294652		
0.238116		0.428695		0.204408		0.128781		
0.423741		0.516547		0.0381295		0.0215827		
0.000143971		0.00130011		0.99725		0.00130592		
3.32769e-05		0.000456536		0.0002055		0.999305		
0.999313		0.000132772		0.0003125		0.000242228		
0.997723		0.00093773		0.000221615		0.001118		
0.0010897		0.996938		0.000948631		0.00102417		
0.000433053		0.00131409		0.00130364		0.996949		
0.000274091		6.35232e-05		7.2542e-05		0.99959		
0.000849114		0.000421904		0.997828		0.000900857		
4.98537e-05		7.30168e-05		0.999789		8.8067e-05		
0.188497		0.251993		0.276196		0.283314		
0.00135829		0.00135568		0.000774305		0.996512		
0.230222		0.258653		0.265142		0.245983		
0.00696621		0.341693		0.32776		0.323581		
0.361488		0.0956993		0.281674		0.261139		
0.000376861		0.000605718		0.998668		0.000349453		
0.361632		0.249173		0.314223		0.0749724		
0.22439		0.327875		0.119512		0.328223		
0.000130469		0.000208562		4.7186e-06		0.999656		
0.216783		0.312687		0.205794		0.264735		
0.27957		0.344086		0.216788		0.159556		
0.0591017		0.0685579		0.611505		0.260835		
0.0670535		0.586074		0.00902643		0.337847		
0.00101327		0.99743		0.00133421		0.000222835		
0.129032		0.0983103		0.0721966		0.700461		
0.000370953		0.000363122		0.998969		0.000297175		
0.00117921		0.00047123		0.99659		0.00175971		
0.998691		0.000601378		0.000483917		0.000223299		
0.262719		0.621351		0.0058382		0.110092		
0.00176629		0.000711548		0.00127216		0.99625		
0.00111976		0.0016857		0.996672		0.00052267		
5.58281e-05		0.999816		5.45782e-05		7.31875e-05		
0.228132		0.0584615		0.284835		0.428571		
0.00185481		0.99691		0.000240649		0.00099438		
0.110032		0.119741		0.362922		0.407305		
0.000326603		0.999293		0.000201188		0.00017924		
0.000460512		0.00229953		0.997219		2.12078e-05		
0.000702458		7.69817e-05		0.998027		0.00119322		
0.456373		0.383737		0.0045683		0.155322		
0.00118978		8.26432e-05		0.000555704		0.998172		
0.996328		0.0010914		0.000503559		0.00207691		
0.00134935		0.996371		0.00207782		0.00020173		
0.996352		0.000833168		0.00065436		0.00216091		
0.204358		0.295642		0.22314		0.27686		
0.000184308		0.000289627		0.000647158		0.998879		
0.104507		0.168517		0.403005		0.323971		
0.253769		0.575377		0.00628141		0.164573		
0.440974		0.0266422		0.222784		0.3096		
0.000691837		0.998117		0.000537946		0.000653029		
0.169964		0.390288		0.134892		0.304856		
0.132376		0.509304		0.0738969		0.284423		
0.420543		0.0936693		0.390181		0.0956072		
0.00150356		0.00163922		0.996852		5.65249e-06		
0.000554308		9.89836e-05		0.000706083		0.998641		
0.397219		0.0325945		0.428075		0.142112		
0.00153149		0.000789775		0.996988		0.000690453		
0.00173074		0.0012217		0.000891304		0.996156		
0.0840544		0.448084		0.409765		0.0580964		
0.363324		0.170416		0.216927		0.249333		
0.00162727		0.000539596		0.00104016		0.996793		
0.997441		0.00107392		0.000702747		0.00078193		
0.311104		0.306703		0.295531		0.0866622		
0.331052		0.104363		0.294696		0.269889		
0.000903176		0.00044284		0.998383		0.000271171		
0.142545		0.394403		0.398776		0.0642763		
0.346736		0.185111		0.365446		0.102707		
0.000827022		0.997805		5.59412e-05		0.00131235		
0.000245794		0.996316		0.00055802		0.00287978		
0.000388712		0.000347502		0.999184		8.01927e-05		
0.998512		0.000148432		0.0007006		0.000639248		
0.00116447		0.000586803		0.00158857		0.99666		
0.382537		0.378196		0.0752533		0.164014		
0.21267		0.0899321		0.432127		0.265271		
0.119882		0.290418		0.381596		0.208105		
0.000612763		0.996273		0.00153839		0.00157541		
0.194396		0.326328		0.0431991		0.436077		
0.999902		3.25274e-05		1.83013e-05		4.68276e-05		
0.0238462		0.107692		0.711538		0.156923		
0.180763		0.401327		0.408789		0.00912106		
0.000471885		0.0010362		0.997363		0.00112863		
0.436434		0.202143		0.203604		0.157818		
0.000526113		0.000277653		0.998715		0.00048139		
0.000517928		0.00113177		0.996535		0.00181515		
0.000630556		0.997074		0.00150773		0.000787495		
0.00119356		0.996437		0.000383716		0.00198523		
0.000102522		0.00104843		0.996977		0.00187248		
0.336478		0.340147		0.0665618		0.256813		
0.000169756		0.000497107		0.999008		0.000325324		
0.360176		0.170815		0.443631		0.0253782		
0.000408367		0.996879		0.00207392		0.000638803		
0.147008		0.117374		0.515398		0.220221		
0.000125		0.998859		3.64583e-05		0.000979167		
0.273224		0.221858		0.0923497		0.412568		
0.998027		0.000710516		0.000995322		0.000266818		
0.00113595		0.00109365		0.996387		0.00138368		
0.000704396		0.00049705		0.000497773		0.998301		
0.245758		0.464014		0.0906963		0.199532		
0.126338		0.18344		0.669522		0.0206995		
0.0455319		0.333617		0.360426		0.260426		
0.000586303		0.997371		0.00123662		0.000805985		
0.228984		0.106124		0.342716		0.322176		
0.0013168		0.000134296		0.998484		6.45318e-05		
0.367089		0.229958		0.366245		0.0367089		
0.00017791		0.998133		0.000851548		0.00083773		
0.00111162		0.998668		3.35404e-05		0.000186868		
0.0970787		0.442697		0.0921348		0.36809		
0.000354589		0.000910112		0.998211		0.000524362		
0.121854		0.387638		0.270199		0.220309		
0.374046		0.263134		0.22317		0.13965		
0.997656		0.000589218		0.00110232		0.000652208		
0.997434		0.00065708		0.00174955		0.000159776		
0.0005743		0.000550834		0.000566272		0.998309		
1.68789e-05		0.000123891		0.999645		0.000214699		
0.000377235		6.99243e-05		0.000404403		0.999148		
0.999527		7.68249e-05		0.000224865		0.000170966		
3.90678e-05		0.00119017		0.997953		0.000817634		
0.252924		0.00974659		0.346979		0.390351		
0.00056038		0.00116812		0.997539		0.000732441		
0.000244792		0.000657512		0.998531		0.000566446		
0.997285		0.00107407		0.000645837		0.000994938		
0.110583		0.160691		0.311447		0.417279		
0.000486927		0.996379		0.00182426		0.0013099		
0.00145165		0.997656		0.000585138		0.000306958		
0.000137295		0.000240996		0.999289		0.000332647		
0.462466		0.241957		0.140751		0.154826		
0.000188749		8.47445e-05		0.999543		0.000183538		
0.296487		0.241217		0.357326		0.10497		
0.000153864		0.00266698		0.996156		0.00102291		
0.000702264		0.000353322		0.000124101		0.99882		
0.000258602		0.998059		0.000679934		0.00100287		
0.396294		0.221822		0.274318		0.107566		
0.234389		0.0171946		0.474208		0.274208		
0.000211022		0.997227		0.0023246		0.000237819		
0.201533		0.25008		0.250399		0.297988		
0.000479529		0.00181898		0.997086		0.00061555		
0.000797363		0.00139037		0.996117		0.00169508		
0.000939337		0.00101677		0.997473		0.000571234		
0.176223		0.374368		0.356661		0.0927487		
0.0682475		0.308849		0.564488		0.0584153		
0.322034		0.163559		0.150424		0.363983		
0.997797		0.000864517		0.000229794		0.00110881		
0.997488		0.000364632		0.00146361		0.000683472		
0.0312869		0.390201		0.126328		0.452184		
0.320976		0.0926829		0.334146		0.252195		
0.000288697		0.000336876		0.999145		0.000229895		
0.317528		0.247736		0.349494		0.0852424		
0.185297		0.308684		0.197764		0.308255		
0.186352		0.305774		0.188976		0.318898		
0.219776		0.221174		0.297694		0.261356		
0.00135354		0.00110826		0.996633		0.000905386		
0.265259		0.326296		0.324002		0.0844424		
0.000408807		0.00038426		0.99882		0.00038662		
0.00108874		0.00177106		0.00059332		0.996547		
0.997949		0.000621905		0.00109102		0.000337852		
0.136073		0.383138		0.377801		0.102988		
0.000566752		2.37798e-05		0.00112822		0.998281		
0.239309		0.0276458		0.340821		0.392225		
0.276411		0.210709		0.270043		0.242836		
0.153767		0.223475		0.46694		0.155818		
0.000101305		0.000128089		0.999676		9.48248e-05		
0.000508711		0.000225274		0.000480859		0.998785		
0.00114879		0.99725		0.000994832		0.000606374		
0.996168		0.0012173		0.00170494		0.000909789		
0.996969		0.000819691		0.00181618		0.00039538		
0.383675		0.243998		0.220428		0.151899		
0.996309		0.000611572		0.00162598		0.00145386		
1.88144e-05		0.999875		4.39433e-05		6.22423e-05		
0.00058043		0.996668		0.00177394		0.000977662		
0.341917		0.352647		0.275393		0.0300429		
0.00124506		0.000731677		0.996289		0.0017342		
0.237326		0.418573		0.0493495		0.294751		
0.000807568		0.000848218		0.997832		0.000512183		
0.000536959		0.000356993		0.998906		0.000199799		
0.49732		0.174705		0.0128617		0.315113		
0.00178455		0.997074		0.000229127		0.000912103		
0.125134		0.341568		0.471536		0.0617615		
0.16798		0.380296		0.0103448		0.441379		
0.326436		0.297895		0.266143		0.109526		
0.0778881		0.203868		0.49817		0.220073		
0.26493		0.594663		0.0997459		0.0406607		
0.000179052		0.998988		0.000340147		0.00049252		
0.9965		0.00185908		0.000676878		0.000964038		
0.000261467		0.000745292		0.998094		0.000899491		
0.321024		0.194713		0.37264		0.111624		
0.456616		0.0211497		0.190889		0.331345		
0.229111		0.303235		0.413297		0.0543576		
0.997574		0.00154748		0.000811382		6.69181e-05		
0.998496		0.000264863		0.000934127		0.000304916		
0.199871		0.164942		0.163001		0.472186		
0.00103631		0.00149851		0.997199		0.000265969		
0.998922		0.000442065		9.32798e-05		0.00054278		
0.997613		0.000806882		0.0011019		0.000477934		
0.332623		0.00554371		0.286567		0.375267		
0.997082		0.00205897		0.000367205		0.000491792		
0.000289598		4.97105e-05		0.000199754		0.999461		
0.205109		0.0879038		0.40571		0.301277		
0.0234742		0.435837		0.0383412		0.502347		
0.396653		0.162762		0.341841		0.0987448		
0.326772		0.35748		0.157874		0.157874		
4.10781e-05		0.000189986		0.000632217		0.999137		
0.0423467		0.429202		0.292898		0.235554		
0.000927017		5.13682e-05		0.000150521		0.998871		
0.455581		0.132878		0.340926		0.070615		
0.000282738		0.000282738		0.999258		0.000176711		
0.000721964		0.000789792		0.998184		0.00030465		
0.434187		0.110424		0.265018		0.190371		
0.209026		0.327791		0.156091		0.307092		
0.178382		0.716553		0.0725624		0.0325019		
0.997566		0.0017528		0.000502977		0.00017782		
0.000731904		0.00141682		0.00101924		0.996832		
0.283804		0.0932392		0.322437		0.30052		
0.133033		0.461105		0.0202931		0.385569		
0.311399		0.142725		0.26228		0.283596		
0.000485739		0.00170361		0.997723		8.79963e-05		
0.000326936		0.999293		0.000124927		0.000255169		
0.997867		0.000189711		0.000856574		0.00108653		
2.59576e-05		6.13953e-06		0.999934		3.43091e-05		
0.000880826		0.996758		0.00104949		0.00131187		
0.999695		0.000147429		3.21664e-05		0.000125092		
0.000243167		0.999223		0.000453779		8.03979e-05		
0.160082		0.29177		0.22963		0.318519		
0.300967		0.30701		0.0918614		0.300161		
0.000364866		0.997203		0.00115369		0.00127831		
0.000374035		0.000230913		0.000309114		0.999086		
0.368128		0.425191		0.151009		0.0556715		
0.152334		0.002457		0.363636		0.481572		
0.000235475		0.000191666		0.999184		0.000389265		
1.51675e-06		1.12346e-06		0.999996		1.26604e-06		
0.000332097		0.00165078		0.000423376		0.997594		
0.000942089		0.000425494		0.997988		0.000644136		
0.232456		0.285575		0.0774854		0.404483		
0.997238		0.00118665		0.00102197		0.000553098		
0.00135857		0.00116909		7.38973e-05		0.997398		
0.315282		0.477745		0.0378338		0.169139		
0.125434		0.395637		0.0976698		0.381259		
0.000548422		0.000388035		0.998328		0.000735418		
1.0017e-05		0.000118296		0.999855		1.6218e-05		
0.398571		0.387857		0.0535714		0.16		
1.82001e-05		0.996902		0.000829924		0.00224953		
0.51176		0.160584		0.136253		0.191403		
0.528371		0.26308		0.100958		0.10759		
0.222758		0.0221794		0.215043		0.540019		
0.00024741		0.000792658		0.000526338		0.998434		
0.27223		0.279754		0.199042		0.248974		
0.000921345		0.000121354		0.998105		0.000851832		
0.343668		0.468734		0.186022		0.00157646		
0.374802		0.0738007		0.0564048		0.494992		
0.000104553		7.03153e-05		0.999488		0.000336851		
0.140436		0.310734		0.381356		0.167474		
0.160399		0.320344		0.400997		0.11826		
0.00158868		0.00052638		0.000256034		0.997629		
0.115544		0.449223		0.339896		0.0953368		
0.999418		0.000233619		0.000140064		0.000208348		
0.132044		0.267452		0.250631		0.349874		
0.0474553		0.248281		0.298487		0.405777		
0.369842		0.356339		0.246062		0.0277569		
0.410431		0.0209751		0.43424		0.134354		
0.998668		0.000740135		0.000555895		3.60008e-05		
0.99934		0.000287423		0.000117999		0.000254734		
0.000430927		0.00144522		0.997598		0.0005262		
0.395853		0.283695		0.0697455		0.250707		
0.00152892		0.00130081		0.00011949		0.997051		
0.435258		0.0528875		0.407295		0.104559		
0.00139134		9.73653e-05		0.997859		0.000651924		
0.294021		0.041769		0.383702		0.280508		
0.000157639		0.00144171		0.000678		0.997723		
4.02697e-05		0.999938		5.60313e-06		1.66272e-05		
0.000184184		0.997648		0.000956616		0.00121076		
0.000120022		0.000925554		0.996711		0.00224349		
0.147462		0.262689		0.131001		0.458848		
0.000662047		0.996578		0.00142016		0.00133967		
0.443798		0.279445		0.253471		0.0232871		
0.334628		0.202525		0.150073		0.312773		
0.325773		0.129485		0.156289		0.388454		
0.219952		0.207933		0.157452		0.414663		
0.000538512		0.000218075		0.998137		0.00110669		
0.000396431		0.00122352		0.997812		0.000567552		
5.81732e-05		0.999793		9.93837e-05		4.94744e-05		
0.000953961		0.000418144		0.000873989		0.997754		
0.296496		0.281222		0.261006		0.161276		
0.000892857		0.000866742		0.000673995		0.997566		
0.295017		0.0890365		0.0857143		0.530233		
0.000898007		0.99782		0.00114508		0.000136602		
0.247046		0.259426		0.266742		0.226787		
0.436212		0.0958217		0.272981		0.194986		
0.000460766		0.000601626		0.00076964		0.998168		
0.996957		0.00124678		0.00128152		0.000514667		
0.0874393		0.381679		0.505899		0.0249827		
0.996727		6.754e-05		0.00216578		0.00104012		
0.253396		0.0218547		0.391022		0.333727		
0.202491		0.367618		0.0389715		0.39092		
0.42819		0.456246		0.0708083		0.0447562		
0.999758		9.27356e-05		9.3193e-05		5.62589e-05		
0.238874		0.144634		0.443063		0.173429		
0.0204918		0.191257		0.369536		0.418716		
0.131859		0.266175		0.238739		0.363227		
0.0912863		0.160788		0.684647		0.063278		
0.997449		0.000812576		0.000128952		0.00160925		
0.000177473		0.000154806		0.999574		9.35019e-05		
0.580805		0.0282287		0.225829		0.165138		
9.58741e-05		0.00239411		0.00123267		0.996277		
0.199738		0.30048		0.261666		0.238116		
0.000835655		0.000938972		0.000619904		0.997605		
0.000817005		0.000527434		0.00135478		0.997301		
0.997055		0.00095437		0.00129432		0.000696621		
0.000327855		0.000677849		0.00100992		0.997984		
0.152241		0.340746		0.340404		0.16661		
0.000964713		0.000901314		0.000247254		0.997887		
0.99898		0.000286806		0.000464874		0.000267851		
0.997355		0.0010411		0.000978763		0.000624663		
0.000761178		0.00109841		0.000628694		0.997512		
0.999129		9.09726e-05		0.00071158		6.8541e-05		
0.000553503		0.997973		0.000729026		0.000744814		
0.000117587		0.000220702		0.000899993		0.998762		
0.99873		0.000587993		0.000112535		0.000569003		
0.242658		0.172334		0.348145		0.236862		
0.203268		0.11581		0.448823		0.2321		
0.0010469		4.33948e-05		0.000882361		0.998027		
0.0809045		0.145729		0.356281		0.417085		
0.361059		0.141777		0.0982987		0.398866		
0.000143558		0.000139308		1.40095e-05		0.999703		
0.00080969		0.000631719		0.997332		0.00122656		
0.00186425		0.997344		0.000450831		0.00034117		
0.997805		0.000402594		0.00130527		0.000487446		
0.000693142		0.000917866		0.000553054		0.997836		
0.198541		0.237103		0.228244		0.336113		
0.000913116		0.997941		0.00109147		5.40083e-05		
0.000589494		0.99752		0.000903381		0.000987594		
0.000619361		0.000244448		0.998531		0.000604941		
0.601106		0.101414		0.110018		0.187462		
0.0904466		0.386659		0.0180893		0.504805		
0.434231		0.284205		0.0966719		0.184892		
0.001578		0.00128652		0.000690166		0.996445		
0.00124041		0.000498323		0.997895		0.000366731		
0.150452		0.595023		0.13009		0.124434		
0.000557206		0.000430475		0.998906		0.000106069		
0.431953		0.0315582		0.220907		0.315582		
5.28666e-05		0.000506009		0.996598		0.00284347		
0.414878		0.148784		0.0734382		0.362899		
0.997152		0.000459674		0.00159641		0.000791569		
0.0555155		0.423937		0.00865177		0.511896		
0.000452159		1.16726e-05		0.00021195		0.999324		
0.000991914		0.997238		0.000794354		0.000975451		
0.0310263		0.389499		0.133174		0.446301		
0.000554668		0.998309		0.000485689		0.00065105		
3.42327e-05		0.00163236		0.000192784		0.998141		
0.447113		0.318245		0.0946882		0.139954		
0.405348		0		0.147783		0.446868		
0.256065		0.192273		0.215633		0.336029		
0.0314223		0.359978		0.312569		0.296031		
0.998969		0.000614746		0.000196951		0.000219552		
0.328811		0.284118		0.0155626		0.371508		
0.00440529		0.390183		0.188798		0.416614		
0.000424107		0.000381696		8.48214e-05		0.999109		
0.191281		0.349199		0.43194		0.0275801		
0.0020056		0.996184		0.00113861		0.000672192		
0.000387114		0.00098951		0.997188		0.00143588		
5.50033e-06		0.00075217		0.997891		0.00135171		
0.000167667		0.999184		0.000158471		0.000490268		
0.244593		0.298346		0.280852		0.176209		
0.377246		0.158084		0.09501		0.369661		
0.00377358		0.328931		0.210692		0.456604		
0.00264226		0.000443973		0.000366895		0.996547		
0.570125		0.0205245		0.230331		0.179019		
0.300353		0.23964		0.258272		0.201735		
0.337059		0.54		0.0482353		0.0747059		
0.000641397		0.000548103		0.000294876		0.998516		
0.00123365		0.000450701		0.997914		0.000401586		
0.201392		0.163123		0.34944		0.286046		
0.428638		0.137146		0.200837		0.23338		
9.63302e-05		0.000332819		0.999305		0.000266164		
0.753018		0.0575673		0.0120706		0.177344		
0.245845		0.266541		0.201631		0.285983		
7.58197e-06		4.97567e-05		8.71926e-05		0.999855		
0.394864		0.244516		0.353665		0.00695559		
0.378614		0.315644		0.0922772		0.213465		
0.198044		0.0831296		0.0456398		0.673187		
0.351439		0.0972842		0.384678		0.166599		
0.338725		0.283272		0.0799445		0.298059		
0.0807382		0.293733		0.287966		0.337562		
0.280217		0.257633		0.323714		0.138436		
0.250745		0.317776		0.386296		0.0451837		
0.235932		0.172432		0.326794		0.264843		
0.256087		0.171326		0.339495		0.233093		
0.134955		0.119218		0.360515		0.385312		
0.000794373		0.000449563		0.998215		0.000541221		
0.356242		0.0878406		0.328182		0.227735		
0.341376		0.102669		0.167864		0.38809		
0.415474		0.234234		0.192899		0.157393		
0.428112		0.0137804		0.189711		0.368397		
0.310992		0.180518		0.126005		0.382484		
0.000595083		0.00152561		0.997113		0.000766029		
7.78693e-05		0.000272172		0.000329647		0.99932		
0.190413		0.378162		0.420107		0.0113182		
0.224511		0.387216		0.00105652		0.387216		
0.000639293		0.000709459		0.9985		0.000151247		
0.000292058		0.000142259		0.99925		0.000315684		
0.000636554		0.000195306		0.00143767		0.99773		
0.999242		0.000268605		0.00016375		0.000325458		
0.000365641		0.99668		0.00172848		0.00122619		
0.189709		0.0297582		0.484191		0.296342		
0.000491818		0.00041983		0.998723		0.000365696		
6.73549e-05		0.998605		0.000437333		0.000889844		
0.214841		0.30106		0.132155		0.351943		
0.999191		0.000308533		4.24791e-05		0.000457582		
0.000358697		0.000945392		0.998652		4.35665e-05		
0.000328049		0.999496		8.53764e-05		9.04804e-05		
0.000281377		0.996801		0.00145892		0.00145892		
0.0260966		0.159911		0.314825		0.499167		
0.00177689		0.996426		0.0004478		0.00134953		
0.0822954		0.27758		0.27758		0.362544		
0.000542467		0.000229811		0.998922		0.000305847		
0.000837004		0.0014092		0.996324		0.00142957		
0.00115212		0.996602		0.00189675		0.000349565		
0.999344		0.000507102		8.04101e-05		6.87376e-05		
0.0774059		0.715481		0.154812		0.0523013		
0.412495		0.117244		0.400941		0.0693196		
0.36933		0.0572354		0.266739		0.306695		
0.263079		0.149417		0.342868		0.244637		
0.0927238		0.359948		0.345138		0.202189		
0.00147945		0.000224102		0.99725		0.00104644		
0.99925		0.000329025		8.97341e-05		0.000331241		
0.344295		0.330428		0.146197		0.179081		
0.00014789		0.000823317		0.00067723		0.998352		
0.347368		0.168842		0.0757895		0.408		
7.37141e-05		0.000163739		2.81723e-05		0.999734		
0.000427665		0.999051		0.000214324		0.00030723		
0.0174845		0.294416		0.180485		0.507614		
3.42673e-05		0.99984		6.72279e-05		5.8661e-05		
0.215183		0.289384		0.179224		0.31621		
0.000365783		0.00151444		0.00142837		0.996691		
0.0292184		0.727538		0.0357925		0.207451		
0.249313		0.0659945		0.0091659		0.675527		
0.448945		0.0489451		0.299578		0.202532		
0.0264434		0.210225		0.403261		0.360071		
0.997484		0.000815068		0.000824058		0.000876498		
0.225824		0.0839532		0.350159		0.340064		
0.221764		0.202094		0.264277		0.311865		
0.000145005		7.30673e-05		0.000192084		0.99959		
0.108062		0.371355		0.218696		0.301887		
9.83587e-05		0.000589117		0.000636743		0.998676		
0.000692383		0.998184		0.000836914		0.000287109		
0.287417		0.309603		0.215232		0.187748		
0.000812767		0.000807612		0.00026634		0.998113		
0.0587979		0.357578		0.26176		0.321864		
0.0548148		0.392593		0.156543		0.396049		
0.000891135		0.00108079		0.00101636		0.997012		
0.000797616		0.997664		0.000726479		0.000811843		
0.00134741		0.996801		0.000540035		0.00131177		
0.000372735		0.00036501		0.999051		0.000211474		
0.32571		0.178794		0.31185		0.183645		
0.997641		0.000765113		0.00107646		0.000517804		
0.999363		0.000164275		0.000173229		0.000299215		
0.336593		0.326406		0.0684597		0.268541		
0.366103		0.332295		0.271797		0.0298043		
5.23026e-05		0.996105		0.00135182		0.00249041		
0.000155385		0.999461		0.000208869		0.000174808		
0.120841		0.157618		0.313485		0.408056		
0.000240153		0.000755291		0.997223		0.0017819		
0.996359		0.00230555		0.000296075		0.001039		
0.241965		0.241047		0.368228		0.14876		
0.0719834		0.153288		0.44899		0.325738		
0.436004		0.387097		0.16025		0.0166493		
0.309129		0.283714		0.0134855		0.393672		
0.000240231		9.31375e-05		0.999328		0.000338507		
0.999496		0.000214559		0.000240889		4.84579e-05		
0.196838		0.167262		0.315145		0.320755		
0.132404		0.246889		0.222997		0.39771		
0.0850643		0.471316		0.13996		0.30366		
0.284052		0.339493		0.225873		0.150582		
0.136729		0.436461		0.35496		0.0718499		
0.00112583		0.00124013		0.99691		0.000723884		
0.99848		0.000927577		1.95508e-05		0.000572404		
0.0020031		0.000289893		0.00108982		0.996617		
0.000173223		0.000822124		0.998375		0.000629653		
4.72739e-05		2.45391e-05		7.66245e-05		0.999852		
0.0160133		0.430701		0.210933		0.342352		
0.997023		0.000301844		0.00143419		0.00124053		
0.000944235		6.44843e-05		0.00172956		0.997262		
0.000965347		0.00107054		0.00140161		0.996563		
0.544655		0.162382		0.203654		0.0893099		
0.360504		0.323529		0.215546		0.10042		
0.0031474		4.12924e-05		0.000307399		0.996504		
4.81917e-05		0.000394458		0.999285		0.000272194		
0.00071275		0.998969		0.000249635		6.88648e-05		
0.321388		0.188334		0.243233		0.247045		
7.18673e-05		0.998863		0.00015082		0.000914031		
0.000774591		0.998484		0.000558339		0.000182695		
0.997395		0.000731325		0.00086784		0.0010063		
0.272605		0.25854		0.152713		0.316142		
0.355741		0.251717		0.113837		0.278705		
0.425428		0.106112		0.217604		0.250856		
0.0010996		0.000823335		9.26933e-05		0.997984		
0.000236037		0.000363193		0.000510145		0.998891		
0.000476013		0.000136468		0.000184394		0.999203		
0.233766		0.412633		0.282172		0.0714286		
0.00121149		0.997227		0.00122331		0.00033864		
0.996887		0.000457155		0.000887304		0.00176882		
0.996625		0.00121264		0.00155068		0.000611685		
0.326598		0.151727		0.261572		0.260103		
0.197447		0.244255		0.0238298		0.534468		
0.293163		0.0585168		0.319235		0.329085		
0.99677		0.00186831		0.00135719		4.96232e-06		
0.0773167		0.262649		0.55884		0.101194		
2.26351e-05		0.999941		1.7891e-05		1.80677e-05		
0.999523		0.000239554		0.000233615		3.39392e-06		
0.996664		0.0012337		0.00185967		0.000242566		
0.33124		0.123496		0.10675		0.438514		
0.296486		0.331623		0.0213186		0.350572		
3.52851e-05		4.28084e-05		0.999855		6.64378e-05		
0.999555		0.000152008		0.000242224		5.10812e-05		
0.000629305		0.998383		0.000556693		0.00043119		
0.000697094		0.000402121		0.000205473		0.998695		
0.0623511		0.200159		0.341541		0.395949		
0.999609		5.43541e-05		0.000157808		0.000178463		
0.000348843		0.000398091		0.00119838		0.998055		
0.44496		0.100796		0.348143		0.106101		
0.211555		0.272302		0.162702		0.353441		
0.996344		0.000384625		0.000208531		0.00306309		
0.103796		0.266155		0.343296		0.286753		
0.160085		0.620064		0		0.219851		
0.156934		0.275182		0.456934		0.110949		
0.99884		0.000317672		0.000397743		0.000444741		
0.000338855		0.00013413		0.998242		0.00128483		
0.000191608		3.76053e-05		0.000169224		0.999602		
0.367835		0.370722		0.0989691		0.162474		
0.999062		0.000503872		0.000251659		0.000181969		
0.371994		0.316912		0.072149		0.238945		
0.505846		0.0645653		0.202847		0.226741		
0.000823434		0.998254		0.00052131		0.00040135		
0.000846354		0.996414		0.000372396		0.00236719		
6.50981e-05		0.0011334		0.000297591		0.998504		
0.263655		0.197235		0.288941		0.250169		
0.0397412		0.330869		0.268022		0.361368		
0.309663		0.0849438		0.386067		0.219326		
0.997		0.00147519		0.0013594		0.000165414		
0.375566		0.163542		0.359405		0.101487		
0.000344486		0.999172		0.000293332		0.000190308		
0.000892482		0.998418		0.000543989		0.00014556		
0.996867		6.87451e-05		0.00165577		0.00140829		
0.341658		0.213287		0.00749251		0.437562		
3.8841e-05		0.000601682		0.00041807		0.998941		
0.000316835		0.99859		0.000555662		0.00053766		
0.00038259		0.000728742		0.998211		0.00067773		
0.997309		0.0014854		0.000767457		0.000438547		
0.000303859		6.58361e-05		0.000747493		0.998883		
0.000239593		0.998152		0.00129498		0.000313087		
0.00118821		0.0012503		0.996699		0.000862273		
0.0609858		0.258981		0.23726		0.442774		
0.996789		0.000871111		0.000883759		0.00145607		
0.00101065		0.997332		0.000541327		0.00111599		
0.10984		0.278413		0.226545		0.385202		
0.0787611		0.317699		0.437611		0.165929		
0.999883		1.03148e-05		6.92667e-05		3.7606e-05		
0.000574814		0.000772463		0.00100819		0.997645		
0.000416028		0.998684		0.000453849		0.000446529		
0.105348		0.164506		0.222853		0.507293		
0.00162114		0.000206437		0.000406802		0.997766		
0.00184146		0.996762		0.000631038		0.000765779		
3.97241e-05		0.000236254		0.000341209		0.999383		
0.462818		0.0362035		0.205479		0.295499		
0.996352		0.00141104		0.000498932		0.00173846		
0.997305		0.000683724		0.000311274		0.00170031		
0.997164		0.00087779		0.000755985		0.00120216		
0.998969		0.000463552		0.000420668		0.00014703		
0.000445313		0.999109		0.000139654		0.000305658		
0.000401086		0.00126294		0.996113		0.00222269		
0.00147205		0.996152		0.00197189		0.000403716		
0.243601		0.0992939		0.406443		0.250662		
0.418136		0.435264		0.0307305		0.115869		
0.364969		0.560185		0.033179		0.0416667		
8.96814e-05		0.00124273		0.00213634		0.996531		
0.997824		0.000778075		0.000895022		0.000502684		
0.59446		0.178267		0.211648		0.015625		
0.996582		0.000297215		0.002628		0.000492751		
0.999664		0.000121574		0.000115009		9.93547e-05		
0.000811747		0.00209345		0.00086433		0.99623		
0.201993		0.104319		0.127575		0.566113		
0.240958		0.360215		0.0654936		0.333333		
0.296408		0.266541		0.187902		0.249149		
0.2203		0.262976		0.18416		0.332564		
4.41492e-05		0.99927		0.000436141		0.000250179		
0.0851324		0.176782		0.402444		0.335642		
0.000868237		0.00119913		0.997484		0.000448259		
0.000196068		0.00127858		0.000810506		0.997715		
0.220198		0.311296		0.28735		0.181156		
5.31631e-05		4.01536e-05		0.999879		2.7777e-05		
0.00224133		0.00121748		0.996496		4.50919e-05		
0.130535		0.202491		0.38238		0.284594		
0.277232		0.382473		0.0888616		0.251433		
0.250704		0.190493		0.238028		0.320775		
0.997551		0.00091863		0.000360545		0.00117004		
0.140684		0.292776		0.238023		0.328517		
0.000455175		0.997812		0.000882792		0.000849533		
0.00214007		0.000368373		0.000304054		0.997188		
0.000946656		6.88705e-05		0.99866		0.000324317		
0.998754		0.000449644		0.000147693		0.000648756		
0.201448		0.496984		0.238239		0.0633293		
0.000727633		0.997613		0.000684831		0.000974254		
0.000532615		0.00145299		0.997789		0.000225337		
3.65164e-05		0.999621		0.000160004		0.000182385		
0.177399		0.296219		0.378895		0.147486		
0.0250133		0.504524		0.0798297		0.390633		
0.000883926		0.00161523		0.00100475		0.996496		
0.999297		0.000415602		6.40393e-05		0.000223484		
0.0562075		0.30698		0.520692		0.116121		
0.000522657		0.000535847		0.000429777		0.998512		
0.00146582		0.996535		0.000533196		0.00146582		
0.0157421		0.198651		0.626687		0.158921		
0.264036		0.200303		0.203338		0.332322		
0.000565524		0.00100398		0.997953		0.000477375		
0.0487642		0.404142		0.243821		0.303273		
0.173531		0.235585		0.0521691		0.538715		
0.447683		0.0582895		0.147157		0.346871		
0.998715		0.000191471		0.000683936		0.000409749		
0.339516		0.341129		0.141129		0.178226		
0.000230316		0.00119582		0.000534801		0.998039		
0.997949		0.000883741		0.00105046		0.000116579		
0.000442		0.000193538		0.998887		0.000477743		
0.351481		0.356296		0.183704		0.108519		
0.312953		0.144811		0.411907		0.13033		
0.00127952		0.00026751		0.00113656		0.997316		
0.0546914		0.107376		0.343201		0.494732		
0.997105		0.0015444		0.000445463		0.000904664		
0.238404		0.221862		0.247162		0.292572		
0.354554		0.195397		0.308521		0.141528		
0.000501943		0.996836		0.00126894		0.00139318		
3.37726e-05		1.83119e-05		0.999914		3.38529e-05		
0.0717213		0.424693		0.0522541		0.451332		
0.391458		0.202554		0.360634		0.0453545		
0.361981		0.366215		0.190517		0.081287		
0.378511		0.366473		0.102987		0.152029		
0.9985		0.00111424		0.000333828		5.19288e-05		
0.401055		0.150396		0.151055		0.297493		
0.000892063		0.997184		0.000727672		0.00119667		
0.216597		0.422234		0.0427975		0.318372		
0.998832		0.000736216		0.000207276		0.000224477		
0.00117126		0.000989297		0.00105819		0.996781		
0.000770437		0.00106632		0.99693		0.00123356		
0.226485		0.351073		0.34736		0.0750825		
0.379163		0.0823026		0.437678		0.100856		
0.00030574		0.00056967		0.998613		0.000511309		
0.169178		0.136986		0.40411		0.289726		
0.292695		0.476052		0.0517658		0.179487		
0.00135442		0.00149174		0.997105		4.83722e-05		
0.0888765		0.126328		0.532141		0.252655		
0.00101203		0.000965148		0.997027		0.000995481		
0.99648		0.00127968		0.000689706		0.00155015		
0.00119619		0.996629		0.000180517		0.00199438		
0.000356844		0.996668		0.00179537		0.00117982		
9.09994e-05		0.000326815		0.999008		0.000574373		
0.998355		0.000333761		0.000763605		0.000547166		
0.00114469		0.996625		0.00120374		0.00102657		
0.00103173		0.99823		0.000574504		0.000163296		
0.00140297		0.00168614		0.000422608		0.996488		
0.000357147		0.000319811		0.998984		0.000338667		
0.999469		0.000234085		1.42915e-05		0.000282873		
0.000353918		0.99673		0.00178163		0.00113398		
0.000209173		0.999687		6.84044e-05		3.49222e-05		
0.998578		0.000451876		0.000462336		0.000507663		
0.000295372		0.000489474		0.998129		0.00108625		
0.998539		0.000395655		0.00033892		0.000726363		
0.998348		0.000485102		0.000563275		0.000603968		
0.000878349		0.000508569		0.000347457		0.998266		
0.00137803		0.000546349		0.997109		0.000966244		
0.000267296		0.000299054		0.000464901		0.998969		
8.89288e-05		2.25999e-05		0.000111128		0.999777		
0.998184		0.000978532		0.000385544		0.000452331		
0.000128022		0.999551		0.000156656		0.000164541		
0.000761708		0.000801402		0.000319703		0.998117		
0.00132818		0.00150744		0.996773		0.000390943		
0.998422		0.000736042		0.000692379		0.000149704		
0.00115441		0.00114169		0.996742		0.000961709		
0.000446078		0.00199561		4.26869e-05		0.997516		
0.000523935		0.00122498		0.997027		0.00122375		
0.000919969		0.00110601		0.000915432		0.997059		
0.000236619		0.00128424		0.997742		0.00073695		
0.000125403		0.00015735		0.000225059		0.999492		
0.997469		0.000357736		0.00105333		0.00112018		
0.00183499		0.000303583		0.00058018		0.997281		
0.0014176		0.00119754		0.996695		0.000689546		
0.000557619		0.000678332		0.000748424		0.998016		
0.000592751		0.000471378		0.00233431		0.996602		
0.0013393		0.000759412		0.000788009		0.997113		
0.000117953		0.00236836		0.00109572		0.996418		
2.54195e-05		0.000197001		0.999684		9.39854e-05		
0.00134315		0.000137056		0.996824		0.00169558		
0.997605		0.00127911		0.000842178		0.000273246		
0.000310936		0.0005576		0.000701777		0.99843		
0.000929914		0.000375054		0.99777		0.000925501		
0.000651048		0.000689345		0.000335388		0.998324		
0.000567963		0.00103402		0.000855052		0.997543		
0.000247361		6.77787e-05		0.999402		0.000282517		
0.000182164		0.999023		0.000207502		0.000586896		
0.999762		5.76136e-05		9.79432e-05		8.27245e-05		
0.997336		0.0012166		0.000390899		0.00105656		
0.99684		0.000459133		0.0011044		0.00159662		
0.000742361		0.000389099		0.996539		0.00232948		
0.00121306		0.000995679		0.997234		0.000556882		
1.36146e-05		0.99993		1.62668e-05		4.04312e-05		
0.000604012		0.0019137		0.000283068		0.997199		
0.000407751		1.78194e-05		0.998914		0.000660367		
0.00105367		0.996203		0.00170603		0.00103718		
0.999867		3.53831e-05		4.44385e-05		5.29908e-05		
0.999871		7.00479e-06		3.1476e-05		9.04254e-05		
0.000277765		0.00085323		0.00131041		0.997559		
0.0017813		0.00103525		0.99641		0.000773294		
0.00131669		0.000820879		0.00103431		0.996828		
0.000150766		0.999098		0.000548307		0.000203271		
0.00060707		0.00037463		0.998566		0.000451894		
0.00133168		0.000933849		0.000660255		0.997074		
0.000642632		0.00076138		0.997988		0.000607707		
0.000355677		0.0001452		0.000198342		0.999301		
0.000677189		0.00058167		0.99825		0.000491141		
0.00013523		0.998465		0.000686355		0.000713571		
0.999559		2.68805e-05		0.000381986		3.25396e-05		
0.00139156		0.00125625		0.997254		9.82783e-05		
0.000236278		0.000180365		0.997879		0.00170445		
0.998105		0.000395561		0.000768762		0.000730208		
0.000248438		0.997879		0.00107227		0.000800391		
0.000799486		0.998125		0.000381714		0.0006938		
0.000667004		0.00162827		0.000583628		0.997121		
0.000864379		0.00091234		0.997621		0.000602187		
0.000129921		0.999773		9.40093e-07		9.57015e-05		
0.00130369		0.000692347		0.996992		0.00101177		
7.67883e-05		0.999863		4.58565e-05		1.4074e-05		
0.000325006		0.000591176		0.000431474		0.998652		
0.99909		0.000276066		0.000452921		0.000181169		
0.000392486		0.998711		0.000448021		0.000448555		
0.00178786		0.996434		0.00172821		5.03361e-05		
0.997719		0.00185982		0.000235446		0.000185982		
0.00208717		0.996121		0.00084167		0.000950066		
0.997203		0.00136101		0.000180444		0.00125543		
6.80518e-05		0.999293		0.000303582		0.000335398		
0.000887766		0.00100749		0.997473		0.00063209		
0.000427096		0.000376632		0.998887		0.000309552		
0.000881975		0.0003471		0.000708425		0.998062		
0.996789		0.0014085		0.000884494		0.000917942		
0.000652989		0.998746		8.3316e-05		0.000517601		
0.999535		0.000325056		3.14355e-05		0.000108352		
0.000485991		0.000602038		0.998555		0.000357284		
0.998418		0.000333791		0.000789277		0.000458963		
0.999426		0.000219422		0.000173476		0.00018132		
0.998434		0.000666325		0.000449438		0.000450643		
0.997805		0.000354027		0.000439063		0.00140222		
0.00136558		0.000176584		0.997207		0.0012508		
0.000606777		0.00142165		0.997719		0.000252824		
0.000396514		0.000852505		0.000723638		0.998027		
0.000764083		0.000163941		0.00105244		0.99802		
0.00118157		0.99673		0.000895959		0.001192		
0.000339484		0.000491405		0.998598		0.000571455		
0.997277		0.000717202		0.00102608		0.000979373		
0.000603354		0.000687976		0.997965		0.000743826		
0.000397144		0.998375		0.000802513		0.000425343		
0.000411174		0.000488676		0.998535		0.000564994		
0.997445		0.000113441		0.000201925		0.00223932		
0.998742		0.000541094		0.000270965		0.000445754		
0.999945		2.62967e-05		2.49235e-05		3.46732e-06		
0.000871392		0.000825432		0.00124458		0.997059		
0.000183043		0.000264054		0.000338059		0.999215		
0.000524546		0.000785837		0.00069743		0.997992		
5.20833e-07		0.999992		4.31548e-06		2.97619e-06		
1.97469e-05		0.000863477		0.000515214		0.998602		
0.00102695		0.000656154		0.997328		0.000988776		
6.50509e-05		7.3622e-05		0.999828		3.32021e-05		
4.57084e-05		1.74876e-05		2.66478e-05		0.99991		
0.00170658		0.000259943		0.997141		0.000892848		
0.000985248		0.000973536		0.99675		0.00129122		
0.998633		6.76825e-06		0.000142133		0.00121829		
0.000334981		0.00107881		0.998203		0.000383081		
0.000240747		0.000258131		0.000321434		0.99918		
0.00116182		0.000761291		0.00181517		0.996262		
0.996324		0.000659258		0.00202487		0.000991658		
3.36373e-05		0.000149766		0.99966		0.00015644		
0.000360051		0.00158209		0.997047		0.00101098		
0.000774197		0.998566		0.000485798		0.000173599		
0.000152363		0.99909		0.000444578		0.000313215		
0.00080169		0.00138881		0.00171184		0.996098		
0.000337589		0.998395		0.000682866		0.000585014		
0.00041807		0.001036		0.997645		0.0009014		
0.00127751		0.00116454		0.997363		0.000194669		
0.000204722		0.000260532		0.999277		0.000257402		
0.0015637		0.000451735		0.997168		0.000816598		
0.00122519		0.000947547		0.996625		0.00120226		
0.00142002		0.00131091		0.000261259		0.997008		
0.000518397		0.000234411		0.000309692		0.998938		
0.998863		0.000299936		0.000410794		0.000425988		
0.000114615		0.000601729		0.996867		0.00241647		
0.000372896		0.000921453		0.00232675		0.996379		
0.996965		0.000818843		0.00101524		0.00120107		
0.00152533		0.00159585		0.000113194		0.996766		
0.00198007		0.996211		0.000807735		0.00100125		
0.000550326		0.00147811		0.996777		0.00119422		
0.99927		2.5817e-05		0.000239946		0.000464706		
0.996137		0.00130259		0.00106113		0.00149956		
0.000550882		0.000339954		6.61956e-05		0.999043		
0.998344		0.000225644		0.000540629		0.000889977		
0.00163544		0.000794929		0.000585257		0.996984		
5.84005e-05		0.999809		4.80883e-05		8.49175e-05		
0.999824		4.58177e-05		5.44085e-05		7.55551e-05		
0.00028788		0.998527		0.000962371		0.000222405		
0.00187267		0.996309		0.00175746		6.12783e-05		
0.000388435		8.41887e-05		0.999402		0.000125033		
0.00133728		0.997422		0.000568662		0.000672184		
0.000117027		0.999777		5.75195e-05		4.81097e-05		
0.000263383		0.000192524		5.9718e-05		0.999484		
0.99652		3.89869e-05		0.000857712		0.00258377		
3.21616e-05		0.999672		0.000242361		5.36027e-05		
0.000167708		0.999578		7.10417e-05		0.000183125		
0.000662085		0.000120786		0.997305		0.00191244		
0.999168		0.000298943		0.000181671		0.000351417		
0.00176907		0.99727		0.00086239		9.90055e-05		
0.999523		8.417e-06		0.000384777		8.33684e-05		
0.00132226		0.997008		0.000859604		0.000810327		
0.000495285		4.49555e-05		0.998918		0.000541791		
8.1383e-05		3.51064e-05		0.000196011		0.999687		
0.00040415		0.99866		0.000524223		0.000411471		
0.000938273		0.997414		0.000361093		0.00128657		
0.00106389		0.000373257		0.000691755		0.997871		
0.000290102		0.00132459		0.00111578		0.99727		
0.000119686		0.000272968		0.000306564		0.999301		
0.000609697		0.998664		0.000403587		0.000322654		
6.22288e-05		6.40746e-05		0.999863		1.04154e-05		
0.0013106		0.000421512		7.25783e-05		0.998195		
0.000683453		0.00026357		0.998965		8.81338e-05		
0.000909475		0.998062		0.000488356		0.000539669		
0.000612913		0.998086		0.000545843		0.000755307		
0.000954139		0.998152		0.000827623		6.58936e-05		
0.000956196		0.998129		0.000152483		0.000762415		
0.00110324		0.000482321		0.998387		2.77196e-05		
0.00147792		0.000938204		0.000943248		0.996641		
0.000430915		0.997492		0.000641748		0.00143515		
0.996277		0.0014602		0.00166395		0.000598511		
0.000640803		0.00153093		0.000804831		0.997023		
0.997207		0.00158262		0.000772396		0.000437957		
0.000623946		0.000623266		0.000143412		0.998609		
0.998707		0.000686559		0.00034706		0.00025935		
0.997016		0.000603645		0.00103052		0.00135021		
0.998328		0.000648105		0.000123529		0.00090024		
0.000951979		0.0012617		0.00161054		0.996176		
0.999477		0.000145494		2.95535e-05		0.00034839		
0.000513923		0.998969		0.000413181		0.000104146		
0.000817325		0.998363		0.000205883		0.000613511		
0.000664773		0.997563		0.00100771		0.000765016		
0.00152845		0.997148		0.000457266		0.000865842		
0.000419471		0.000463626		0.998949		0.000167683		
0.000371871		0.000905251		0.998426		0.000297098		
6.2597e-05		0.999105		0.000381135		0.000450799		
8.18442e-05		0.00079326		0.00030849		0.998816		
0.997234		0.000976452		0.00101798		0.000771195		
0.000437948		0.998938		0.000307516		0.000317036		
0.000404168		0.998379		0.00059678		0.000620146		
0.000750169		0.000641317		0.000585077		0.998023		
3.15037e-05		0.999855		5.38135e-05		5.92141e-05		
0.997422		0.00128835		0.000717169		0.000572602		
0.00138961		0.000494872		0.996957		0.00115848		
0.997648		0.00107082		0.000612469		0.000668269		
0.998043		0.000225811		0.000764066		0.000967154		
0.998504		0.000618072		0.000544097		0.000333925		
0.000399806		0.000611403		0.000797385		0.998191		
0.000609488		0.00153861		0.00026206		0.99759		
0.997031		0.000957801		0.00083934		0.00117161		
