0.189563		0.453569		0.312356		0.0445127		
0.290284		0.124321		0.524442		0.0609535		
0.160673		0.0504973		0.352716		0.436113		
0.386294		0.391969		0.111305		0.110432		
0.313882		0.344471		0.303529		0.0381176		
0.000136565		8.71473e-05		0.999687		8.87877e-05		
3.16723e-06		0.999906		1.05152e-05		8.00676e-05		
0.112364		0.19479		0.37325		0.319596		
0.00023194		0.000820838		0.000427691		0.99852		
0.000256149		0.999012		0.0005966		0.000135532		
0.180704		0.144972		0.24145		0.432874		
0.000484266		0.00023446		0.99902		0.000261743		
0.000282179		0.000622289		0.000493969		0.998602		
0.280492		0.292791		0.270584		0.156133		
0.0755814		0.516385		0.012685		0.395349		
0.608044		0.0165615		0.246057		0.129338		
0.460194		0.309709		0.108252		0.121845		
0.416019		0.0830097		0.250485		0.250485		
0.123976		0.441289		0.311305		0.12343		
0.25416		0.0363086		0.612708		0.096823		
0.305283		0.291258		0.389902		0.0135577		
0.000266623		0.998871		0.000647221		0.000215062		
0.0011576		0.000516366		0.00184947		0.996477		
0.259377		0.332801		0.0550678		0.352753		
0.00124133		0.996574		0.00118426		0.0010002		
0.000254987		0.996125		0.00200376		0.00161626		
3.73007e-05		0.999895		1.11345e-05		5.70335e-05		
0.456744		0.0225685		0.436325		0.0843632		
0.191079		0.0349608		0.174804		0.599156		
0.193861		0.424879		0.0640819		0.317178		
0.998668		0.000719448		0.000514974		9.76094e-05		
0.000134162		9.96986e-05		0.999645		0.000121608		
0.000655703		0.000177751		0.99859		0.000576703		
0.000126046		0.000122148		0.99968		7.2119e-05		
0.00167812		0.00115398		8.19647e-05		0.997086		
0.000764975		0.00139313		0.000533306		0.997309		
7.61131e-05		0.000184701		0.000852467		0.998887		
0.155006		0.12123		0.57117		0.152593		
0.996781		0.00189856		0.000440063		0.000880127		
0.000841191		0.000636727		0.997445		0.00107677		
0.00103922		0.996238		0.00215933		0.000563169		
6.74504e-05		0.999852		3.67982e-05		4.41889e-05		
0.000828121		0.997402		0.000590744		0.00117879		
9.04948e-05		0.999832		4.89909e-05		2.84831e-05		
0.000471335		0.998781		6.2663e-05		0.000684752		
0.000557112		0.99859		4.94976e-05		0.000803547		
0.000359175		0.998914		0.000321639		0.000405123		
0.996488		0.00142029		0.000821265		0.00127016		
0.000708523		0.00073169		0.99816		0.00039963		
6.5325e-05		8.41184e-05		8.49316e-05		0.999766		
0.25916		0.219832		0.301849		0.21916		
0.00747065		0.381003		0.176628		0.434899		
0.100556		0.441111		0.413889		0.0444444		
4.68824e-05		0.000127252		7.19591e-05		0.999754		
0.419859		0.150899		0.0922596		0.336982		
0.50433		0.0789608		0.273051		0.143658		
0.997426		0.000393842		0.000521212		0.00165916		
0.0141965		0.382169		0.236229		0.367405		
0.99918		0.000527869		0		0.000292443		
0.000411579		0.998824		0.000478322		0.000285881		
0.312181		0.301339		0.28412		0.10236		
0.000744359		8.20776e-05		0.000841532		0.998332		
0.00142262		0.000186382		0.99707		0.00132069		
0.061412		0.0551257		0.462282		0.42118		
0.363775		0.145738		0.258371		0.232116		
0.00156471		0.000387716		0.996988		0.00105929		
0.25339		0.401695		0.277966		0.0669492		
0.000212828		0.000185402		0.999543		5.88019e-05		
0.996789		0.000957285		0.00117231		0.00108134		
0.215049		0.307155		0.135691		0.342105		
0.000611407		0.00035145		0.99859		0.0004473		
0.00144512		0.000294235		0.997887		0.000373924		
0.109539		0.272433		0.299111		0.318917		
0.000714678		0.000982682		0.997715		0.000587797		
0.000644813		0.00057999		0.998723		5.25403e-05		
5.92207e-05		4.95801e-05		2.40116e-05		0.999867		
0.000473959		0.998262		0.00027766		0.000986662		
0.374769		0.0166359		0.384011		0.224584		
0.00239697		0.000100713		0.996203		0.0012992		
0.437991		0.210884		0.0795395		0.271586		
0.999988		4.40797e-06		5.22775e-06		2.08303e-06		
0.999148		0.000439087		8.31604e-06		0.00040416		
0.275779		0.591127		0.0839329		0.0491607		
0.184942		0.642544		0.00730994		0.165205		
0.999703		2.07218e-05		0.000184854		9.12988e-05		
0.999789		6.24834e-05		4.59635e-05		0.000102491		
0.446309		0.23434		0.113535		0.205817		
0.211071		0.232968		0.0340633		0.521898		
0.457404		0.141988		0.0035497		0.397059		
0.000309218		0.99907		0.000387336		0.000233134		
4.64654e-05		8.15387e-05		7.90271e-05		0.999793		
0.000145097		0.00103034		0.99818		0.000644877		
0.000704256		0.996461		0.00215189		0.000682915		
0.000648846		0.000949001		0.998191		0.000210747		
0.000217888		0.00114507		0.00109407		0.997543		
0.220315		0.0538865		0.258464		0.467334		
0.282943		0.544482		0.129097		0.0434783		
0.38307		0.215904		0.335186		0.0658401		
0.00116526		0.00216044		0.000510233		0.996164		
0.327072		0.129441		0.218048		0.325439		
0.178837		0.580446		0.0247525		0.215965		
0.213981		0.197357		0.383205		0.205456		
0.000495269		0.997367		0.000955623		0.00118192		
0.226222		0.264494		0.164077		0.345207		
0.000288895		0.000227435		0.99925		0.00023367		
0.000598618		0.998301		0.000476041		0.00062456		
0.400517		0.16124		0.29509		0.143152		
0.229941		0.0547945		0.472114		0.243151		
0.218868		0.148428		0.0169811		0.615723		
0.364275		0.206724		0.0486703		0.380331		
0.000864197		8.17484e-05		0.00244077		0.996613		
0.997344		0.000998817		0.00107758		0.00057985		
0.488503		0.468574		0.000510986		0.0424119		
0.115779		0.0502049		0.241803		0.592213		
0.38036		0.27893		0.3361		0.00461042		
0.330429		0.0717158		0.296247		0.301609		
0.186038		0.310418		0.24309		0.260454		
0.000379513		0.000410101		0.000640074		0.99857		
5.28781e-05		0.000359392		0.998758		0.000829917		
0.000321799		0.0017415		0.996867		0.00106951		
0.000992617		0.000319871		0.997527		0.00116017		
0.35969		0.0527132		0.275581		0.312016		
0.000826775		2.598e-05		0.000889433		0.998258		
0.320425		0.219671		0.196367		0.263537		
0.00239662		0.000535813		0.000872254		0.996195		
0.016608		0.276296		0.371917		0.335179		
0.292373		0.479419		0.0369249		0.191283		
0.238499		0.0326877		0.27845		0.450363		
0.0482812		0.352646		0.325608		0.273465		
0.000116956		0.999492		0.000270292		0.000120564		
0.4778		0.166498		0.09889		0.256811		
0.000201603		0.000398311		0.999105		0.000294617		
5.77114e-05		1.07792e-05		8.77595e-05		0.999844		
0.99866		0.000141036		0.000713887		0.000484921		
0.268156		0.368207		0.247334		0.116303		
0.000427374		0.000548223		0.000532216		0.998492		
0.000264545		0.000263719		0.000229548		0.999242		
0.313101		0.0612038		0.452706		0.172989		
1.92073e-06		2.14329e-05		0.999969		7.89634e-06		
0.258128		0.0827586		0.460099		0.199015		
0.000704799		0.000311286		0.998355		0.000628446		
0.00154596		0.000618699		0.996699		0.00113613		
0.173134		0.274129		0.39403		0.158706		
1.42297e-05		0.999844		5.52608e-05		8.67595e-05		
2.60417e-05		0.00026864		0.000111568		0.999594		
0.384736		0.157344		0.419237		0.0386827		
0.000847236		0.000514859		0.00239181		0.996246		
0.423474		0.212207		0.0816901		0.282629		
0.136851		0.395538		0.313599		0.154011		
0.0725429		0.296022		0.356864		0.274571		
0.145009		0.142185		0.183616		0.52919		
0.000236158		0.000253127		0.00062009		0.998891		
9.30155e-05		0.000172099		0.999586		0.000148948		
0.00128119		0.000468924		0.997484		0.000765509		
0.102117		0.353674		0.209215		0.334994		
0.0667727		0.258347		0.485692		0.189189		
0.207622		0.199737		0.0118265		0.580815		
0.000220066		0.998656		0.000891043		0.000232641		
0.310385		0.175418		0.316997		0.1972		
0.138898		0.269878		0.263279		0.327945		
0.340821		0.243997		0.221146		0.194036		
0.00338491		0.399903		0.307544		0.289168		
3.84788e-05		0.00133318		0.996895		0.00173381		
0.409492		0.200883		0.389073		0.000551876		
0.373962		0.197466		0.269987		0.158585		
0.0299539		0.139017		0.53533		0.295699		
0.000575164		0.00290551		0.00015214		0.996367		
0.558653		0.0168409		0.0656214		0.358885		
0.996629		0.00105441		0.00135174		0.000964939		
0.000716511		0.000123852		0.0005112		0.998648		
0.000901274		0.00128503		0.997		0.000813694		
0.22254		0.182523		0.366272		0.228665		
2.47066e-05		0.999871		5.24159e-05		5.17838e-05		
0.00163552		0.00112213		0.00101578		0.996227		
3.86246e-06		2.34813e-05		0.999973		0		
0.606286		0.0148883		0.326716		0.0521092		
0.000869077		0.000711635		0.997832		0.000587257		
0.0080429		0.219839		0.124665		0.647453		
0.133529		0.220836		0.278797		0.366838		
0.000275734		0.000357931		0.999305		6.16478e-05		
0.998297		0.00149669		0.000162571		4.38684e-05		
0.00134513		0.996832		0.00180524		1.75998e-05		
0.101371		0.43709		0.143113		0.318426		
0.203527		0.238322		0.100095		0.458055		
0.378465		0.326637		0.246685		0.0482121		
0.319709		0.195277		0.061762		0.423252		
0.998359		0.000391418		0.000607947		0.00064126		
0.202972		0.38991		0.0637466		0.343371		
0.00163377		0.000939096		0.000102915		0.997324		
0.000223449		0.00161216		0.000976896		0.997188		
0.000396836		0.000838452		0.998098		0.000667056		
0.291232		0.399142		0.101778		0.207848		
0.374922		0.0955928		0.234637		0.294848		
0.361831		0.285656		0.118314		0.234198		
0.286627		0.339438		0.0191652		0.35477		
0.287927		0.139408		0.338497		0.234169		
0.997727		0.000728805		0.000456863		0.00108777		
0.000419877		0.00241804		0.00088474		0.996277		
0.00135865		0.000458449		0.996879		0.001304		
0.309375		0.227604		0.323958		0.139063		
0.569599		0.0853971		0.088813		0.256191		
0.000149984		0.000335106		0.999223		0.000292254		
0.349097		0.377547		0.191465		0.0818916		
0.00162114		9.62745e-05		0.996242		0.0020404		
0.328718		0.110756		0.248491		0.312034		
0.000709012		0.998086		0.00097725		0.0002278		
0.000129315		0.999293		0.000246201		0.000331515		
0.198229		0.257506		0.245958		0.298306		
0.220568		0.445647		0.130356		0.203428		
0.0882195		0.448628		0.460463		0.00268962		
0.0732984		0.307592		0.43281		0.1863		
0.347006		0.390894		0.111567		0.150533		
0.366197		0.0854157		0.303498		0.244889		
0.431261		0.0308043		0.111808		0.426127		
0.11074		0.327212		0.0940456		0.468002		
0.312925		0.0042517		0.192177		0.490646		
6.9641e-05		0.998676		0.000344047		0.00091053		
0.189674		0.297239		0.191825		0.321262		
0.387151		0.0469274		0.436313		0.129609		
0.332461		0.238594		0.0594615		0.369484		
0.326147		0.26422		0.156422		0.253211		
2.19812e-05		0.999762		0.000112172		0.000104128		
0.0547945		0.613948		0.134496		0.196762		
0.446439		0.0873728		0.0819868		0.384201		
0.128169		0.0556338		0.523944		0.292254		
0.000476898		0.997523		0.00146847		0.000531198		
0.262256		0.436935		0.221323		0.079486		
0.182084		0.347128		0.156767		0.314021		
0.00122238		0.000206375		0.00154781		0.997023		
0.000707043		0.000651316		0.99775		0.000891641		
0.000705902		0.00200006		0.000934667		0.996359		
0.00127717		0.000715282		0.996516		0.00149192		
0.00142698		0.000980868		0.00134996		0.996242		
0.345851		0.0161472		0.361622		0.27638		
0.996484		0.00075375		0.00182625		0.000935625		
0.000398292		0.997727		0.00106799		0.000807158		
0.999863		9.52368e-05		1.00637e-05		3.14183e-05		
0.998762		0.000101056		0.000639559		0.000497666		
7.20502e-05		0.000455813		0.999195		0.000276825		
0.0577812		0.20416		0.3698		0.368259		
0.190011		0.443169		0.0998852		0.266935		
0.000275929		0.00158368		0.00118727		0.996953		
0.000338265		0.000248724		0.00022551		0.999188		
0.323022		0.393525		0.278417		0.00503597		
0.338483		0.427669		0.221208		0.0126404		
0.000768667		0.000257219		0.997734		0.00123974		
0.000510751		0.000383866		0.998648		0.000456945		
1.30746e-05		0.998855		0.000857896		0.000273561		
0.168374		0.333185		0.418708		0.0797327		
0.417846		0.115077		0.367385		0.0996923		
0.996437		0.00092847		0.00248265		0.000151381		
0.0125196		0.165102		0.539124		0.283255		
0.998727		0.000576749		0.000337609		0.00035908		
0.00126087		0.0004246		0.998168		0.000146562		
0.307354		0.377121		0.209302		0.106223		
0.339168		0.249088		0.104668		0.307075		
0.206942		0.301406		0.262302		0.22935		
0.384213		0.100808		0.198288		0.31669		
0.00152709		0.000686729		0.997617		0.000168994		
5.37409e-06		0.000230672		0.000303016		0.999461		
1.3917e-05		0.00017971		0.999383		0.00042356		
0.00113068		0.000101308		0.997719		0.00104927		
8.00826e-05		0.00204081		0.000136915		0.997742		
0.175871		0.0080429		0.454155		0.36193		
0.000789057		0.000295896		0.000125984		0.998789		
0.649046		0.00881057		0.030837		0.311307		
0.998754		0.000819009		0.000263696		0.000163388		
0.00061486		0.000149996		0.000449988		0.998785		
0.0245965		0.100692		0.326672		0.54804		
0.997563		0.000516196		0.000471668		0.00144964		
0.512082		0.196915		0.0658098		0.225193		
0.10352		0.00207039		0.327812		0.566598		
0.231034		0.0655172		0.67069		0.0327586		
0.00142759		0.00137671		0.996605		0.000590227		
0.000334854		0.000721762		0.000626977		0.998316		
0.124103		0.228718		0.206154		0.441026		
0.996934		0.00142248		0.000851869		0.000792061		
0.00111732		0.173743		0.477654		0.347486		
0.997527		0.000189181		0.00126219		0.00102128		
0.000880236		0.996871		0.00107995		0.00116872		
0.000820942		0.000876179		0.00168569		0.996617		
0.000420516		0.000449049		0.000380435		0.99875		
0.000381743		0.000207206		8.95059e-07		0.99941		
0.101045		0.316078		0.242907		0.33997		
0.0798038		0.353544		0.28667		0.279982		
0.267436		0.120092		0.406928		0.205543		
0.189124		0.547432		0.174622		0.0888218		
0.000432815		0.00159363		0.996219		0.0017548		
0.177404		0.383754		0.260504		0.178338		
0.314983		0.153146		0.202401		0.32947		
0.0136705		0.402597		0.583732		0		
0.99693		0.000806161		0.00105854		0.00120561		
0.386845		0.140294		0.279669		0.193192		
0.317031		0.00480349		0.374672		0.303493		
0.000246236		0.99907		0.000360453		0.000322999		
0.186987		0.196829		0.313286		0.302898		
0.246641		0.364683		0.351727		0.0369482		
0.000212716		0.998648		0.000592331		0.000546516		
0.22263		0.314419		0.247997		0.214953		
0.00029311		8.71962e-05		0.999582		3.76622e-05		
0.318347		0.151197		0.292966		0.237491		
0.395596		0.17388		0.237661		0.192863		
0.0289402		0.385999		0.204928		0.380133		
0.243708		0.278699		0.426642		0.0509515		
0.00149377		0.997211		0.00121658		7.87097e-05		
0.00167907		8.65502e-05		0.997793		0.000441406		
0.998332		0.000422382		0.000527243		0.000718344		
0.000504828		0.00129946		0.00152383		0.996672		
0.997648		0.00180381		0.000269155		0.000278599		
0.100322		0.415236		0.452253		0.0321888		
0.435998		0.192742		0.369789		0.00147131		
0.0812325		0.0378151		0.5007		0.380252		
0.000251482		0.000113919		0.99943		0.000204911		
0.998957		0.000215485		0.000524988		0.000302496		
0.301572		0.441639		0.209624		0.0471653		
0.000795334		0.00113943		0.997789		0.000276179		
0.000294158		0.000872715		0.998008		0.000825315		
7.55986e-05		0.00100378		0.000959682		0.997961		
0.232122		0.23642		0.332161		0.199297		
0.999602		0.000117471		0.000122123		0.000158843		
0.23192		0.0872818		0.0822943		0.598504		
0.0994253		0.381034		0.127011		0.392529		
0.270338		0.414268		0.0913642		0.22403		
0.00092006		0.00116504		0.000684435		0.99723		
0.000361343		0.999109		0.000335879		0.000193403		
0.00173538		0.000210406		0.997605		0.000448742		
0.329404		0.0452854		0.188586		0.436725		
0.237151		0.333634		0.28945		0.139766		
0.00111435		0.996922		0.00100862		0.000955157		
0.000997271		0.000102433		0.998152		0.000747953		
0.000426357		0.00277616		0.99625		0.000547481		
0.255113		0.262551		0.270733		0.211603		
0.0178971		0.350112		0.123043		0.508949		
0.00255577		0.996629		9.9835e-06		0.000805335		
0.000937734		0.000626437		0.996668		0.00176786		
0.99852		0.000209177		0.000611302		0.00065999		
0.000453399		0.000147879		0.000433877		0.998965		
0.608362		0.0146341		0.0292683		0.347735		
0.529477		0.12069		0.057842		0.291991		
0.491979		0.127273		0.0459893		0.334759		
0.212826		0.256112		0.175551		0.355511		
1.32668e-05		0.000174609		0.000194937		0.999617		
0		0.356356		0.266949		0.376695		
0.00103058		0.00134739		0.99666		0.000961875		
0.36729		0.382014		0.147234		0.103462		
0.00188645		0.000923923		0.00047869		0.996711		
4.92807e-05		0.999418		0.000310728		0.000222023		
0.176271		0.29322		0.354237		0.176271		
0.323065		0.259479		0.151264		0.266193		
0.998922		0.00038062		0.000424607		0.000272898		
0.999238		0.000577386		2.65382e-05		0.000157795		
0.000572104		0.00195342		0.997074		0.000400256		
0.99668		0.00252297		0.000774061		2.328e-05		
0.0190263		0.302742		0.29155		0.386682		
0.182882		0.20428		0.302574		0.310264		
0.19335		0.298721		0.214834		0.293095		
4.09058e-05		0.000433488		0.000404513		0.999121		
0.0124342		0.460067		0.175514		0.351985		
0.000644509		0.00103721		0.000986249		0.997332		
0.997715		0.000801145		0.00135942		0.000124588		
0.10531		0.00619469		0.448673		0.439823		
0.403394		0.184073		0.193211		0.219321		
0.000422464		0.000656228		0.000936932		0.997984		
0.000688191		0.000121656		0.998367		0.000822966		
0.060808		0.291545		0.34319		0.304456		
0.000342903		0.000882534		0.998703		7.1438e-05		
0.127625		0.376698		0.253191		0.242487		
0.000114247		0.998395		0.00139351		9.77111e-05		
0.00132658		0.00181605		0.000681589		0.996176		
0.375552		0.0842895		0.386143		0.154016		
2.78816e-05		0.999801		8.61183e-05		8.52189e-05		
0.997898		0.000704606		0.000307882		0.00108908		
0.0721178		0.203657		0.425597		0.298629		
0.529412		0.0226244		0.0135747		0.434389		
0.00126953		0.00114458		0.997477		0.000109327		
0.382429		0.206202		0.00258398		0.408786		
0.000726097		0.000929129		0.998121		0.000223679		
0.0883621		0.286638		0.0765086		0.548491		
0.000437671		0.000379818		0.00102626		0.998156		
0.248299		0.345049		0.292139		0.114512		
0.161184		0.383929		0.240602		0.214286		
0.118255		0.365558		0.315198		0.200989		
0.000808371		0.000923034		0.997738		0.000530314		
0.000358088		0.998977		5.31356e-05		0.000612214		
0.00099941		0.000114686		0.000335123		0.998551		
0.99668		0.000807315		0.00110272		0.00141027		
0.000604961		0.580157		0.318814		0.100423		
0.00115134		0.996195		0.0019189		0.000734443		
0.998613		0.000317954		0.000232956		0.000835809		
0.134047		0.239533		0.308017		0.318403		
0.01723		0.369781		0.461895		0.151093		
0.000644042		0.000938348		0.99825		0.000167609		
0.152956		0.188946		0.294987		0.363111		
0.0364964		0.40146		0.0963504		0.465693		
0.352288		0.583218		0.0367545		0.0277393		
0.00130462		0.000273988		0.996805		0.00161671		
0.333961		0.44277		0.153556		0.0697127		
0.999609		5.08172e-05		0.00011652		0.000223288		
0.000440174		0.00108404		0.997965		0.000510947		
0.43963		0.1658		0.0358174		0.358752		
0.000442772		0.998176		0.00112818		0.000253265		
0.000134175		0.000997304		0.996918		0.00195055		
0.281682		0.201524		0.238498		0.278295		
9.78344e-05		0.999715		0.000183634		3.6882e-06		
0.201967		0.234633		0.321742		0.241658		
0.171251		0.34302		0.408407		0.0773223		
0.0185		0.393		0.409		0.1795		
0.105616		0.40134		0.219474		0.27357		
0.00063037		0.000666167		0.998344		0.000359713		
0.411683		0.124247		0.0431154		0.420955		
0.0153492		0.442057		0.496546		0.0460476		
0.149613		0.328331		0.304684		0.217372		
0.0355208		0.370861		0.341361		0.252258		
0.00044662		3.68346e-06		0.999516		3.4072e-05		
0.997633		0.00111863		2.3386e-05		0.00122517		
0.000424428		0.998883		0.000428943		0.000263816		
0.000606415		0.00128395		0.997406		0.00070339		
0.390974		0.139192		0.261283		0.208551		
0.00027929		0.000721846		0.00025277		0.998746		
0.463045		0.0254528		0.465492		0.0460108		
0.24081		0.292573		0.0112528		0.455364		
0.321088		0.29771		0.257634		0.123569		
0.998586		0.000424219		0.000607176		0.000382668		
0.000174232		0.000290622		0.999223		0.000312489		
0.312344		0.131359		0.370309		0.185988		
0.223583		0.573507		0.0451761		0.157734		
0.000100919		0.998246		0.000793434		0.000859553		
0.279129		0.311434		0.23412		0.175318		
0.389851		0.241337		0.315594		0.0532178		
0.469018		0.158723		0.168255		0.204004		
0.000808848		0.000253205		0.000711385		0.998227		
0.000541712		0.415493		0.354821		0.229144		
0.086155		0.302483		0.29985		0.311512		
0.424214		0.0175601		0.372458		0.185767		
0.148199		0.269205		0.28552		0.297077		
0.478236		0.325015		0.0504933		0.146257		
0.00264758		0.000610658		0.000230043		0.996512		
0.0741301		0.0882501		0.372163		0.465456		
0.000349475		0.000322344		0.000574275		0.998754		
0.000818593		0.000489067		0.000793903		0.997898		
0.000157368		0.00152872		0.997238		0.00107563		
0.000167597		0.00033045		3.32031e-05		0.999469		
4.7018e-05		0.000284834		0.000617367		0.999051		
0.000222666		0.999367		0.00036971		4.0437e-05		
0.200544		0.239021		0.27672		0.283716		
0.996484		0.00113151		0.00201042		0.000373692		
0.00192678		7.58908e-05		0.997715		0.000282482		
0.999527		0.0001472		0.000122525		0.000202932		
0.00134446		0.000264205		0.997867		0.000524148		
0.252858		0.416552		0.0928212		0.237769		
0.509279		0.0010917		0.478166		0.0114629		
0.996723		0.000775959		0.00187001		0.000631371		
0.286874		0.263938		0.119619		0.32957		
7.31738e-05		3.99602e-05		0.999855		3.13973e-05		
0.000185246		0.999465		0.00021744		0.00013247		
0.189027		0.0109726		0.468828		0.331172		
0.00100137		0.996812		2.56761e-05		0.00216046		
0.0641207		0.401697		0.0867515		0.44743		
0.000937025		0.00211235		0.000372496		0.996578		
0.170603		0.258143		0.201547		0.369707		
0.167517		0.622449		0.0722789		0.137755		
0.523973		0.116438		0.144977		0.214612		
0.162537		0.456888		0.27552		0.105055		
0.000689018		0.000521321		0.998383		0.000406849		
0.258783		0.269923		0.0736932		0.397601		
0.000408529		0.00155688		0.996648		0.00138615		
0.00167961		0.000578285		0.00106633		0.996676		
0.251505		0.242952		0.202091		0.303453		
0.996422		0.000870839		0.00174936		0.000957923		
0.395153		0.150158		0.426765		0.0279241		
0.000369868		0.999027		6.00544e-05		0.000542734		
0.000710449		0.99659		0.00163291		0.0010668		
0.203011		0.209761		0.491173		0.096054		
0.286978		0.243243		0.0506143		0.419165		
0.996895		0.000519698		0.00142644		0.00115933		
0.347953		0.0251462		0.512281		0.11462		
0.000663237		0.00128931		0.0015123		0.996535		
0.431549		0.340845		0.0326761		0.19493		
0.998195		0.000159887		0.000870101		0.000774699		
0.187473		0.311035		0.400937		0.100554		
0.000376747		0.999113		0.000311684		0.000198288		
0.000794906		0.99852		0.000536301		0.000149262		
1.46614e-05		0.99973		0.000142523		0.000112347		
0.00101338		0.000872839		0.000199717		0.997914		
0.000153282		2.84933e-05		0.999785		3.30689e-05		
0.259718		0.25387		0.24011		0.246302		
0.00950872		0.380349		0.327522		0.28262		
0.997695		0.000202659		0.000976312		0.00112572		
0.275952		0.25122		0.233973		0.238855		
0.997352		0.000740075		0.00116949		0.000738876		
0.593333		0.0875		0.288333		0.0308333		
0.058906		0.0610098		0.651473		0.228612		
0.251843		0.115638		0.385332		0.247187		
0.0279831		0.408659		0.475713		0.0876452		
0.0519547		0.483025		0.0354938		0.429527		
0.0615672		0.464552		0.427861		0.0460199		
0.425791		0.0671533		0.399513		0.107543		
0.0177453		0.159186		0.320459		0.50261		
0.354505		0.474643		0.138848		0.0320039		
0.243823		0.0550117		0.339394		0.361772		
0.000220317		0.999699		5.59415e-05		2.45223e-05		
0.000508939		0.00102397		0.000803026		0.997664		
0.0821987		0.353001		0.216843		0.347958		
1.98395e-05		0.999656		0.000171268		0.000152643		
0.0237797		0.331247		0.403004		0.241969		
0.997289		0.00108101		0.000927268		0.000702658		
0.000231982		0.998945		0.000424811		0.000397894		
0.444058		0.344107		0.183988		0.0278468		
0.000254616		0.000128374		0.999402		0.000214666		
0.0143627		0.118492		0.800718		0.0664273		
0.000351821		0.00167578		0.996648		0.00132396		
0.0128832		0.289649		0.408263		0.289205		
0.99709		0.00111479		0.000754082		0.00104129		
0.646401		0.120894		0.178197		0.0545073		
0.358786		0.328439		0.0132159		0.299559		
0.326309		0.321839		0.0721584		0.279693		
0.999531		0.000190266		0.00025666		2.18238e-05		
0.00134816		0.00101939		0.996723		0.000909799		
0.000718693		0.000196211		0.998781		0.000303847		
0.00118844		0.996945		0.000775722		0.00109053		
0.998129		0.000672486		0.000331298		0.000867309		
0.000134184		0.999805		6.26193e-06		5.48664e-05		
0.999914		2.31229e-05		2.74381e-05		3.53765e-05		
0.000607725		0.000326973		0.997852		0.00121374		
0.998605		8.31006e-05		0.000379146		0.000932284		
0.000448378		0.000511624		0.000270467		0.99877		
0.998184		0.000491127		0.000290756		0.00103452		
0.999449		9.67589e-05		0.000188733		0.000265289		
0.060241		0.471601		0.10241		0.365749		
0.306356		0.279379		0.165558		0.248707		
0.996305		0.00191166		0.000556857		0.00122679		
0.447717		0.0751105		0.164212		0.31296		
8.43485e-05		0.999898		1.20498e-06		1.6009e-05		
0.997148		0.000919074		0.00096168		0.000970809		
0.998301		0.000486553		0.000508857		0.000703809		
0.39014		0.389531		0.204504		0.0158247		
0.336286		0.337704		0.128278		0.197732		
0.218855		0.125327		0.295548		0.360269		
0.00161805		0.00121854		0.996992		0.000171223		
0.40077		0.206707		0.0736668		0.318857		
0.000396746		0.999098		4.22179e-05		0.000463379		
0.000180883		7.16751e-05		4.43165e-05		0.999703		
0.354754		0.0553814		0.268025		0.321839		
0.000239471		0.000584916		0.000359207		0.998816		
0.359645		0.135922		0.110173		0.394259		
0.00107849		0.00166309		0.997082		0.000176388		
0.257826		0.318411		0.140357		0.283406		
0.3079		0.276515		0.0508658		0.364719		
6.19045e-05		0.00038945		0.000329896		0.999219		
0.211961		0.252238		0.142799		0.393002		
4.89573e-05		4.84406e-06		4.38549e-05		0.999902		
0.000434684		0.998867		0.000187704		0.000510424		
5.42688e-05		0.999789		0.000104984		5.16845e-05		
0.000436594		0.000550109		0.997465		0.00154845		
0.221387		0.563006		0.213873		0.0017341		
0.22611		0.121131		0.472409		0.18035		
0.00169133		0.000774501		0.000569323		0.996965		
0.0376597		0.0564896		0.595158		0.310693		
0.189664		0.213067		0.431984		0.165285		
0.11976		0.225702		0.289268		0.365269		
0.00912106		0.0986733		0.587894		0.304312		
0.00057122		0.000762773		0.000216788		0.998449		
0.694524		0.074928		0.0338617		0.196686		
0.0795367		0.275676		0.207722		0.437066		
0		0.00113587		0.00143444		0.99743		
0.123791		0.0451322		0.488717		0.34236		
0.996574		0.00129988		0.00109216		0.00103374		
9.70932e-05		0.000321495		0.00024938		0.999332		
0.99923		4.66907e-05		0.000173505		0.000549336		
0.999145		0.000307901		0.00048957		5.79979e-05		
0.0122126		0.0237069		0.648707		0.315374		
0.38211		0.109383		0.324745		0.183763		
0.000107778		0.00119385		3.03991e-05		0.998668		
2.64386e-05		1.51486e-05		0.999941		1.70065e-05		
0.445188		0.0988163		0.412764		0.0432321		
0.000336679		0.000111896		0.000188144		0.999363		
0.00137744		0.000429143		7.23274e-05		0.998121		
0.00059353		0.000986506		0.0023145		0.996105		
0.000327781		0.000532736		0.998488		0.000651202		
0.316699		0.227984		0.287345		0.167971		
0.672006		0.0884401		0.0111421		0.228412		
0.99768		0.00137302		0.000117822		0.000829469		
0.237753		0.316889		0.208633		0.236725		
0.996762		0.00111153		0.000531688		0.00159506		
0.997203		0.000840794		0.000903853		0.00105223		
0.000336159		0.00134175		0.000712715		0.997609		
9.66869e-05		0.000477021		0.998992		0.000434104		
0.996691		0.00162162		0.000300121		0.00138685		
0.00163055		0.00154796		0.996781		4.02344e-05		
0.105913		0.0565302		0.289149		0.548408		
0.289628		0.563601		0.132094		0.0146771		
0.0475842		0.373353		0.0841874		0.494876		
0.000550448		0.000399317		0.000268985		0.998781		
0.138765		0.142346		0.418084		0.300806		
0.000607998		0.000162133		0.997309		0.00192127		
0.220848		0.224382		0.258392		0.296378		
0.236952		0.372286		0.0794457		0.311316		
2.66259e-05		5.82177e-05		0.999867		4.79689e-05		
0.442164		0.0438433		0.20569		0.308302		
0.000111384		0.00015708		0.000165129		0.999566		
0.348136		0.291998		0.120235		0.239631		
0.095953		0.332245		0.373368		0.198433		
0.000316689		0.998523		0.000755303		0.00040457		
0.00100368		0.000811211		0.99782		0.000364793		
0.000247393		0.000881415		0.00120713		0.997664		
0.000389764		0.000956171		0.00125953		0.997395		
0.000796075		0.998352		0.000748632		0.000103731		
0.997434		0.000912335		0.000422789		0.00123128		
0.304569		0.36802		0.0248731		0.302538		
0.00118635		0.000342833		0.00145519		0.997016		
0.000171691		2.14232e-05		0.99957		0.000236573		
0.0310139		0.384891		0.331213		0.252883		
0.000116265		0.999547		0.000148796		0.000188064		
0.996754		0.00115184		0.000694326		0.00139993		
0.000216563		0.000718765		0.000545141		0.99852		
0.000650118		0.000724951		3.11807e-05		0.998594		
0.99725		0.00143051		0.000102484		0.001217		
0.183718		0.221122		0.435644		0.159516		
0.000617297		0.000295141		0.998555		0.000532875		
0.00127766		0.000473028		0.997965		0.000284467		
0.000663149		0.00179531		0.997453		8.84198e-05		
0.99668		3.17299e-05		0.00110602		0.00218257		
0.999055		0.000312334		0.000375877		0.000257102		
0.000437779		0.00150863		0.00114734		0.996906		
0.000592214		0.000944267		0.00048305		0.99798		
0.0009048		0.000235929		0.00158583		0.997273		
4.15483e-06		0.999695		2.38903e-05		0.000276642		
3.7696e-05		0.000644157		0.000997834		0.99832		
0.00031053		0.0011394		0.00124928		0.997301		
0.00171834		0.00055599		0.996426		0.00129989		
0.997586		0.00111912		0.000620715		0.000674225		
0.00045378		0.998301		0.00115115		9.42919e-05		
0.000640049		0.000376595		0.997676		0.00130758		
0.000447808		0.00150606		0.00097582		0.99707		
0.000257367		0.000419707		0.998645		0.000678394		
0.000612801		0.998801		0.000557637		2.87813e-05		
0.000333279		0.997996		0.000629527		0.0010411		
0.000413297		0.00038982		0.999055		0.000142196		
0.0013357		0.997277		4.27195e-05		0.00134424		
3.86335e-05		0.000195007		0.000121828		0.999645		
0.000950559		7.52526e-05		0.998199		0.00077497		
0.999387		0.000283935		4.1283e-05		0.000288063		
0.000787607		0.00104564		0.997754		0.000412849		
0.000589501		0.996844		0.00105542		0.00151133		
0.0010562		0.00100135		0.997016		0.000926816		
0.00020233		0.000175177		0.000642024		0.99898		
0.000376311		0.99825		0.000573645		0.000800044		
0.00077449		0.000990222		0.000493101		0.997742		
0.000199205		0.998551		0.000336159		0.000913854		
0.000349515		0.000598101		0.000528946		0.998523		
0.998832		0.000407345		9.77628e-05		0.000662861		
0.00106808		0.99768		0.000690937		0.000561295		
0.99734		0.00152727		0.000189459		0.000943428		
0.998738		0.000277229		4.5841e-05		0.000938649		
0.000416923		0.000956608		0.000271		0.998355		
0.000779533		0.000555584		0.00063754		0.998027		
0.000289715		0.000291258		0.999379		4.01203e-05		
0.00112476		0.00154444		0.996938		0.000393305		
0.999238		0.000288501		0.00029707		0.000176147		
0.000103887		0.00111516		0.00047236		0.998309		
0.999574		0.000246411		0.000137191		4.21785e-05		
0.000154458		0.999684		8.95458e-05		7.24023e-05		
0.9965		0.00153057		0.000892835		0.00107659		
0.000463188		3.87605e-05		0.998621		0.000876957		
0.999941		6.96386e-06		2.53095e-05		2.63204e-05		
0.999465		0.000173395		0.000150827		0.000210934		
0.996395		0.00124813		0.00076528		0.00159205		
0.00188185		0.00112488		0.000321395		0.996672		
0.999547		0.00019961		0.000175601		7.7914e-05		
0.00106733		0.00152058		0.00105271		0.996359		
0.996547		0.00143526		0.00176058		0.000257283		
0.000858569		0.996777		0.00165668		0.000707412		
0.000257266		0.00170579		0.000556478		0.99748		
0.000554641		0.000216533		0.000373357		0.998855		
0.000423344		0.000404814		0.998977		0.00019528		
0.000925648		0.000265951		0.00265606		0.996152		
0.00177403		0.000858481		0.99677		0.000597959		
8.29792e-05		0.997777		0.000687542		0.00145214		
0.00172847		0.000864233		0.996227		0.00118074		
0.997133		0.00154545		0.00122782		9.39222e-05		
0.999313		2.98507e-05		0.000275653		0.000381996		
0.000633134		0.998805		0.000483037		7.91417e-05		
0.000374145		6.23575e-05		0.999324		0.000239279		
0.998777		0.000209983		0.000292392		0.000720282		
0.000731572		0.000746877		0.997871		0.000650457		
0.000740672		0.00151258		0.000852219		0.996895		
8.65082e-05		0.000229293		0.000320917		0.999363		
0.00115517		0.000475657		0.996445		0.00192386		
0.000962612		6.59153e-05		0.997754		0.00121757		
1.02734e-05		0.000375445		0.999508		0.000106469		
0.000589268		0.000368004		0.99852		0.000523196		
0.000688965		0.997941		0.000818665		0.000550964		
1.84079e-05		2.44587e-05		0.999949		7.91462e-06		
0.997258		0.00135509		0.000836527		0.000550571		
0.00124691		0.00149453		0.997004		0.00025465		
0.997586		0.000424771		0.00151912		0.000470167		
0.00129466		0.00141127		0.996367		0.00092689		
0.00126908		0.000294512		0.996477		0.00195985		
0.00112844		0.997328		0.0010515		0.000491942		
0.997445		0.00114312		0.000401198		0.00101037		
0.00154962		0.00193017		0.996191		0.000328799		
0.998422		0.000410145		0.000614285		0.000553695		
0.000496326		0.998777		0.000367017		0.000359313		
5.93217e-05		0.998973		0.000523649		0.000444373		
1.10446e-05		0.999969		1.15125e-05		8.69291e-06		
0.000292555		0.999203		0.000216391		0.000287928		
0.998695		0.000504907		0.000194385		0.000605395		
9.09659e-05		0.000676098		0.998879		0.00035403		
0.996586		0.00147509		0.0014157		0.000523265		
0.000232285		0.998355		0.000772225		0.00064002		
0.00100064		0.000922044		0.997348		0.000729658		
0.000777597		0.000237809		0.996973		0.00201194		
0.000873981		0.000839481		0.00110685		0.99718		
0.997863		0.000944721		0.000358233		0.000833764		
0.998578		0.000853298		0.000492652		7.59254e-05		
0.997473		8.06964e-05		0.00108511		0.00136154		
0.00148476		0.996871		0.00154193		0.000102218		
0.000313594		0.00025875		0.998629		0.00079875		
0.000632589		0.997141		0.000468988		0.0017578		
0.997035		0.0020767		0.000649784		0.000238363		
0.00127228		0.996695		0.00110774		0.000924664		
0.000443878		0.000376701		0.9985		0.000679422		
0.000228623		0.99943		0.000242845		9.88447e-05		
0.000173055		0.999555		9.30306e-05		0.000179227		
0.000709125		0.000391375		0.000837		0.998062		
0.000227265		0.998684		0.000304305		0.000784836		
0.000179646		0.000160587		0.999309		0.000351174		
0.999023		0.000226167		0.000272599		0.000477797		
0.996863		0.00149845		0.000715792		0.000922475		
0.997316		0.00204921		5.45003e-05		0.000579883		
0.000148736		0.999375		0.000129855		0.000346409		
0.996504		0.00148593		0.00133885		0.00067131		
0.000707991		0.000590189		0.998652		4.94769e-05		
9.90084e-07		1.46184e-06		1.45433e-06		0.999996		
9.32443e-05		0.999066		2.87791e-05		0.00081157		
0.997289		0.000983203		0.000997988		0.000729746		
0.000291352		0.000194234		0.000264414		0.99925		
0.00134602		0.00083993		0.996539		0.00127499		
0.000142809		0.999672		0.00012603		5.92862e-05		
4.55716e-05		7.70181e-05		8.44415e-05		0.999793		
0.00036644		0.998004		0.000120601		0.00150905		
0.000850689		0.000786099		0.997605		0.000757743		
0.000790107		0.00018377		0.000291748		0.998734		
0.998633		0.000557853		0.000426368		0.000382966		
4.6658e-05		2.58247e-05		0.999836		9.15799e-05		
0.000184797		0.000707406		0.000174203		0.998934		
0.000373044		0.00208904		0.996551		0.000987131		
0.000351007		0.99641		0.00071531		0.00252353		
0.000318447		0.998867		0.000342943		0.000471422		
0.998293		0.000620907		0.000832201		0.000253923		
0.00110902		0.000406492		0.996293		0.00219152		
0.00021875		0.99798		0.00104557		0.000755208		
0.000803708		0.00105417		0.000661657		0.99748		
0.000620776		9.33334e-05		0.000446047		0.99884		
0.996535		0.00168513		0.00162495		0.000154757		
0.997555		0.000615742		0.00175233		7.72436e-05		
0.000793108		0.998387		0.000209964		0.000610209		
0.000156131		0.000594305		0.999008		0.000241751		
0.997133		0.00130867		0.000420858		0.00113765		
0.00118603		0.00126922		0.99732		0.000224436		
0.996445		0.000971407		0.0015048		0.00107848		
0.00059041		0.99882		0.000451024		0.000138253		
0.998547		0.000411375		0.000608904		0.000432846		
0.000205353		0.000286977		0.999219		0.00028892		
0.00222733		0.996504		0.000511419		0.000757347		
6.0313e-05		0.999867		6.72325e-05		5.26706e-06		
0.000257559		0.000212709		0.999328		0.000201607		
0.000325389		0.000473338		2.54913e-05		0.999176		
0.000657422		0.99884		0.000241502		0.000261232		
0.00158332		0.996367		0.00142583		0.000623668		
0.00096375		0.997051		0.000608684		0.00137679		
0.00115903		0.000460006		0.997441		0.000939554		
0.00142467		0.000271263		0.998266		3.84467e-05		
0.996984		0.00107232		0.00115986		0.00078345		
0.00043528		0.000318065		0.999102		0.000145093		
0.000400545		0.000935385		0.00110938		0.997555		
0.000114304		0.00126407		0.00219194		0.99643		
0.000828475		0.000808995		0.000635967		0.997727		
0.000554207		0.000404507		0.998965		7.64423e-05		
0.000117773		0.00018457		0.999648		4.92188e-05		
0.000643051		0.000404175		0.000679336		0.998273		
0.00130005		0.997145		0.00109111		0.000464304		
0.000273457		0.999168		0.0003122		0.000246375		
0.000708136		0.00059948		0.997477		0.00121582		
0.997426		0.00164284		0.000551064		0.000380312		
0.00109288		0.996105		0.00194495		0.000856704		
0.998664		0.000480488		0.000432215		0.000423234		
0.998504		0.000533782		0.000103373		0.000858938		
0.000537463		0.996754		0.00128199		0.00142664		
0.000140719		0.999781		1.4019e-05		6.40115e-05		
0.000678218		0.996512		0.00171562		0.00109445		
5.24024e-05		0.999555		0.000181791		0.000211119		
0.000109722		0.999574		0.000241542		7.45181e-05		
0.000730401		0.00129677		0.00102751		0.996945		
0.000319781		0.000434369		0.000198975		0.999047		
0.00132463		0.000340993		0.997102		0.00123282		
5.71303e-06		0.000129557		6.3949e-05		0.999801		
0.998172		0.00115525		0.000168986		0.000503887		
0.997309		0.00157998		0.000771464		0.000339967		
0.00184012		0.996836		0.000375397		0.000948548		
0.000475252		0.000328312		0.000262843		0.998934		
0.000996755		0.00085466		0.997668		0.000480616		
0.997996		5.11201e-06		0.0010224		0.000976393		
0.000115056		0.0011549		0.99741		0.00131989		
0.0001241		0.999684		9.35351e-05		9.87708e-05		
0.000918873		0.000199907		0.00276013		0.996121		
0.999332		0.000249134		0.000302492		0.000116343		
0.000432744		0.000365428		0.00172136		0.99748		
0.000199739		0.000207456		0.999348		0.000245148		
0.00135615		0.996898		0.00123686		0.000508556		
0.997156		0.00135471		0.00105747		0.000431564		
2.76042e-05		0.000188021		0.000178906		0.999605		
0.000731651		1.37356e-05		0.998457		0.000797582		
0		0.00140549		0.998004		0.000590605		
0.00149449		0.00170311		0.000142242		0.99666		
0.000802743		0.000646906		0.997805		0.000745663		
0.999594		0.000158442		4.32486e-05		0.00020456		
0.00025266		0.00087098		0.99791		0.000966204		
0.997121		0.00239455		0.000484353		0		
0.00080532		0.000530719		0.000277241		0.998387		
0.99752		0.000675848		0.00081031		0.000994311		
0.000221597		0.000384402		0.00226119		0.997133		
0.999527		0.000139031		0.000137562		0.000196063		
0.997785		0.000834135		0.000783149		0.000597559		
0.000474963		0.000942297		0.997633		0.000949927		
0.000377576		0.00086957		0.996773		0.00197942		
0.997461		0.00168229		0.000322917		0.000533854		
0.998602		0.000253795		0.000355057		0.000789585		
7.13317e-05		4.56398e-05		0.99982		6.2716e-05		
0.000237969		0.999422		9.15481e-05		0.000248608		
0.000231662		0.000191197		6.82847e-06		0.99957		
0.996832		0.00077973		0.00131928		0.00106896		
0.000290045		0.00144617		0.00179504		0.996469		
0.000273124		0.99841		0.000197985		0.00111873		
0.000767001		0.00173123		0.996715		0.000786923		
0.0007003		0.00171949		0.00122865		0.996352		
0.999285		0.000163586		0.000212469		0.000338789		
0.00102565		0.997715		0.0010287		0.000230808		
0.00132728		0.997227		0.000906297		0.000539862		
4.81005e-05		0.000322101		0.998773		0.000856361		
0.000413741		0.000418781		0.998801		0.000366696		
0.996195		0.000217031		0.0028657		0.00072196		
0.99723		0.00121997		0.0011075		0.000442063		
5.44071e-05		0.00133406		0.000763875		0.997848		
0.00132884		0.00162939		0.000799575		0.996242		
0.998844		0.000313042		0.000148237		0.000694971		
0.997859		0.00072934		0.00124936		0.000161929		
0.000224326		0.99948		9.71838e-05		0.000198021		
0.998395		0.000706256		0.000349381		0.000549831		
0.000259402		0.000174425		0.99952		4.66412e-05		
0.000516077		0.000442109		0.000592596		0.998449		
0.998598		0.000659289		0.00024263		0.000500424		
0.997305		0.000587376		0.000734634		0.0013733		
0.000415687		0.997637		0.00105762		0.000889978		
0.000589827		0.998516		0.000469507		0.000425041		
6.32324e-05		0.999887		2.25423e-05		2.75065e-05		
0.000180514		0.998742		0.000494099		0.000583199		
0.000927632		0.00041324		0.99782		0.000838816		
0.000152987		0.000186938		1.55441e-05		0.999645		
0.000497384		0.000668585		0.99859		0.000244187		
0.00153454		0.000614624		0.996895		0.000956306		
2.28344e-05		3.48859e-05		0.000180561		0.999762		
0.997273		0.000855971		0.00105152		0.000819076		
0.000253591		0.999316		0.000364349		6.56531e-05		
0.000639228		0.000480285		0.000474238		0.998406		
