0.0497581		0.682101		0.22322		0.0449205		
0.545629		0.000960615		0.239193		0.214217		
0.00122447		0.00115696		9.51344e-05		0.997523		
0.000454409		0.000480988		0.998258		0.000806791		
0.000467299		0.000116332		0.00169371		0.997723		
0.00132133		0.00019341		0.00115323		0.997332		
0.000276705		0.999328		0.000149148		0.000246023		
0.997398		0.00066521		0.000428105		0.00150825		
0.246988		0.239192		0.308646		0.205174		
0.000431153		0.00145231		0.996828		0.00128842		
0.417728		0.208599		0.141189		0.232484		
0.281069		0.0294232		0.341851		0.347658		
0.329746		0.162952		0.3505		0.156802		
0.00097555		0.997016		0.00066576		0.00134306		
3.01977e-05		0.999918		3.71011e-05		1.47325e-05		
0.092942		0.216632		0.642907		0.0475192		
0.396429		0.199405		0.319048		0.085119		
0.312404		0.192956		0.158754		0.335886		
0.000180726		0.000148454		0.99966		1.0664e-05		
0.999859		4.10218e-05		4.36779e-05		5.59254e-05		
0.997156		0.00132196		0.00120667		0.000315118		
6.0869e-05		7.11941e-05		0.999773		9.44994e-05		
0.131769		0.22503		0.283995		0.359206		
0.087073		0.558607		0.083724		0.270596		
1.77198e-05		1.10749e-06		0.999977		4.61023e-06		
0.36367		0.106485		0.266396		0.263449		
0.380236		0.346889		0.230175		0.0427003		
0.310651		0.0281065		0.365015		0.296228		
3.1645e-05		0.000453767		0.000319276		0.999195		
0.00220974		0.00129277		0.996137		0.000360773		
0.000595191		0.00101874		0.00174545		0.996641		
0.0009131		0.000465014		0.997922		0.00070001		
0.00185625		5.72917e-06		0.996391		0.0017474		
0.000404462		0.00112502		0.000755676		0.997715		
0.996551		0.00161954		0.00090715		0.000922525		
0.155608		0.230769		0.300646		0.312977		
0.000448608		0.998848		0.000484619		0.000219116		
0.0013624		0.000477836		0.00147617		0.996684		
0.00121961		0.998152		0.000534472		9.35723e-05		
0.00101721		0.998609		0.000371377		2.04054e-06		
0.00160231		0.00105847		0.000843127		0.996496		
0.000729513		0.00055142		0.000640942		0.998078		
0.0584387		0.38116		0.139555		0.420846		
0.000194929		0.999254		0.000204373		0.000346792		
0.520219		0.0174863		0.306557		0.155738		
0.294368		0.304995		0.215728		0.18491		
0.997492		0.00106509		0.00109335		0.000349375		
0.43709		0.143113		0.294574		0.125224		
0.00127272		0.00140533		0.997188		0.000134455		
0.000743771		0.000820306		0.997535		0.000900767		
0.997074		0.000481066		7.31445e-05		0.00237157		
0.000645946		0.000645946		0.99784		0.000868264		
7.50505e-05		0.999883		2.63114e-05		1.58257e-05		
0.290332		0.257135		0.251893		0.200641		
0.00106012		0.996336		0.00152529		0.00107866		
0.322745		0.306667		0.221961		0.148627		
0.00192055		0.00140652		0.000364339		0.996309		
0.142671		0.636482		0.0579805		0.162866		
0.000618855		0.996633		0.000757233		0.0019911		
8.04576e-05		7.19026e-05		8.98273e-05		0.999758		
0.000250959		0.997617		0.00101548		0.00111638		
0.000327958		0.99798		0.000529336		0.00116224		
0.259864		0.273469		0.0575964		0.40907		
0.299507		0.225144		0.22802		0.247329		
0.407247		0.255273		0.247161		0.0903191		
0.999203		0.000199641		0.000393795		0.000203439		
0.999504		0.000333184		0.000103551		5.93579e-05		
0.284774		0.254936		0.216323		0.243967		
2.18522e-05		5.50208e-05		0.000298127		0.999625		
0.000499831		0.00108635		0.997277		0.00113647		
0.000377255		0.00019109		0.000685561		0.998746		
4.01446e-05		3.27216e-05		0.999891		3.65088e-05		
1.16194e-05		0.000238364		0.999465		0.000285173		
0.999125		0.000415837		0.000268447		0.000190716		
0.00131388		0.000498759		0.997703		0.000484232		
0.220914		0.281575		0.103214		0.394296		
0.000401953		0.00180059		0.00140684		0.996391		
0.304656		0.214575		0.169028		0.311741		
0.998418		0.000551413		0.000458782		0.000571836		
0.165404		0.369318		0.337753		0.127525		
0.998633		0.000710419		0.000656768		0		
0.00225726		0.000909771		0.000489217		0.996344		
0.0753311		0.125828		0.225166		0.573675		
0.0016351		0.996258		0.00152975		0.000577342		
0.00151151		0.996121		0.000980223		0.00138717		
0.360196		0.419858		0.0770258		0.142921		
0.365712		0.279369		0.0157742		0.339145		
0.000879349		0.996422		0.00240728		0.000291497		
0.000305036		0.998973		0.000395238		0.00032707		
0.373158		0.243728		0.270808		0.112306		
0.00115059		0.997594		0.00112497		0.000130691		
0.997605		0.000770256		0.000899543		0.000724733		
0.242768		0.236543		0.267301		0.253387		
0.262564		0.296067		0.318645		0.122724		
0.000487196		0.000539894		0.000215097		0.998758		
0.00155145		0.000354751		0.000179741		0.997914		
0.432644		0.0583908		0.0924138		0.416552		
0.996188		0.000655069		0.00207002		0.00108741		
0.996594		0.00113542		0.00176185		0.00050898		
0.245261		0.0970986		0.310638		0.347002		
0.370558		0.253807		0.267908		0.107727		
0.0616471		0.326118		0.169882		0.442353		
0.220668		0.0636282		0.402978		0.312726		
0.512292		0.233941		0.205393		0.0483743		
0.24717		0.318868		0.288679		0.145283		
0.000154419		0.000486755		0.00322601		0.996133		
0.32991		0.168858		0.0928513		0.408381		
0.99723		0.00259208		6.3376e-06		0.000171115		
0.999445		0.000246731		0.000159865		0.000148091		
0.999129		0.000352403		0.000159528		0.000359163		
0.313325		0.236895		0.110844		0.338936		
0.998352		0.000794725		0.000618834		0.000234878		
0.262025		0.122309		0.174072		0.441594		
0.000508528		0.000480002		0.000499751		0.998512		
0.00153985		0.000203755		0.996727		0.00152983		
0.273504		0.090812		0.314103		0.321581		
0.214436		0.314729		0.351238		0.119597		
0.000715892		0.000370597		0.00117132		0.997742		
0.0012486		1.60695e-05		0.00119236		0.997543		
0.000523165		0.996543		0.00136249		0.00157138		
0.0677882		0.144978		0.339436		0.447798		
0.40708		0.357965		0.0442478		0.190708		
0.141532		0.349927		0.401171		0.107369		
0.00107931		0.00118813		0.997441		0.00029115		
0.000238332		0.00105788		0.997918		0.000785821		
0.12807		0.453216		0.236842		0.181871		
0.0573394		0.400229		0.194954		0.347477		
0.998707		0.000915526		0.000317365		6.00773e-05		
0.00111788		0.000229963		0.998371		0.000281066		
0.365079		0.238095		0.0824515		0.314374		
0.000259134		0.00156947		0.997066		0.00110499		
0.0656013		0.45164		0.079058		0.403701		
0.998969		0.000318659		0.000373859		0.000338732		
0.000292937		0.000286959		0.999254		0.000166197		
0.0139738		0.435371		0.174672		0.375983		
0.436803		0.430297		0.112918		0.0199814		
0.152263		0.187243		0.415123		0.24537		
0.000535187		0.00181769		0.000365873		0.997281		
0.202932		0.359139		0.435639		0.00229043		
0.341136		0.377974		0.11013		0.17076		
0.000408571		0.000516294		0.998754		0.000321228		
0.210454		0.263182		0.34663		0.179734		
0.0940171		0.154623		0.543901		0.207459		
0.186942		0.372509		0.124399		0.316151		
0.226662		0.216491		0.328369		0.228478		
0.272228		0.33196		0.192928		0.202884		
0.203671		0.0288462		0.664336		0.103147		
0.24597		0.300052		0.334373		0.119605		
0.375868		0.152344		0.225694		0.246094		
0.00104986		0.00194009		6.13954e-06		0.997004		
0.000752337		0.00057648		0.000909464		0.997762		
0.99659		0.00116723		0.00218952		5.34029e-05		
0.292786		0.0655351		0.430929		0.21075		
0.000709454		0.997824		0.00141526		5.10661e-05		
0.354773		0.178663		0.014293		0.452272		
0.453575		0.111885		0.0157846		0.418756		
0.997043		0.000716544		0.00107139		0.0011691		
0.000281406		0.000349588		0.00107604		0.998293		
0.186489		0.299715		0.413892		0.0999049		
0.000185572		0.999309		0.000218496		0.000287338		
0.175366		0.30567		0.352234		0.166729		
0.190364		0.410106		0.351939		0.0475911		
2.22591e-05		9.19217e-06		3.4955e-05		0.999934		
0.456509		0.0739056		0.372939		0.0966458		
0.00240867		0.996207		0.000972083		0.000412212		
0.0239091		0.342499		0.564854		0.0687388		
0.000514401		0.000456941		0.997031		0.00199741		
0.997004		0.00156387		0.000542568		0.000889652		
0.273973		0.0540335		0.547945		0.124049		
0.16041		0.292235		0.24872		0.298635		
0.997195		0.000830699		0.00126936		0.000704626		
0.99734		0.00113337		0.00112627		0.000400515		
0.99625		0.000745342		0.000262866		0.00274179		
0.00099805		0.00031016		0.00091054		0.997781		
0.00146115		0.000999078		0.000645238		0.996895		
0.000189347		0.998148		0.000476471		0.00118574		
0.293657		0.183278		0.312603		0.210461		
0.000140545		0.99984		8.24906e-06		1.13619e-05		
0.00037208		0.000404668		0.999102		0.000121689		
0.00167489		0.996859		0.000910301		0.000555438		
0.405783		0.0375904		0.136867		0.419759		
0.221265		0.369525		0.163235		0.245975		
0.325983		0.100119		0.22348		0.350417		
0.00037613		0.998914		0.000221603		0.000488205		
0.201882		0.218346		0.306154		0.273618		
0.149165		0.250464		0.330983		0.269388		
0.043677		0.408837		0.0614525		0.486034		
2.28554e-05		0.99975		0.000112868		0.000114277		
0.195161		0.0846774		0.510484		0.209677		
0.00140114		0.000283881		0.000760295		0.997555		
0.00150112		0.00126073		0.997035		0.000202998		
7.17635e-05		0.000768348		0.000581763		0.998578		
0.0016036		0.000149355		0.997031		0.0012158		
0.00183879		0.996926		0.000782122		0.000453312		
0.996168		0.00104043		0.00141293		0.00137867		
0.000710562		0.996711		0.00117444		0.00140406		
0.364602		0.227922		0.25284		0.154635		
0.234403		0.222863		0.193653		0.34908		
0.997676		0.000821684		0.000658424		0.00084411		
0.00055228		0.000448728		0.000291961		0.998707		
0.000230147		0.00166063		0.997492		0.000617033		
0.203564		0.194997		0.278958		0.322481		
0.253394		0.182504		0.486677		0.0774258		
0.21526		0.202046		0.390026		0.192668		
0.000273313		1.38889e-05		0.000431548		0.999281		
0.00110503		0.00152172		0.000361535		0.997012		
0.493127		0.00801833		0.0475372		0.451317		
0.00147666		0.000319589		0.997453		0.000750623		
0.997988		0.00108534		0.000425446		0.000500928		
0.503663		0.029304		0.244811		0.222222		
0.23913		0.130435		0.326087		0.304348		
0.183174		0.111281		0.362141		0.343403		
0.168189		0.178936		0.505642		0.147233		
0.388047		0.228237		0.230403		0.153313		
8.38801e-05		7.91677e-05		2.05459e-05		0.999816		
0.000129672		0.000644242		0.997668		0.00155812		
0.237619		0.301911		0.169852		0.290617		
0.997332		0.00126676		0.000561678		0.000839529		
0.000141776		0.000562627		0.0011745		0.998121		
8.23572e-05		8.75724e-05		0.000158195		0.999672		
0.25284		0.366914		0.369383		0.0108642		
0.999762		3.99131e-07		0.000127855		0.000110027		
0.26661		0.149386		0.330935		0.253068		
0.38204		0.0909807		0.34935		0.177629		
0.139293		0.344699		0.385031		0.130977		
0.112366		0.373118		0.35914		0.155376		
0.997922		0.00116188		0.000681654		0.000234587		
0.000763682		0.00122284		0.997316		0.000697068		
0.141931		0.0486066		0.583927		0.225535		
0.190252		0.0927673		0.333726		0.383255		
0.0165198		0.496145		0.32489		0.162445		
0.000144748		0.00116077		0.00117886		0.997516		
0.00128424		0.000266683		0.996949		0.00149986		
0.000618648		0.000139464		0.00104658		0.998195		
0.151453		0.0929185		0.406058		0.34957		
0.0972782		0.418347		0.371976		0.112399		
0.121123		0.191285		0.33161		0.355982		
0.00151057		0.603474		0.0249245		0.370091		
0.000109573		0.000240546		0.999457		0.000192849		
0.351127		0.158363		0.211151		0.279359		
0.000791062		0.00082078		0.997164		0.00122409		
0.000670084		0.00172833		0.000578152		0.997023		
1.36364e-05		4.17614e-05		0.000319602		0.999625		
0.356061		0.258333		0.210606		0.175		
0.433895		0.186335		0.30701		0.0727595		
0.000509576		0.997258		0.00100371		0.0012289		
0.174565		0.396518		0.199226		0.229691		
0.307181		0.279369		0.0240764		0.389373		
0.291482		0.430346		0.0971606		0.181012		
0.0738007		0.0415129		0.435424		0.449262		
0.000610596		0.998309		0.000590834		0.000489976		
0.286244		0.173155		0.271042		0.269559		
0.181224		0.223265		0.22		0.37551		
0.000479426		0.99891		0.000142125		0.000468292		
0.000775348		0.000900687		0.997891		0.00043334		
0.000620527		0.999129		7.06929e-06		0.000243498		
0.462025		0.0152954		0.18038		0.3423		
0.999715		8.37588e-05		0.000116966		8.4431e-05		
0.00112378		0.00187297		0.996914		8.91889e-05		
0.318887		0.168986		0.219085		0.293042		
0.523329		0.337327		0.105296		0.0340479		
0.000520199		0.000187164		0.000503574		0.998789		
0.266281		0.362235		0.326782		0.0447013		
0.294349		0.352647		0.000357654		0.352647		
0.000243947		0.000779275		0.000160372		0.998816		
4.68941e-05		0.999551		1.8407e-05		0.000383918		
0.106979		0.473765		0.154356		0.264901		
0.296964		0.104839		0.301708		0.29649		
0.000696809		0.996371		0.00174202		0.00119008		
0.397742		0.265579		0.0832288		0.25345		
0.000599258		0.998379		0.00051817		0.000503666		
0.002012		0.000581784		0.000894493		0.996512		
0.000579545		0.997875		0.000938312		0.000607143		
1.63859e-05		0.00023154		0.999426		0.000326293		
0.407873		0.0741206		0.115578		0.402429		
0.334598		0.275797		0.188164		0.201442		
0.998898		0.000539342		0.000301986		0.000260234		
0.275269		0.295341		0.191398		0.237993		
0.689631		0.129436		0.121781		0.059151		
0.999012		0.000361219		0.000389722		0.000237341		
0.310188		0.021284		0.330077		0.338451		
5.07935e-05		8.59866e-07		0.999902		4.60028e-05		
0.330684		0.0957153		0.321355		0.252246		
0.334962		0.273656		0.0275433		0.363838		
0.000168534		0.0003965		0.999031		0.000403717		
0.000505506		0.00161553		0.00157037		0.996309		
0.168018		0.644068		0.00073692		0.187178		
0.999297		4.73359e-05		0.000348903		0.000306886		
0.000972612		0.000377306		0.00231414		0.996336		
0.999156		0.000282217		0.000331914		0.000229619		
0.456751		0.258966		0.00527426		0.279008		
0.542363		0.249568		0.110663		0.0974063		
0.0970337		0.21267		0.325792		0.364505		
0.0712		0.3048		0.496		0.128		
0.998906		0.00036999		0.000563601		0.00016016		
0.0700049		0.14001		0.412251		0.377735		
0.367798		0.319444		0.187243		0.125514		
0.000944689		0.000560516		0.997434		0.0010612		
0.240223		0.134477		0.227454		0.397845		
0.335566		0.34191		0.102573		0.219951		
0.000658763		0.99641		0.00178867		0.00114241		
0.000111272		0.000109207		4.90526e-05		0.99973		
0.000247331		7.14941e-05		0.999457		0.000224144		
0.000585888		0.000249694		0.998727		0.000437856		
0.000469422		0.000318612		0.998914		0.000297903		
0.999211		0.000192946		0.000345575		0.000250542		
0.00969529		0.472992		0.209141		0.308172		
0.00158985		0.000742995		0.996703		0.00096403		
0.0734158		0.407264		0.326893		0.192427		
0.000392374		0.99725		0.00112977		0.00122786		
0.00283951		0.996352		0.000449038		0.000359891		
0.317128		0.138743		0.221765		0.322364		
0.000569027		6.05909e-05		0.000335226		0.999035		
0.311235		0.096427		0.240207		0.352131		
0.23303		0.293912		0.447166		0.0258922		
0.0595041		0.398347		0.288705		0.253444		
0.316601		0.266008		0.0573123		0.360079		
0.00235813		0.0012745		0.996121		0.00024628		
0.33683		0.351204		0.0291375		0.282828		
0.295884		0.112718		0.232481		0.358917		
0.457797		0.185026		0.190272		0.166905		
0.360773		0.0306594		0.326753		0.281814		
0.290517		0.172604		0.1144		0.422479		
0.212514		0.306553		0.191781		0.289152		
0.998043		0.000169819		0.000788838		0.000998374		
0.319261		0.0145119		0.360598		0.305629		
0.106999		0.34996		0.154465		0.388576		
0.268667		0.370667		0.311333		0.0493333		
0.311424		0.327856		0.172144		0.188576		
0.000659841		0.996898		0.00144262		0.000999098		
0.00263468		2.7766e-05		0.996375		0.000962553		
0.0424671		0.133468		0.634985		0.18908		
0.307407		0.541481		0.0740741		0.077037		
6.23211e-06		0		2.89241e-05		0.999965		
0.000764937		0.000619892		0.000849546		0.997766		
0.00105004		0.000641192		0.997477		0.000832209		
0.346681		0.0211346		0.26993		0.362254		
0.469808		0.343066		0.105508		0.0816191		
0.997613		0.000606981		0.00154043		0.000239306		
0.00189118		0.996199		0.00183592		7.36824e-05		
0.000655366		0.997594		0.000363784		0.0013871		
0.116409		0.460681		0.346749		0.076161		
0.161526		0.253505		0.389792		0.195177		
0.120327		0.275117		0.127336		0.47722		
0.280972		0.369331		0.0949042		0.254792		
0.0487805		0.817073		0.0209059		0.11324		
0.463357		0.207092		0.21513		0.114421		
0.0949914		0.337651		0.23057		0.336788		
0.020494		0.220704		0.373095		0.385707		
0.999879		3.6744e-05		3.73026e-05		4.70472e-05		
0.316391		0.513992		0.113078		0.0565391		
0.22958		0.36479		0.150278		0.255353		
0.170859		0.20598		0.170384		0.452776		
0.270941		0.344876		0.0510061		0.333177		
0.999418		0.000190279		0.000109597		0.000282155		
0.000220922		0.999313		0.000160773		0.000305805		
0.000515697		0.000714738		0.000871127		0.997898		
0.00038083		0.000659664		0.998891		6.88806e-05		
0.00189797		8.76659e-05		0.00172921		0.996285		
0.000574801		0.000204096		0.998492		0.000728915		
0.184128		0.219887		0.288582		0.307403		
0.213107		0.128323		0.401925		0.256645		
0.00104698		0.00124626		0.996945		0.000761441		
0.243117		0.210896		0.125366		0.420621		
0.077821		0.737354		0.175097		0.00972763		
0.210009		0.346738		0.287757		0.155496		
0.000460734		0.997723		0.00100374		0.000812867		
0.127025		0.628645		0.0965651		0.147764		
0.259717		0.329329		0.0607774		0.350177		
0.247366		0.296249		0.327434		0.128951		
0.14208		0.282801		0.426241		0.148878		
0.179641		0.138922		0.362874		0.318563		
0.00122253		0.00149858		0.00057577		0.996703		
0.000341981		0.000845903		1.52415e-05		0.998797		
0.112198		0.35225		0.285714		0.249837		
0.285055		0.296018		0.0790537		0.339873		
0.997836		0.000562541		0.00156708		3.44413e-05		
0.999684		0.000179162		5.89405e-05		7.83036e-05		
0.99848		0.000376354		0.000819747		0.00032343		
0.0011094		0.000952165		0.00159859		0.99634		
0.518723		0.0092081		0.252302		0.219767		
0.998625		0.000485132		0.000632871		0.000256997		
0.998863		0.000562034		0.000195176		0.000379509		
0.00146242		0.996766		0.00125607		0.000515885		
0.12595		0.409338		0.344191		0.120521		
0.000361588		0.00178785		0.000889622		0.996961		
0.184692		0.25624		0.134221		0.424847		
0.200858		0.191888		0.292902		0.314353		
0.0823373		0.353254		0.561753		0.00265604		
0.99825		0.000633354		0.000322194		0.000794451		
0.277778		0.214921		0.274921		0.232381		
0.259484		0.106222		0.218007		0.416287		
0.0498068		0.273937		0.297553		0.378703		
0.171617		0.599835		0.216172		0.0123762		
0.00202653		0.997359		0.000167482		0.000446617		
0.00038058		0.000887612		0.000149777		0.998582		
0.391667		0.177083		0.140104		0.291146		
0.000738618		0.00101574		0.998129		0.000116739		
0.315789		0.172571		0.090081		0.421559		
0.996906		1.49007e-05		0.00152732		0.00155153		
0.000337563		0.999207		0.000215158		0.000240247		
0.000784134		0.000804608		0.997496		0.000915164		
0.175115		0.173387		0.278802		0.372696		
0.00108946		4.36658e-05		0.998379		0.000487966		
0.999121		0.000352505		0.000406979		0.000119422		
0.439269		0.434703		0.0219178		0.10411		
0.997602		0.000768411		0.000628606		0.00100142		
0.000119844		0.000601048		0.998625		0.000654108		
0.2662		0.0394046		0.335377		0.359019		
0.34292		0.0924779		0.40885		0.155752		
0.274105		0.220845		0.302112		0.202938		
0.422115		0.215445		0.294427		0.0680123		
0.226866		0.382516		0.0277186		0.3629		
0.331752		0.114323		0.370147		0.183779		
0.000850639		0.00126581		0.996773		0.00111012		
0.375751		0.383397		0.0267613		0.214091		
0.23508		0.317686		0.287118		0.160116		
0.000745336		0.000567771		0.00162439		0.997062		
7.8912e-05		0.00093011		0.998016		0.000975353		
8.12961e-06		9.21356e-05		0.999633		0.000266922		
0.0834461		0.126748		0.396031		0.393775		
0.28202		0.187709		0.248859		0.281412		
0.00039227		0.00175658		0.99625		0.00160115		
0.163876		0.376459		0.0380518		0.421613		
0.000841305		0.000306792		0.00081284		0.998039		
4.38233e-05		0.000544421		0.997773		0.00163832		
0.231121		0.2254		0.395881		0.147597		
0.121861		0.0406204		0.485229		0.35229		
0.146087		0.164348		0.673043		0.0165217		
0.00125768		0.000218964		0.99798		0.000542885		
0.323427		0.244676		0.31154		0.120357		
0.00104977		0.00104835		0.997004		0.000897977		
0.99634		0.0020615		0.00027664		0.00132202		
0.00162037		0.000478475		0.997027		0.000873812		
0.00103447		0.000780605		0.000735703		0.997449		
0.000734866		0.997062		0.00117696		0.00102567		
0.0090854		0.175651		0.357965		0.457299		
0.1499		0.0326449		0.446369		0.371086		
0.373012		0.195663		0.00337349		0.427952		
0.000650805		0.000118568		0.99877		0.000461096		
0.00126788		0.000610458		0.000637292		0.997484		
0.000116742		1.33674e-05		0.000221453		0.999648		
6.46651e-06		1.63818e-06		0.999988		3.61406e-06		
0.999465		0.000193467		0.000150721		0.000190969		
0.170701		0.0018622		0.284916		0.54252		
0.997523		8.60053e-05		0.000512123		0.00187843		
0.00163984		0.00062626		0.00161671		0.996117		
0.391026		0.0034965		0.155012		0.450466		
0.000578193		0.998066		0.000687128		0.000668273		
0.189247		0.357348		0.165591		0.287814		
0.00123536		0.000913378		0.996402		0.00144892		
0.000381322		0.00021646		6.62804e-05		0.999336		
0.000772372		0.00177955		0.996715		0.000733239		
0.419669		0.111064		0.206867		0.262399		
0.998152		0.000737626		1.19744e-06		0.00110883		
0.000232899		0.000123066		0.999391		0.00025341		
0.000102203		6.2748e-05		0.00010458		0.99973		
0.996973		0.000282986		0.00157373		0.00117063		
0.0529992		0.233772		0.40797		0.305259		
0.269877		0.233203		0.24692		0.25		
0.140048		0.488081		0.13826		0.233611		
0.183072		0.291536		0.260815		0.264577		
0.176871		0.133139		0.29932		0.390671		
0.000718691		0.998473		0.000521581		0.000287072		
0.00113396		0.996105		0.00203672		0.00072386		
0.000899142		0.996387		0.00026406		0.00245008		
0.000700266		0.998785		0.000194344		0.000320234		
0.00110784		9.67604e-05		0.000525872		0.99827		
0.362762		0.0667799		0.172043		0.398415		
0.00275321		0.00040892		0.996328		0.000509749		
0.333605		0.455954		0		0.21044		
0.000104662		0.000125055		7.8876e-05		0.999691		
0.207674		0.138855		0.176005		0.477467		
0.0477897		0.509558		0.426523		0.016129		
0.000233223		7.2087e-05		0.00041344		0.999281		
0.245027		0.0587094		0.414847		0.281417		
0.998383		0.000304844		0.0012864		2.59442e-05		
0.000571553		0.00080767		0.997781		0.000839527		
0.364372		0.295547		0.263158		0.0769231		
0.000512692		0.00139005		0.000386324		0.997711		
0.195842		0.363514		0.340711		0.0999329		
0.324107		0.0723214		0.4875		0.116071		
0.0234375		0.435697		0.226562		0.314303		
0.289474		0.495215		0.0454545		0.169856		
0.362147		0.394904		0.106005		0.136943		
0.996801		0.00132145		0.00131864		0.000559128		
0.00097178		0.997715		0.000720492		0.000592884		
0.310004		0.190947		0.18372		0.315329		
0.540541		0.198842		0.0627413		0.197876		
0.000663079		0.996512		0.00123463		0.00159057		
0.469799		0.0464206		0.477069		0.00671141		
0.0723716		0.466015		0.153545		0.308068		
0.148949		0.36215		0.36507		0.123832		
0.0010481		0.00126186		0.996902		0.000787693		
0.000515834		0.997922		0.0010631		0.000499194		
0.308456		0.30024		0.237932		0.153372		
0.000268249		0.00014721		0.996961		0.0026236		
0.150628		0.328452		0.116318		0.404603		
0.163369		0.338864		0.466496		0.0312699		
0.000800354		0.00138699		0.00130093		0.996512		
0.17036		0.333795		0.141967		0.353878		
0.000526768		0.000842239		0.998301		0.000330213		
0.000836179		7.27112e-05		0.998863		0.000227828		
0.000509584		0.998793		0.000526819		0.000170627		
0.315068		0.291911		0.2818		0.11122		
0.09375		0.127049		0.379098		0.400102		
0.198928		0.196249		0.54856		0.0562626		
0.229099		0.304925		0.174984		0.290992		
0.000319535		0.00037409		0.000376688		0.99893		
0.99948		8.31422e-05		0.000185239		0.00025115		
0.269292		0.31782		0.0811456		0.331742		
0.00012971		0.000991836		0.998234		0.000644079		
0.295151		0.27592		0.255853		0.173077		
0.998031		0.0011426		0.000276092		0.000550061		
0.288038		0.333446		0.264656		0.11386		
0.0022171		0.0012164		0.996195		0.000371189		
0.315621		0.44984		0.00824553		0.226294		
0.0596351		0.169559		0.372497		0.398309		
0.000396046		0.00154381		0.00137655		0.996684		
0.0017887		0.000740023		0.997289		0.000182217		
0.291594		0.337128		0.102452		0.268827		
0.00119904		0.173861		0.00359712		0.821343		
3.60495e-05		0.000674801		0.000609462		0.99868		
0.996922		0.000932461		0.00106448		0.00108119		
0.0010116		0.00145754		0.00062851		0.996902		
0.0189243		0.128984		0.492032		0.36006		
0.000189904		0.000102427		0.000117825		0.99959		
0.0868516		0.039807		0.541013		0.332328		
0.276631		0.0513107		0.317345		0.354713		
0.000312729		0.999504		0.000144199		3.91653e-05		
0.215905		0.336306		0.168339		0.27945		
0.99975		1.72101e-05		5.43478e-05		0.000178442		
0.998973		0.000320477		0.000534128		0.000172739		
0.205143		0.392957		0.281722		0.120179		
0.0634231		0.739357		0.0234579		0.173762		
0.206243		0.164623		0.33259		0.296544		
6.14952e-05		0.000384825		0.000151336		0.999402		
0.000141358		0.000194918		0.000335599		0.999328		
0.000440405		0.999184		0.000124071		0.00025193		
0.999539		4.80821e-05		6.90502e-05		0.000343805		
0.41812		0.438942		0.0382667		0.104671		
0.000222735		0.000577143		0.999148		5.16844e-05		
0.000108649		0.000151685		0.999469		0.000270916		
0.101085		0.399408		0.317061		0.182446		
0.000415765		0.000215327		0.000372814		0.998996		
0.00107151		0.000893406		0.997785		0.000249924		
0.488212		0.06613		0.00632547		0.439333		
0.00118833		0.000603598		0.99675		0.00145807		
0.000724302		0.99791		0.000305669		0.00105987		
0.27076		0.240351		0.274854		0.214035		
0.000253361		0.999227		0.00027646		0.000243617		
0.210191		0.373346		0.10779		0.308672		
0.147604		0.476677		0.110543		0.265176		
0.0991049		0.469949		0.244246		0.186701		
0.00194734		0.00112967		0.99652		0.000403455		
0.338317		0.311892		0.188804		0.160987		
0.000546897		0.996437		0.00150269		0.00151291		
0.128724		0.298639		0.359323		0.213314		
0.276336		0.287405		0.30916		0.127099		
0.45303		0.361111		0.101515		0.0843434		
0.000969093		0.000581931		0.998379		7.00693e-05		
0.297265		0.384151		0.243363		0.0752212		
0.285926		0.279614		0.299666		0.134794		
0.00132569		0.000164342		0.000502155		0.998008		
0.000290264		0.999238		0.000271787		0.000199668		
1.44341e-05		7.57431e-06		0.999965		1.31479e-05		
0.998961		0.000537922		2.75857e-05		0.000473555		
0.000280145		0.000313962		0.999246		0.000159799		
0.999816		2.47255e-05		3.55251e-05		0.000123343		
0.000527769		0.99891		0.000505339		5.67352e-05		
0.444037		0.043578		0.45367		0.0587156		
0.999695		4.48261e-05		7.34108e-05		0.000186451		
0.99734		0.00154765		6.72889e-06		0.00110578		
0.345688		0.0377762		0.0256593		0.590877		
0.211959		0.108454		0.352577		0.32701		
0.273829		0.381271		0.285535		0.0593645		
0.999492		0.000319931		1.77247e-06		0.000186109		
0.0610654		0.341273		0.321784		0.275877		
0.141007		0.244245		0.296403		0.318345		
0.000110659		0.0016366		0.000838682		0.997414		
0.182288		0.253773		0.284353		0.279587		
0.413677		0.311946		0.184466		0.0899114		
0.418256		0.260672		0.101726		0.219346		
0.392017		0.148168		0.266266		0.193548		
0.00210396		0.000907282		0.996566		0.000422355		
0.342881		0.390059		0.10615		0.16091		
0.000660576		0.000930613		0.000693967		0.997715		
0.252675		0.315844		0.22368		0.207801		
0.329506		0.102181		0.385763		0.182549		
0.121212		0.329648		0.24611		0.30303		
0.000492463		0.996145		0.00127652		0.00208649		
0.000865937		0.00113428		0.00134744		0.996652		
7.4756e-05		8.19967e-05		0.999801		4.24661e-05		
0.996723		0.000603577		0.00112795		0.00154581		
0.0494931		0.484794		0.3226		0.143113		
0.215761		0.211171		0.0811018		0.491966		
0.324044		0.186649		0.029164		0.460143		
0.242248		0.148256		0.228198		0.381298		
0.0775437		0.404751		0.245182		0.272524		
0.276901		0.249641		0.364419		0.109039		
0.397233		0.232213		0.0790514		0.291502		
0.00012812		0.999223		0.000376969		0.000272255		
0.056088		0.305644		0.330138		0.308129		
0.000808081		0.000619928		0.998316		0.000255584		
0.000240808		0.998535		0.000583329		0.000640706		
0.000450394		0.999031		0.000472856		4.55001e-05		
0.000379181		0.99859		0.000178438		0.000852537		
0.00115451		0.00153476		9.97937e-05		0.997211		
0.997449		0.000897288		0.000515423		0.00113807		
2.88084e-06		2.0387e-06		0.999992		2.89296e-06		
0.997098		0.00111729		0.00101536		0.00076969		
5.63017e-05		0.000842514		0.998297		0.000804309		
0.998012		0.000670593		0.000687765		0.000629924		
0.997695		0.0014408		0.000386555		0.000477337		
0.00045038		0.000989126		0.000775338		0.997785		
0.998059		0.000216865		0.00107625		0.000648289		
0.00112925		0.00122626		0.000609339		0.997035		
0.00110827		0.00164168		0.000968798		0.996281		
0.00015904		0.000549139		0.997773		0.00151838		
5.44785e-06		2.50836e-06		3.76254e-06		0.999988		
0.00015844		8.74764e-05		2.75207e-05		0.999727		
0.000417358		0.000834717		0.00103308		0.997715		
2.14391e-05		0.000289428		0.000552414		0.999137		
0.998406		0.000478968		0.000617019		0.000497763		
0.000151492		0.998926		0.000555472		0.000367254		
4.22001e-05		0.00161542		0.997289		0.00105332		
0.999664		0.000163885		9.6371e-05		7.56812e-05		
0.997297		0.00195226		0.000308392		0.000442476		
0.000318143		0.997715		0.00147098		0.000496029		
0.00188519		0.996676		0.000477582		0.000961447		
0.000213779		0.998996		0.000360859		0.000429268		
0.997145		0.00137678		0.0006774		0.00080129		
5.71221e-05		0.000542942		0.000489779		0.99891		
0.000406593		0.000213607		0.000356363		0.999023		
0.000611214		0.000151755		0.998809		0.000428437		
0.000132973		0.0013812		0.99718		0.00130614		
0.99732		0.000829276		0.00126691		0.000583506		
0.000721329		0.000570626		0.000387733		0.99832		
0.999656		0.000100492		0.000192885		5.03728e-05		
0.997402		0.0011667		0.000697641		0.000733316		
0.00114182		0.000466935		0.997645		0.000746718		
0.996355		0.00198913		0.000280857		0.00137455		
0.000924333		0.000998147		8.92383e-05		0.997988		
9.46748e-05		0.000299108		0.000266373		0.99934		
0.996973		0.00109886		0.000999092		0.000929388		
0.00165682		0.99684		0.000759991		0.000743349		
0.00041727		0.0019615		0.997043		0.000578264		
0.00164843		0.000512594		0.997672		0.000167101		
0.000175672		4.85902e-05		2.30013e-06		0.999773		
0.00106186		0.000418418		0.000625194		0.997895		
0.000361607		0.000218471		0.998734		0.000685547		
0.000654229		0.00100756		0.00163899		0.996699		
0.000498611		0.998477		0.000532254		0.000492572		
5.32591e-05		5.14226e-05		7.8708e-07		0.999895		
0.999457		0.000126245		0.000190828		0.000225896		
0.998715		0.000281091		0.000457963		0.000546102		
0.997602		0.00118631		0.000526675		0.000685452		
0.000189755		0.997359		0.000956748		0.00149412		
0.00133205		0.00124166		0.997285		0.000141134		
0.000224767		0.000417357		0.00019772		0.99916		
0.00166907		0.997191		0.000784261		0.000355264		
0.00111884		0.998477		0.000128535		0.000276059		
0.998527		0.000294343		0.000818142		0.000360171		
0.00088514		0.000966748		0.00092155		0.997227		
0.001001		0.000142256		0.997641		0.00121612		
0.0013083		0.996762		0.00180008		0.000129902		
0.000437201		0.000902954		0.000292657		0.998367		
0.000602016		0.996672		0.00133466		0.00139145		
0.00125038		0.000182625		0.99843		0.000137302		
0.996184		0.00140016		0.00140889		0.00100735		
0.000725098		0.999238		1.9043e-05		1.75781e-05		
0.000293754		0.000127702		0.999496		8.24504e-05		
0.997781		0.000588464		0.000484882		0.0011454		
0.00135283		0.000793392		0.996617		0.00123659		
5.45521e-06		0.999961		2.2219e-05		1.13883e-05		
0.997414		0.000520203		0.00136962		0.000696117		
0.99859		0.000397794		0.00038662		0.000625743		
0.000297615		0.997613		0.00161756		0.000471546		
0.99984		6.38421e-05		3.41678e-05		6.21464e-05		
0.000272943		0.00335384		0.000127124		0.996246		
0.000353394		0.000839663		0.997738		0.00106866		
0.996352		0.000315942		0.00216489		0.00116761		
0.000139103		0.000105998		0.00014943		0.999605		
0.999652		0.000112848		7.73348e-05		0.000157473		
0.00170174		0.00119773		5.36583e-05		0.997047		
0.000953273		0.00039867		0.000265244		0.998383		
0.000696977		0.000626397		0.000403188		0.998273		
1.61508e-05		5.49129e-05		3.15505e-06		0.999926		
0.997043		0.00131379		0.00136803		0.000275213		
0.000880937		0.000342858		0.000346518		0.99843		
0.000736393		0.000219351		0.998574		0.000470038		
0.999258		8.46142e-05		0.000339061		0.000318512		
0.000137461		0.00157997		0.00147398		0.996809		
0.998973		0.000284359		0.000198404		0.00054458		
0.000661662		0.998551		0.00011643		0.000671127		
0.000154929		9.20805e-05		0.999707		4.59591e-05		
0.00107081		0.00153437		0.996375		0.00101982		
0.000826663		0.00063129		0.998383		0.000159234		
0.000747477		0.000404851		0.000386735		0.998461		
0.00204804		0.000830286		0.996098		0.00102402		
0.999473		8.17658e-05		4.96107e-05		0.000395967		
0.998719		0.000531825		0.000715646		3.37791e-05		
0.000311835		0.996418		0.0010738		0.0021964		
0.00246345		0.000100344		0.996172		0.00126433		
0.00101197		0.996445		0.00193554		0.000607182		
0.000314119		0.00079834		0.997883		0.00100473		
0.000499682		0.000714634		0.000441934		0.998344		
0.00151978		0.00102032		0.000545836		0.996914		
0.000839203		8.70768e-05		0.000745595		0.998328		
0.000759596		0.996609		0.000879406		0.00175162		
0.00164855		0.000134819		0.996715		0.00150179		
0.00012519		0.000348489		0.000440384		0.999086		
0.996375		0.00115268		0.0016054		0.000866918		
0.000684962		0.996941		0.00102405		0.00134958		
0.000320102		0.000579835		0.000248501		0.998852		
6.52102e-05		0.996668		0.0017775		0.00148932		
0.000616985		0.000689424		0.998316		0.000377185		
2.85168e-05		0.998977		0.000448348		0.000546573		
0.998687		0.000694085		0.000131772		0.000486643		
0.997082		0.000571588		0.00124236		0.00110403		
0.000597292		0.00108983		0.00136366		0.996949		
0.0012501		0.996395		0.000470058		0.00188531		
0.999598		0.000198273		0.000157691		4.63797e-05		
0.000273968		0.000181702		0.999133		0.000411518		
7.58895e-05		0.998934		0.000333598		0.000656919		
0.996789		0.000827149		0.00127254		0.00111125		
0.998625		0.000455882		0.000498303		0.000420814		
0.997086		0.0012558		0.00137987		0.000278394		
0.00143002		0.00081905		0.996371		0.00137984		
0.000111763		0.997457		0.00127729		0.00115392		
0.000739686		0.997566		0.000955538		0.00073837		
0.997188		0.000303905		3.86788e-05		0.00246992		
0.000572356		0.000338394		0.998324		0.000765031		
0.000119246		8.05956e-05		0.999687		0.000112658		
0.999707		0.000138833		2.05094e-05		0.000133627		
0.000853899		0.000798985		0.996387		0.0019604		
0.000814881		0.00112932		0.997152		0.000903455		
0.00158125		0.996254		0.00164972		0.000515129		
0.000412524		0.00133305		0.00082865		0.997426		
0.000651934		0.000367275		0.000476885		0.998504		
0.998871		5.86631e-05		7.01095e-05		0.00100013		
0.00169555		0.000196118		0.00105755		0.997051		
0.997797		0.00110757		0.000834881		0.000260675		
0.00171517		0.997238		0.000866308		0.000180238		
0.0002844		0.999156		0.00035955		0.0001998		
0.998281		0.000238813		0.000990546		0.000489391		
0.000498648		0.998793		0.000202997		0.000505386		
0.000321247		0.000102973		0.999		0.00057578		
0.997918		0.000638154		0.000103334		0.00134054		
7.56011e-05		0.00090567		0.00104607		0.997973		
0.00100451		0.00185909		0.996719		0.000417653		
0.996828		0.000207229		0.000953677		0.00201097		
0.000879717		0.997086		0.000943615		0.00109073		
0.00127479		0.998266		0.000284503		0.000175079		
0.000504833		0.000449903		0.000814795		0.99823		
0.000828595		0.997906		0.000820993		0.000444162		
0.000648336		0.997781		0.000669947		0.000900467		
0.999035		0.000156461		0.000321157		0.000487226		
0.999883		5.80777e-05		7.69365e-06		5.14161e-05		
0.000640795		0.00136445		0.997973		2.20964e-05		
5.97175e-05		0.999516		0.000197017		0.000227641		
0.00147551		0.000471936		0.997086		0.000966616		
0.00155616		0.00108975		0.99693		0.000424406		
0.99859		0.000257507		0.000400055		0.000752594		
0.000780244		0.996949		0.000742447		0.00152809		
0.00323155		0.00034562		0.99616		0.000262672		
0.000729037		0.000938687		0.997848		0.00048462		
0.00109785		6.92994e-05		0.998734		9.8478e-05		
0.000956347		0.998832		9.25124e-05		0.00011911		
0.00148788		0.997234		0.00117098		0.000106761		
0.000690994		4.4665e-05		0.00118231		0.998082		
0.00109196		0.997289		0.000908537		0.000710444		
0.998676		0.00103996		8.14637e-05		0.000202793		
0.997113		0.00084579		0.00115968		0.00088125		
0.00106676		0.997313		0.00106534		0.000555398		
0.000104462		0.00131157		0.00109569		0.997488		
0.997953		0.00071742		0.000634734		0.000694722		
0.0007025		0.998145		0.000632974		0.000519995		
0.996887		0.00146367		0.00109974		0.00054987		
0.00111583		0.996949		0.000422974		0.00151198		
0.000152271		5.8845e-05		0.999641		0.000148259		
0.00128229		0.00037177		0.99798		0.000365469		
0.000241532		0.999266		0.000428304		6.45389e-05		
0.00097196		0.00147993		0.997223		0.000325453		
0.00119209		0.997121		0.0011684		0.000518414		
9.67472e-05		0.99973		0.000128109		4.46753e-05		
0.00203143		0.000450941		0.00063482		0.996883		
0.000149169		0.000461224		0.998133		0.00125679		
1.35179e-05		0.00267925		0.996707		0.000600196		
0.000464431		0.0011648		0.00196452		0.996406		
0.000196893		9.84465e-05		0.999566		0.000138254		
0.000290479		0.999094		0.000475428		0.000140344		
0.998621		0.000440868		0.00092945		8.58834e-06		
0.000609732		0.0016494		0.00107289		0.996668		
0.000933149		0.997012		0.000922134		0.001133		
9.91703e-05		4.93999e-07		0.999895		5.80449e-06		
0.000787339		0.997898		0.000779653		0.000534571		
0.99716		0.0003212		0.00111802		0.00140062		
0.000274073		0.999145		0.000561626		1.97692e-05		
0.000401856		0.999145		0.000324851		0.000128762		
0.999527		7.61719e-05		8.20313e-05		0.000314453		
0.00018605		0.000138907		0.999652		2.26985e-05		
0.000959033		0.997391		0.000722732		0.00092761		
0.996113		0.00162279		0.000777764		0.00148616		
0.000150038		0.999551		0.000163629		0.000135552		
0.00103557		0.000149752		0.998348		0.000467022		
0.997828		0.000397667		0.000890928		0.00088328		
0.000376951		0.000476523		0.998738		0.000408245		
7.73108e-05		0.999844		2.87686e-05		5.01706e-05		
0.000270626		0.000133967		6.02513e-05		0.999535		
0.000181738		0.000234217		0.999539		4.49821e-05		
0.000876988		0.000966023		0.997035		0.00112183		
0.000633911		0.997746		0.001215		0.000404999		
0.000436426		0.00087092		0.997262		0.00143094		
0.996402		0.00127814		0.00190113		0.000418386		
0.00110428		0.000710978		0.99632		0.00186443		
0.997398		0.000957031		0.00138281		0.000261719		
0.000154124		0.000427834		0.000148511		0.99927		
0.00041161		0.998625		0.000493376		0.000470014		
0.000252371		0.000446313		8.3469e-06		0.999293		
0.000140363		0.000133662		9.70685e-05		0.999629		
0.000136007		7.46703e-05		4.16687e-06		0.999785		
0.000770921		0.000498976		8.16654e-05		0.998648		
0.997527		0.00124229		0.000194896		0.00103547		
0.998477		0.000400453		0.00058476		0.000538224		
0.000486144		0.000156261		0.998586		0.000771658		
0.000280425		0.000295833		0.999168		0.000255773		
0.996516		0.00186114		0.000371733		0.0012515		
6.12289e-06		0.99998		3.59623e-06		9.81213e-06		
0.999641		6.8812e-05		0.000169093		0.00012147		
0.000714108		0.99852		0.000355045		0.000411316		
0.00304707		0.000163456		0.996762		2.77567e-05		
0.00170592		0.996441		0.0004916		0.00136107		
0.00125802		0.00116411		0.99716		0.000417719		
0.999812		6.49038e-05		2.94787e-05		9.31174e-05		
0.00137198		0.997539		0.000778982		0.000309976		
0.000546126		0.998543		0.000764994		0.000145912		
1.79635e-05		0.999785		9.96976e-05		9.71827e-05		
0.998699		0.000470324		0.000239193		0.000591264		
0.00084619		0.00196919		0.996512		0.000672901		
0.000198798		0.00120709		0.000730832		0.997863		
0.00213041		0.00091754		0.996156		0.000795803		
0.000707326		0.00174152		0.99698		0.000570683		
0.00228541		0.000268224		0.997277		0.000169018		
0.999176		0.000139596		0.000132249		0.000552374		
0.000979481		0.997227		0.00047522		0.00131874		
0.99957		0.000114888		0.00026772		4.70794e-05		
0.000592553		0.00142369		0.996938		0.00104626		
0.998633		0.000335665		0.000402797		0.000628726		
0.000578846		0.997906		0.00111054		0.000404367		
0.999781		0.000129578		8.4992e-05		4.17994e-06		
0.998246		0.00132517		0.00014421		0.000284523		
0.00053627		0.998242		0.000620168		0.000601375		
0.00106025		0.997969		0.000221942		0.000749054		
1.58967e-05		4.3716e-05		4.5856e-05		0.999895		
0.000652113		0.00139545		0.996797		0.00115556		
0.000294829		0.998574		0.000549906		0.000581046		
0.00042089		0.000170602		7.64768e-05		0.999332		
0.000419405		5.26379e-05		0.000301394		0.999227		
0.000852252		0.99891		9.6191e-05		0.000141401		
0.998914		0.000188909		0.000668715		0.000228313		
3.34828e-05		1.37931e-05		3.86616e-05		0.999914		
0.998523		0.000168446		0.000790636		0.00051748		
0.000316165		0.00102458		0.997672		0.000987382		
0.998871		0.000304694		0.000299154		0.000525058		
0.999461		0.000134021		0.000230814		0.000174227		
0.000571505		0.000331		0.000632651		0.998465		
