0.000377658		0.000532055		0.998594		0.000496537		
0.000550922		0.998027		0.00104853		0.000373205		
0.133304		0.292228		0.29353		0.280938		
0.33935		0.27509		0.351264		0.034296		
0.230567		0.388655		0.329832		0.0509454		
0.356377		0.023242		0.518474		0.101907		
0.131621		0.035313		0.67175		0.161316		
0.000730854		8.20582e-05		0.000523025		0.998664		
0.000557513		0.000331299		0.000728376		0.998383		
0.192982		0.255482		0.0899123		0.461623		
0.000538837		0.996789		0.0026721		0		
0.249868		0.275118		0.138874		0.336139		
0.0725575		0.138649		0.217672		0.571121		
5.81684e-05		0.000275798		0.998996		0.000669939		
0.477127		0.0398426		0.0122971		0.470733		
0.267913		0.0404984		0.0321911		0.659398		
0.249364		0.240776		0.260496		0.249364		
0.00127758		0.000919973		0.000325884		0.997477		
0.404576		0.429406		0.0652386		0.100779		
0.263051		0.179661		0.519322		0.0379661		
0.000156522		0.999652		0.000153061		3.8073e-05		
0.501587		0.0825397		0.413968		0.00190476		
9.02331e-05		5.48476e-05		0.998402		0.00145258		
0.00123977		0.0010982		0.00124406		0.996418		
0.167598		0.21358		0.284486		0.334336		
0.00148066		0.000385879		0.996953		0.00118034		
0.298507		0.373134		0.130958		0.1974		
0.123056		0.339849		0.232341		0.304753		
0.00100573		0.00130705		0.996383		0.00130441		
0.997539		0.00128643		0.000228334		0.00094617		
0.0617604		0.282914		0.305104		0.350222		
0.320324		0.0804379		0.465969		0.13327		
0.293157		0.351477		0.21423		0.141135		
0.155588		0.436731		0.108321		0.29936		
0.266055		0.338532		0.141284		0.254128		
0.230792		0.256991		0.236385		0.275832		
0.996617		0.00122922		0.00135903		0.000794568		
0.001921		0.997203		0.000736242		0.000139632		
0.000340538		0.999012		0.000390988		0.000256755		
0.00451128		0.184962		0.58797		0.222556		
0.32935		0.325483		0.319508		0.0256591		
0.0467495		0.265157		0.00803506		0.680058		
0.318504		0.313991		0.0718891		0.295616		
0.0937896		0.522814		0.247782		0.135615		
0.39352		0.0723034		0.224812		0.309364		
0.136464		0.57887		0.0491563		0.23551		
3.60237e-05		2.9195e-05		0.999867		6.75938e-05		
0.270517		0.0174772		0.333967		0.37804		
0.000243669		0.996613		0.00214647		0.000996577		
0.996246		0.00176603		0.00175944		0.000228441		
0.00100681		0.00163215		0.00018135		0.99718		
0.000852713		0.000266646		0.00115408		0.997727		
0.000473241		0.000133129		0.999113		0.000280349		
0.272124		0.246128		0.160398		0.32135		
0.441375		0.115229		0.365903		0.0774933		
0.000720138		0.000952588		0.00104602		0.997281		
0.310187		0.383737		0.0260393		0.280037		
0.0183853		0.643485		0.110312		0.227818		
0.385609		0.119465		0.303967		0.190959		
0.000368282		3.55175e-05		0.000186044		0.99941		
0.00044016		0.000258865		0.000300975		0.999		
0.000831772		0.00161697		0.996484		0.00106689		
0.502558		0.0607417		0.33376		0.102941		
0.000399329		0.00118958		0.000989215		0.997422		
0.000460374		0.000273113		0.000293856		0.998973		
0.998961		0.000346589		0.000424078		0.000268395		
0.0011709		0.997527		0.000142918		0.00115884		
0.212406		0.333835		0.205639		0.24812		
0.322111		0.414923		0.192448		0.0705187		
0.00106405		0.0003006		0.997563		0.00107285		
0.00094011		0.00104457		0.000800479		0.997215		
0.996352		0.000995744		0.00111578		0.00153691		
0.00108968		0.000653577		0.997457		0.000799712		
0.000630888		9.74883e-05		0.999109		0.000162248		
0.000860965		0.00121879		0.997305		0.000615562		
0.515998		0.0948226		0.31879		0.0703898		
0.460396		0.140736		0.303395		0.0954738		
0.397446		0.106943		0.0969673		0.398643		
0.0992167		0.296084		0.402089		0.202611		
0.437076		0.221552		0.217031		0.124341		
0.000512053		0.000162993		0.000614016		0.998711		
0.187244		0.403925		0.172118		0.236713		
0.0355556		0.384198		0.304198		0.276049		
0.276852		0.237794		0.208501		0.276852		
0.226351		0.745777		0.0211149		0.00675676		
0.466147		0.147589		0.326839		0.0594252		
0.000677507		0.337398		0.273713		0.388211		
0.271037		0.0303327		0.648728		0.0499022		
0.335703		0.187599		0.292654		0.184044		
0.147541		0.512787		0.140984		0.198689		
0.998164		0.000652985		0.000563216		0.000619737		
0.341691		0.249469		0.0152996		0.39354		
0.212105		0.231189		0.385496		0.17121		
0.132544		0.275345		0.300592		0.291519		
0.479364		0.106912		0.199901		0.213824		
0.0017722		0.996176		0.00137741		0.000674607		
0.220687		0.254639		0.191867		0.332807		
0.00014974		0.000703125		0.000279948		0.998867		
0.000385247		0.996121		0.000347477		0.00314618		
0.000262508		0.999191		9.73729e-05		0.000448713		
0.000497888		0.000426396		0.997648		0.00142728		
0.00126379		0.000811826		0.996758		0.00116657		
0.302636		0.351752		0.260022		0.0855905		
0.00018425		0.999383		0.00030507		0.000127868		
0.998094		0.000972339		7.10331e-05		0.000862878		
0.00154852		0.996684		0.000953305		0.000814584		
0.100334		0.459532		0.207358		0.232776		
0.242958		0.056338		0.123239		0.577465		
0.00117733		0.996914		0.00064335		0.00126526		
0.00176485		0.00109807		0.99627		0.000867551		
0.323718		0.0583333		0.165385		0.452564		
0.185374		0.253401		0.518707		0.042517		
0.99884		0.000120968		0.000349102		0.000690086		
0.22604		0.0804702		0.403255		0.290235		
0.00182559		0.000609419		0.996902		0.000662643		
0.000143386		0.998852		0.00026107		0.000743982		
0.998238		0.000433632		3.14848e-05		0.0012966		
0.0338824		0.332706		0.264471		0.368941		
0.000475078		0.000541755		0.998652		0.000330823		
0.35533		0.258883		0.329103		0.0566836		
0.00550585		0.264281		0.28011		0.450103		
0.352033		0.344309		0.134553		0.169106		
0.383911		0.0464356		0.0163506		0.553303		
7.61468e-05		0.999621		7.09688e-05		0.000231791		
0.0841984		0.328335		0.304883		0.282584		
0.997527		0.00140451		0.000270447		0.000797704		
0.000656333		0.000294934		0.998035		0.00101358		
0.997598		0.000909731		0.000604672		0.000887941		
0.000743208		0.00023764		0.000585558		0.998434		
0.000662523		0.998363		0.000237672		0.000736523		
0.000714808		0.000346285		0.000755314		0.998184		
0.208985		0.406865		0.182736		0.201413		
0.318267		0.548964		0.0546139		0.0781544		
0.000887573		0.00116853		0.997605		0.000338427		
0.0111111		0.398148		0.222685		0.368056		
0.318499		0.0369973		0.407507		0.236997		
0.000343833		0.000954617		0.00101014		0.997691		
0.427179		0.18769		0.29738		0.0877514		
0.47		0.224444		0.0911111		0.214444		
0.000970993		0.000865784		0.000835098		0.997328		
0.00164069		0.199344		0.04758		0.751436		
0.318484		0.018617		0.419548		0.243351		
0.347733		0.245627		0.309175		0.0974652		
0.42156		0.266514		0.283028		0.0288991		
5.69661e-06		0.999844		9.48079e-05		5.57454e-05		
0.0322024		0.216216		0.281196		0.470385		
0.296743		0.0367913		0.420386		0.24608		
0.999309		0.000279222		0.000171902		0.000240283		
0.000249728		0.999098		0.000187426		0.00046519		
0.331413		0.324975		0.337174		0.0064385		
0.00574383		0.346927		0.240092		0.407237		
0.268243		0.185811		0.280743		0.265203		
0.000462095		0.000488023		6.91413e-06		0.999043		
0.000560562		0.00150231		0.000784787		0.997152		
0.379429		0.418799		0.110236		0.0915354		
0.000269096		0.00109245		0.99791		0.000728299		
0.168943		0.434939		0.122214		0.273904		
0.00151745		0.126707		0.417299		0.454476		
0.000423255		0.000341148		0.998625		0.000610597		
0.442325		0.36291		0.0510204		0.143744		
0.127804		0.360577		0.310897		0.200721		
0.000935834		0.000319175		0.997414		0.00133093		
0.11351		0.0208914		0.399025		0.466574		
0.999641		7.05689e-05		9.39515e-05		0.000194855		
0.0750229		0.261665		0.302379		0.360933		
0.233773		0.124939		0.435822		0.205466		
0.0856305		0.321994		0.0445748		0.547801		
0.0730748		0.302417		0.432265		0.192243		
0.996359		0.00138882		0.00202281		0.000228997		
0.197304		0.297641		0.204043		0.301011		
0.999762		8.20098e-05		7.40004e-05		8.2271e-05		
0.522831		0.216895		0.221461		0.0388128		
0.000716088		0.00109831		0.997098		0.00108795		
0.0569909		0.218085		0.452128		0.272796		
0.288314		0.150383		0.225575		0.335728		
0.223994		0.216745		0.361363		0.197898		
0.135933		0.306122		0.313776		0.244169		
0.997379		0.000877317		0.000765481		0.000978296		
0.000401282		0.000888552		0.000741416		0.997969		
0.000154409		2.75302e-05		0.000224311		0.999594		
0.355842		0.242033		0.191199		0.210926		
0.00104666		0.000394901		0.998043		0.000515468		
0.000462401		0.999031		0.000440428		6.59209e-05		
0.367513		0.329949		0.0619289		0.240609		
0.000281892		0.00159091		0.99657		0.00155689		
0.368637		0.206076		0.107553		0.317734		
0.219192		0.325509		0.286503		0.168795		
4.70431e-05		0.000620969		0.00100777		0.998324		
7.69413e-05		0.999695		0.000127004		0.000100742		
0.0341969		0.0829016		0.610363		0.272539		
0.000672368		0.00105193		0.99702		0.00125617		
0.0610329		0.408451		0.480751		0.0497653		
0.000678795		0.000673138		0.997289		0.001359		
0.103245		0.408555		0.269912		0.218289		
0.000716471		0.000804551		0.000662571		0.997816		
0.99784		0.00145715		0.000673185		2.98246e-05		
1.95691e-05		0.999023		0.000421683		0.00053531		
0.00010411		0.000170635		1.0411e-05		0.999715		
0.0010671		0.996375		0.00161634		0.000941558		
0.000946733		0.000197862		0.00124603		0.997609		
0.999469		0.000262858		0.000118978		0.000149414		
0.00117928		0.000893217		0.000197033		0.99773		
0.998016		0.000744299		0.000571855		0.000668221		
0.270115		0.237722		0.489028		0.0031348		
0.192817		0.303403		0.295841		0.20794		
0.000198603		0.000148816		0.000183831		0.999469		
0.31009		0.215037		0.190884		0.283989		
0.301484		0.158627		0.234694		0.305195		
0.000112912		0.000102537		0.999742		4.23636e-05		
0.262951		0.118689		0.346885		0.271475		
0.333121		0.0254777		0.242675		0.398726		
0.000252329		0.99934		0.000270308		0.000137519		
0.167486		0.379197		0.133497		0.31982		
3.75897e-05		3.68212e-05		3.71414e-06		0.999922		
0.328798		0.369048		0.243764		0.05839		
0.996238		0.000934924		0.00110509		0.0017217		
0.17709		0.300929		0.022291		0.49969		
0.380692		0.302368		0.119763		0.197177		
0.322235		0.0665874		0.331748		0.279429		
0.000100522		0.997852		0.00103588		0.00101203		
0.997613		0.000206501		3.47791e-05		0.00214544		
0.996738		0.00141683		0.00104604		0.00079885		
0.00145389		0.997148		0.00139616		1.51921e-06		
0.000247435		0.00177111		0.99725		0.000731452		
0.158923		0.468321		0.182682		0.190074		
0.274345		0.329588		0.0992509		0.296816		
0.000181548		0.999523		0.000106247		0.000188768		
8.22824e-06		7.44873e-07		6.65188e-06		0.999984		
0.00254712		0.391747		0.244014		0.361691		
0.263436		0.2445		0.246171		0.245893		
0.348238		0.262421		0.110208		0.279133		
0.00160928		0.997672		0.000130162		0.000588687		
0.465961		0.434191		0.0514372		0.0484115		
0.450549		0.0388842		0.256128		0.254438		
0.249395		0.340597		0.110573		0.299435		
0.0687086		0.497517		0.17053		0.263245		
0.342927		0.315549		0.132327		0.209196		
4.53404e-05		0.99873		0.000762543		0.000461648		
0.429807		0.0565536		0.450432		0.0632069		
0.000219184		0.99918		0.000312138		0.00028899		
0.134879		0.442972		0.30194		0.120208		
0.0969968		0.329545		0.279627		0.293831		
0.00220134		0.996328		0.000196867		0.00127367		
0.0466349		0.0789613		0.523052		0.351351		
0.203739		0.331735		0.116012		0.348514		
0.00026867		0.997125		0.00122853		0.0013778		
0.000837948		0.00045031		0.996785		0.00192659		
0.273968		0.17189		0.29879		0.255352		
7.13057e-05		7.39333e-05		0.999793		6.17923e-05		
0.000188534		0.000251811		0.999391		0.00016903		
0.000365422		0.998797		0.00047419		0.000363514		
0.335214		0.291761		0.268623		0.104402		
0.000473184		0.00106261		0.0010814		0.997383		
0.0380409		0.44175		0.367095		0.153115		
1.82875e-05		0.996324		0.000443471		0.00321402		
0.00174161		0.997352		0.000716137		0.000190687		
0.00191248		0.997328		0.000600204		0.000159194		
0.233635		0.153072		0.194864		0.418429		
0.252946		0.295365		0.167321		0.284368		
0.000354197		6.61167e-05		0.00035703		0.999223		
0.201851		0.27793		0.308088		0.212132		
0.000592299		0.997184		0.000527436		0.00169667		
0.00136957		0.997852		0.000584147		0.000194716		
0.999977		1.1388e-05		1.16204e-05		4.29062e-07		
0.00193574		0.000393443		0.997164		0.000506755		
0.187752		0.215955		0.560838		0.0354553		
0.144231		0.298993		0.271062		0.285714		
0.000458157		0.000406969		0.999012		0.000123155		
0.998352		0.000525326		0.000504624		0.000618488		
0.288978		0.22379		0.145833		0.341398		
0.0778013		0.268076		0.382241		0.271882		
0.147009		0.289744		0.526496		0.0367521		
0.000414494		0.000261852		0.000374436		0.998949		
0.344488		0.0282152		0.360236		0.26706		
0.221005		0.215716		0.225538		0.337741		
4.05848e-05		2.30928e-05		4.17911e-05		0.999895		
0.000972787		0.000117492		0.000948783		0.997961		
0.214718		0.240763		0.248334		0.296184		
0.000252812		0.000173314		0.000179342		0.999395		
0.000328316		0.000584428		0.000497412		0.99859		
0.365493		0.230769		0.221208		0.182529		
0.168149		0.314274		0.402795		0.114782		
0.0356968		0.177995		0.352567		0.433741		
0.00158229		0.00136044		0.000447897		0.996609		
0.000512267		0.00037082		0.998746		0.00037082		
0.00179784		0.000775198		0.00102071		0.996406		
0.173855		0.629064		0.189781		0.00729927		
1.08735e-05		0.000600763		0.99907		0.000318051		
0.278309		0.239741		0.185437		0.296513		
0.109321		0.22953		0.258275		0.402875		
0.000196937		0.999492		0.000188574		0.000122301		
0.421693		0.171313		0.0795743		0.32742		
0.0488827		0.433892		0.44879		0.0684358		
0.00059455		0.000965345		0.000779948		0.99766		
5.72472e-05		0.999691		0.000137279		0.000114067		
0.308799		0.401771		0.267294		0.0221361		
0.177305		0.392991		0.407176		0.0225282		
0.000975428		0.000782111		0.000844023		0.997398		
0.232299		0.324582		0.23031		0.212808		
0.554348		0.136957		0.15942		0.149275		
0.998371		0.000710442		0.000265199		0.000653266		
0.000305814		0.998844		0.000393434		0.000457002		
1.2803e-05		0.999941		2.84419e-05		1.73488e-05		
0.270927		0.0765077		0.439244		0.213321		
0.112397		0.204959		0.37686		0.305785		
0.296956		0.145137		0.346325		0.211581		
0.332264		0.0898012		0.570237		0.00769724		
0.15439		0.529758		0.0730701		0.242781		
0.294787		0.369682		0.231276		0.104254		
0.00101006		0.000656219		0.00152903		0.996805		
0.00032489		0.998539		0.000598482		0.000537565		
0.21323		0.306826		0.0190007		0.460943		
0.999348		0.000192505		0.000364492		9.53472e-05		
9.7137e-05		0.000138446		0.999684		8.08228e-05		
0.000151703		0.000101964		0.999613		0.000133051		
0.00142933		0.997504		0.000291668		0.000775094		
0.370933		0.508677		0.0553145		0.0650759		
0.106238		0.416179		0.47271		0.00487329		
0.000581179		0.000760405		0.000381072		0.998277		
0.236391		0.289349		0.20858		0.26568		
1.22262e-05		0.997816		0.000176057		0.00199531		
0.00256616		0.996254		0.000907644		0.000272293		
0.000215983		0.000256742		0.999172		0.0003554		
0.00155394		0.000358177		0.000740232		0.997348		
0.996152		0.00088491		0.00163879		0.00132396		
0.000322154		0.999145		0.000121282		0.000412033		
0.998414		0.000727047		0.00068501		0.00017388		
0.342697		0.381512		0.153728		0.122063		
0.221132		0.242642		0.170566		0.36566		
0.342475		0.127528		0.192664		0.337333		
0.000141867		5.04196e-05		0.000128026		0.99968		
5.42158e-05		0.00198647		0.996875		0.00108432		
7.95637e-05		1.42309e-05		0.999887		1.94866e-05		
0.321318		0.322481		0.195349		0.160853		
0.996262		0.00119948		0.00171405		0.000824753		
0.447456		0.122206		0.316215		0.114123		
0.6		0.0765517		0.308276		0.0151724		
0.266473		0.302972		0.228036		0.202519		
0.241167		0.234639		0.190476		0.333717		
0.484352		0.0804769		0.296572		0.138599		
0.000462909		0.998016		0.000686382		0.000835084		
0.0590446		0.134729		0.429415		0.376812		
0.00206203		0.997383		0.000387731		0.00016743		
0.70193		0.0550393		0.0271623		0.215868		
0.456721		0.105559		0.195637		0.242083		
0.140559		0.37934		0.3895		0.0906012		
0.000145417		2.43631e-05		0.999602		0.000228657		
0.266489		0.267251		0.281357		0.184903		
0.00076105		0.000913656		0.000477638		0.997848		
0.172397		0.255403		0.371807		0.200393		
0.00155668		0.0013194		0.000666891		0.996457		
0.00132336		0.00016561		0.997441		0.00106963		
0.00139997		0.997824		0.000746649		2.9166e-05		
0.000156156		0.000104984		0.999637		0.000102141		
0.000777712		0.00171687		0.996098		0.00140776		
0.000375077		0.00117717		0.997086		0.00136182		
6.82754e-05		0.000128694		0.000111625		0.999691		
0.000459408		0.998461		0.000200825		0.00087883		
0.000499487		0.000460439		0.000774449		0.998266		
0.359458		0.17855		0.251621		0.210371		
0.0839243		0.303191		0.544326		0.0685579		
0.000840775		0.996539		0.000969185		0.00165098		
0.271066		0.370558		0.345178		0.013198		
0.999184		0.000398194		4.81512e-05		0.000370061		
0.439451		0.156055		0.076779		0.327715		
0.001784		0.996961		0.000957727		0.000297334		
0.330479		0.321918		0.0821918		0.265411		
0.227837		0.231087		0.274527		0.266548		
0.31543		0.290039		0.202637		0.191895		
0.00106608		0.997441		0.00147511		1.74054e-05		
0.342048		0.173929		0.30029		0.183733		
0.473876		0.0461725		0.342041		0.13791		
2.97917e-06		0.0003575		0.000198115		0.999441		
0.087477		0.425414		0.0303867		0.456722		
0.000818989		0.00075274		0.000881397		0.997547		
0.000533462		0.00052805		0.998512		0.000426769		
0.217856		0.175139		0.332764		0.274242		
0.330005		0.105088		0.166904		0.398003		
0.316281		0.066726		0.242438		0.374555		
0.239493		0.151434		0.0620414		0.547031		
0.264053		0.0184911		0.253698		0.463757		
0.0016388		0.997168		0.000886776		0.000306459		
0.998945		4.27156e-05		0.000708303		0.000303669		
0.240575		0.046627		0.465774		0.247024		
0.0410138		0.182488		0.460369		0.316129		
0.188274		0.253746		0.301954		0.256026		
0.000407679		0.998809		5.9746e-05		0.000723981		
0.338306		0.269416		0.371654		0.0206231		
0.000521618		0.000824156		0.998441		0.00021282		
0.00197592		9.69049e-05		0.0013803		0.996547		
6.3194e-05		5.64363e-05		0.999844		3.66197e-05		
0.35		0.412037		0.127778		0.110185		
0.998855		8.09265e-05		0.000535656		0.000527949		
0.00032411		0.00096394		0.00052445		0.998188		
0.181436		0.320092		0.12796		0.370512		
0.000316215		0.000937656		0.998531		0.000214879		
0.270399		0.211123		0.337358		0.18112		
0.120097		0.0512975		0.319252		0.509354		
0.000776553		0.997684		0.00133313		0.000206727		
5.85938e-05		0.999355		0.000250651		0.000335286		
0.00235605		0.00117623		0.996281		0.000186475		
0.998246		0.000681038		0.000584635		0.000488233		
0.0191781		0.535342		0.379178		0.0663014		
0.000134413		0.00108345		0.000879794		0.997902		
0.187346		0.239934		0.0986031		0.474117		
0.32		0.327391		0.335217		0.0173913		
0.312		0.2884		0.3804		0.0192		
0.000640147		0.00123201		0.000202058		0.997926		
0.265444		0.320845		0.204862		0.208848		
0.996605		0.000862186		0.000904159		0.00162819		
0.0747577		0.185971		0.300415		0.438856		
0.374628		0.03667		0.263627		0.325074		
0.112846		0.427743		0.27074		0.188671		
0.29907		0.0686983		0.274793		0.357438		
0.00128124		0.997852		0.000241251		0.000625948		
0.000223604		0.99843		0.00116037		0.000186337		
8.55435e-05		0.999656		0.000133545		0.000124661		
0.232815		0.440542		0.292022		0.0346212		
0.352177		0.548408		0.0207927		0.0786225		
0.240409		0.346547		0.36445		0.0485934		
0.00031102		0.999031		0.000314297		0.000343433		
0.379916		0.240168		0.135166		0.24475		
0.267315		0.337722		0.00057241		0.39439		
0.257729		0.178864		0.283912		0.279495		
0.235608		0.04371		0.420576		0.300107		
0.163209		0.335639		0.123098		0.378054		
0.000938278		0.997988		0.000594086		0.000479355		
0.000433634		0.00160489		0.997168		0.000793505		
7.7394e-05		0.998797		0.000880885		0.000244846		
0.199318		0.156499		0.277378		0.366806		
0.275661		0.467196		0.137037		0.120106		
0.398485		0.30303		0.267424		0.0310606		
0.324121		0.263391		0.142613		0.269874		
0.421809		0.201917		0.129419		0.246854		
0.301445		0.264625		0.261184		0.172746		
0.447561		0.231707		0.0365854		0.284146		
0.00164093		0.000293087		0.00161285		0.996453		
0.000885937		0.000302344		0.00151875		0.997293		
0.0010104		0.00102634		0.00131482		0.996648		
0.329749		0.381123		0.107527		0.181601		
0.000239782		0.000304615		0.00024076		0.999215		
0.997059		0.000188035		0.00149421		0.00125916		
0.187532		0.322514		0.471922		0.0180319		
5.5114e-06		1.49736e-06		4.71e-06		0.999988		
0.00187544		0.000425158		0.996402		0.00129706		
0.532625		0.0318665		0.389226		0.0462822		
0.996875		0.000610077		0.00121577		0.00129916		
0.212985		0.194175		0.552184		0.0406553		
0.000444537		0.000459691		0.99677		0.00232624		
0.997082		0.00137174		0.00115579		0.000390445		
0.0951134		0.36082		0.425393		0.118674		
0.225508		0.316543		0.324861		0.133087		
0.000563269		2.75085e-05		0.998695		0.00071391		
0.996363		0.000779297		0.00178589		0.00107153		
0.997484		0.000863189		0.000630112		0.00102232		
0.12696		0.264986		0.305872		0.302183		
0.421923		0.111353		0.267508		0.199217		
0.172171		0.053059		0.421765		0.353005		
0.151625		0.0180505		0.137184		0.693141		
0.192786		0.011194		0.521144		0.274876		
0.0411576		0.587138		0.0784566		0.293248		
0.157257		0.301005		0.264288		0.277451		
0.000990065		0.000903972		0.00125049		0.996855		
0.000143698		2.56123e-05		0.000182252		0.999648		
0.0657895		0.475329		0.223684		0.235197		
0.000959895		0.996996		0.000571097		0.00147291		
0.319461		0.277842		0.157996		0.244701		
0.997945		0.000968778		0.000403861		0.000682049		
0.0686209		0.327781		0.240506		0.363091		
0.138202		0.359551		0.310112		0.192135		
0.167332		0.299521		0.216454		0.316693		
0.199898		0.198364		0.446319		0.155419		
0.0692308		0.0320513		0.0153846		0.883333		
0.326853		0.0759417		0.0692588		0.527947		
0.997184		0.000812159		0.00066757		0.00133668		
0.00130024		2.99219e-05		0.997344		0.00132608		
0.367619		0.24619		0.247619		0.138571		
0.3632		0.2068		0.226		0.204		
0.402991		0.223077		0.261966		0.111966		
0.997117		0.000538253		0.0014845		0.000860055		
0.236036		0.318198		0.297658		0.148108		
0.000104762		1.6753e-06		4.98124e-05		0.999844		
0.20136		0.364941		0.133736		0.299962		
0.20018		0.322262		0.345601		0.131957		
0.998988		0.000444749		0.000154716		0.000412254		
0.319659		0.332978		0.0506127		0.29675		
0.140127		0.312102		0.168153		0.379618		
0.000159369		0.999547		0.000113231		0.000180525		
0.0004733		0.000761308		0.997934		0.000831799		
0.000962315		0.998074		0.000865623		9.7843e-05		
0.0497199		0.654762		0.279412		0.0161064		
0.393855		0.270019		0.25419		0.0819367		
0.504823		0.226688		0.237406		0.0310825		
0.000364583		0.999082		0.000190249		0.000363137		
0.000417366		0.00134615		0.997133		0.00110367		
0.267902		0.179195		0.247239		0.305664		
0.0011995		0.997539		0.000686332		0.000575104		
0.187261		0.267941		0.232696		0.312102		
3.98897e-05		0.00164972		0.996125		0.00218539		
0.000506602		0.996711		0.00142896		0.0013535		
0.281521		0.21014		0.191795		0.316544		
0.154776		0.464327		0.236479		0.144419		
0.000223517		0.000594374		0.998594		0.00058836		
0.000277884		6.02913e-05		0.000212606		0.999449		
0.036343		0.333901		0.48268		0.147076		
0.137481		0.143625		0.337942		0.380952		
0.000626547		0.000579284		0.000442606		0.998352		
0.997383		0.00137127		0.000576899		0.000669021		
0.668724		0.0205761		0.231139		0.079561		
0.357681		0.226657		0.065512		0.350151		
0.999555		0.000135402		0.000157888		0.000152022		
0.0498267		0.349653		0.367851		0.232669		
0.0972222		0.237179		0.49359		0.172009		
0.000595384		1.05316e-05		0.999141		0.000253459		
0.0257415		0.390599		0.163402		0.420257		
0.296517		0.0922056		0.308789		0.302488		
0.00017216		0.000946879		0.997223		0.0016583		
0.185456		0.297843		0.25087		0.265832		
0.99798		0.000452979		0.00123814		0.00032841		
0.999281		0.000352118		4.30067e-06		0.000362332		
0.128755		0.333906		0.303004		0.234335		
0.00132708		0.0011612		0.997512		0		
9.81281e-05		7.89178e-05		0.000112017		0.999711		
0.234456		0.291775		0.226036		0.247733		
0.0286678		0.318718		0.46796		0.184654		
0.0006038		0.000812159		0.000779354		0.997805		
0.377227		0.30093		0.084818		0.237026		
0.245533		0.206486		0.156188		0.391794		
0.24256		0.285365		0.284957		0.187118		
0.353088		0.300501		0.189482		0.156928		
0.000145492		0.00030035		0.998977		0.000577596		
1.33452e-05		6.06789e-05		0.999766		0.000160351		
0.998359		0.000640869		0.000645799		0.000353957		
0.135678		0.169179		0.226689		0.468453		
0.0416832		0.258039		0.350933		0.349345		
0.000171706		0.999563		0.000181189		8.4605e-05		
0.997816		0.000820419		0.00110951		0.000253667		
0.00107295		4.44882e-05		0.001281		0.997602		
0.382141		0.38325		0.0765391		0.15807		
0.997875		0.00155922		4.45493e-06		0.000561321		
0.99909		0.00033774		0.00031645		0.000255966		
0.00170701		0.00131465		0.000861149		0.996117		
0.000925867		0.00047501		0.000478029		0.998121		
0.00137256		0.000682145		0.996859		0.00108592		
0.460822		0.181918		0.059726		0.297534		
0.284537		0.063015		0.445468		0.20698		
0.997762		0.000701274		0.00106524		0.000471766		
0.99793		0.000802665		0.000486423		0.000781225		
0.308004		0.0217632		0.304685		0.365548		
0.0885496		0.426463		0.0743003		0.410687		
0.996758		0.000371535		0.00144616		0.0014245		
0.295088		0.23772		0.200225		0.266967		
0.188267		0.377301		0.134202		0.30023		
0.00127382		0.000310829		0.997535		0.000880198		
0.997559		6.84621e-05		0.00120175		0.00117119		
0.00107267		0.998121		0.000768012		3.82268e-05		
0.997926		0.00024521		0.000793676		0.00103533		
0.229186		0.254755		0.291862		0.224197		
0.00039802		0.997188		0.00212453		0.000289948		
0.366222		0.154667		0.304889		0.174222		
0.00136285		0.000840069		0.997352		0.000445516		
0.21942		0.383354		0.324086		0.07314		
0.998184		0.000528524		0.000703857		0.000584025		
0.00119679		0.000897595		0.996691		0.00121421		
0.306554		0.370825		0.264271		0.058351		
0.000566146		0.000573036		0.99875		0.000110818		
0.263594		0.24029		0.477991		0.0181253		
0.0930233		0.048062		0.343669		0.515245		
0.998297		0.000952171		2.4069e-05		0.000726885		
0.00121447		0.000171111		0.996949		0.0016652		
0.00829493		0.409677		0.426267		0.15576		
0.998973		8.89825e-05		0.000316954		0.000621407		
0.00041474		0.000152602		0.999094		0.000338908		
0.998047		0.000240385		0.000816306		0.000896434		
0.000803525		0.00101046		0.997359		0.00082664		
0.00133459		0.000563139		0.996695		0.00140696		
0.000250909		0.99941		0.000146709		0.000192226		
0.00052899		0.000586011		0.000302967		0.998582		
0.000143215		0.000134867		0.999563		0.000159418		
0.999047		0.000751695		6.94585e-05		0.000131971		
0.997027		0.00173088		0.000937667		0.000304108		
6.41971e-05		6.84068e-05		0.999855		1.19273e-05		
0.998828		0.000302806		0.000417978		0.00045109		
0.000826329		0.0012358		0.000922242		0.997016		
0.000883078		0.00151564		0.997484		0.000116909		
0.000207763		0.000605974		0.998402		0.000783919		
0.000297685		0.00112536		0.00136601		0.997211		
0.00053355		0.000390488		0.00088065		0.998195		
0.999691		0.000148743		0.000131933		2.79175e-05		
9.21117e-05		0.00032328		0.999285		0.000299452		
0.000338607		0.999145		0.000231187		0.000285675		
0.996629		0.00100865		0.000967798		0.00139464		
0.000456256		0.000392338		0.000413125		0.998738		
0.00103931		0.997523		0.000172004		0.00126525		
0.000774504		0.996961		0.00162829		0.000636272		
0.000181291		0.000184161		0.999609		2.51731e-05		
0.999695		8.94563e-05		8.70188e-05		0.000128213		
0.998031		0.000121859		0.000936861		0.00091003		
0.000970349		0.997402		0.000825261		0.000802047		
0.000896156		0.000462169		0.0011573		0.997484		
0.00237399		4.61865e-05		0.996227		0.00135326		
0.000754421		0.000548271		0.998527		0.000169964		
0.998426		0.000733359		0.000353426		0.000487433		
0.000241185		0.997902		0.0010208		0.000835673		
0.000117143		1.8594e-05		0.00180176		0.998062		
0.000312784		0.000185224		0.000173866		0.999328		
0.99918		0.000150962		0.000266352		0.000402999		
0.999195		0.000238438		0.000253925		0.000312325		
0.000155994		0.996828		0.00209552		0.000920364		
0.00154288		0.997012		0.000146221		0.00129918		
7.59095e-06		0.00124618		0.00044154		0.998305		
0.0012273		0.00090578		0.000964573		0.996902		
0.000138572		0.000154145		0.999676		3.15016e-05		
0.999863		3.78927e-05		6.75164e-05		3.13096e-05		
0.00149568		0.000105848		0.00214457		0.996254		
0.000189696		0.00158145		0.00147886		0.99675		
0.996242		0.00121049		0.00114984		0.00139749		
0.00069826		0.998051		0.00030973		0.000941229		
0.000131208		0.99843		0.000957542		0.000481563		
0.000187069		5.48869e-05		0.000152576		0.999605		
0.998293		0.000455276		0.000881016		0.000370739		
0.00137656		0.00175326		0.000213926		0.996656		
0.000392888		0.997727		0.000739636		0.00114091		
6.70845e-05		4.75048e-05		0.999793		9.24419e-05		
0.000495929		0.997641		0.00122052		0.000642926		
0.997352		0.000186392		0.00113226		0.00132978		
0.000793757		0.000687351		0.000542329		0.997977		
0.000571104		0.0010443		0.996992		0.00139241		
0.998566		0.000363573		0.000483614		0.000586407		
0.00174619		0.996563		0.000562464		0.00112885		
0.000744374		0.000823774		0.000884978		0.997547		
0.00134588		0.996547		0.000800653		0.00130659		
0.000853164		0.000813802		0.997559		0.00077444		
0.000122392		0.998648		0.000851502		0.000377668		
0.000456973		0.000177311		0.00120947		0.998156		
0.00103289		0.9965		0.000665778		0.00180133		
0.999313		9.56802e-05		8.27795e-05		0.00050904		
7.96762e-05		0.000351829		0.998699		0.000869276		
0.999645		0.000229564		2.93629e-05		9.65416e-05		
0.997906		0.000793284		0.000812791		0.000487675		
0.000263217		0.999484		0.000226023		2.63852e-05		
0.000682695		0.00078153		0.000703743		0.997832		
0.00088448		4.73139e-05		9.94558e-05		0.998969		
0.000421182		0.000112608		0.998961		0.000505272		
0.996555		0.00284708		4.38494e-05		0.000554382		
0.00140502		0.000352303		0.997609		0.000633306		
2.14844e-05		3.40079e-05		3.04452e-05		0.999914		
0.00054516		0.996359		0.00183151		0.00126395		
0.00163952		0.000190011		0.000510314		0.99766		
0.000155861		0.000181338		0.99957		9.24888e-05		
0.00172628		0.000867157		0.996961		0.000445622		
0.00027514		0.999461		0.000118435		0.000145487		
0.000671804		0.000725291		0.998363		0.000239624		
0.00117935		0.00143465		0.000819595		0.996566		
0.000276658		0.998637		0.000698606		0.000388018		
0.00038138		0.998527		0.000502843		0.000588433		
0.00113386		0.000971883		0.996297		0.00159738		
0.999371		0.000259239		0.000263958		0.000105709		
0.000624646		0.000146829		0.00203321		0.997195		
0.000145376		0.00162751		0.997656		0.000570868		
1.98705e-05		4.70143e-05		1.51465e-05		0.999918		
0.000907736		0.000713799		0.00120268		0.997176		
0.000770166		0.00162311		0.997164		0.000442665		
0.998668		2.0326e-05		0.0008022		0.000509505		
0.998277		0.000539868		0.000804419		0.000378369		
1.8598e-05		3.81293e-05		0.999922		2.13977e-05		
0.999035		0.00017161		0.000486141		0.000307092		
0.00167708		0.000814458		0.997484		2.40834e-05		
0.000878911		0.000359555		0.998586		0.000175596		
0.00141209		0.998191		0.000163469		0.00023303		
0.000583834		0.997953		0.000343737		0.0011193		
0.000216954		0.000549902		0.000330801		0.998902		
0.000516103		0.000283691		0.998703		0.00049708		
0.999777		4.67027e-05		0.000137178		3.87753e-05		
0.000880129		0.996926		0.00114816		0.00104593		
0.00017954		0.000474413		0.999309		3.74536e-05		
0.000322796		0.000976574		0.000665474		0.998035		
0.999121		0.000228852		0.000347789		0.000302265		
9.74451e-05		0.999855		4.12796e-05		5.80659e-06		
0.000422479		0.00158952		0.997727		0.000261435		
0.996445		0.00161801		0.00153455		0.000402131		
0.00113556		0.996156		0.00115647		0.00155172		
9.3202e-05		0.000161008		4.26647e-05		0.999703		
0.00134666		0.996992		7.5279e-05		0.00158588		
0.000286551		0.00112221		0.000907647		0.997684		
5.68261e-06		0.999988		1.36173e-06		4.67441e-06		
0.00154828		0.00115168		0.99727		3.0508e-05		
0.00102543		0.000714691		0.000916133		0.997344		
6.52636e-05		0.99927		0.000377079		0.000288127		
0.00116732		0.000892842		0.00156484		0.996375		
6.37852e-05		0.00113149		0.000726596		0.998078		
0.00132984		0.996617		0.00147414		0.000578833		
0.996414		0.00202883		0.000135102		0.00142201		
0.000296214		0.000380559		0.000284164		0.999039		
0.000470427		0.000630849		0.998551		0.000347943		
0.000674703		0.00160628		0.00151198		0.996207		
0.000743256		0.00114797		0.0008158		0.997293		
0.00112364		0.997805		0.000976978		9.46952e-05		
0.000147992		0.000114475		0.999715		2.26887e-05		
0.997754		0.00139093		0.000704738		0.000150426		
8.51415e-06		2.22642e-05		0.999969		4.71698e-07		
0.996328		0.00196699		0.00130806		0.000396827		
0.99802		0.000731485		0.000303512		0.000945472		
0.000829168		0.000443857		0.997793		0.000934006		
0.000591205		0.000562284		0.998395		0.000451979		
0.999871		8.45785e-05		3.35711e-05		1.07566e-05		
2.62532e-06		0.999961		1.49153e-05		2.15219e-05		
0.000600034		0.000171775		0.00179069		0.997437		
0.00100632		0.00179844		0.996672		0.000523366		
0.000853109		0.998086		0.000110035		0.000950918		
0.00101811		0.000810814		0.997105		0.00106561		
0.000162429		0.998953		0.000273356		0.00061109		
0.00122059		0.00013607		0.000119903		0.998523		
0.00119332		0.000877956		0.000709972		0.997219		
0.000921924		0.997082		0.000257159		0.00173889		
0.000181332		0.999617		0.000157242		4.42381e-05		
0.000759341		4.8765e-05		0.000547363		0.998645		
0.00183981		0.000238066		0.00165259		0.99627		
0.000270253		0.000414083		0.000366445		0.998949		
0.000497988		0.998031		0.00107451		0.000396249		
0.996969		0.000926601		0.000827967		0.00127668		
1.38659e-05		8.98272e-05		0.99943		0.000466619		
0.000260952		0.000307762		0.000497692		0.998934		
0.000596012		8.42931e-05		0.000343133		0.998977		
2.68857e-06		9.63049e-06		7.2122e-06		0.99998		
0.999934		1.74378e-05		1.59024e-05		3.3066e-05		
0.000665741		0.997934		0.000897106		0.000503559		
0.996691		0.0018884		0.000396332		0.00102386		
0.00129713		0.000872809		0.996559		0.00127146		
0.000459637		0.000310047		0.000574066		0.998656		
0.99959		0.000205359		0.000199171		5.62629e-06		
0.000253988		0.998512		0.000925349		0.000308945		
0.000108276		0.000634891		0.998391		0.000866208		
0.000462402		0.000880604		0.99718		0.00147731		
0.00105489		0.00114836		0.996258		0.00153894		
0.996152		0.00110627		0.00100517		0.00173621		
0.997313		0.000818443		0.00109404		0.000775016		
0.000559152		0.000847603		0.998043		0.000550276		
0.000108461		0.00023372		0.999594		6.4069e-05		
0.000477666		0.000338825		6.24151e-05		0.999121		
0.00046972		0.997723		0.000619507		0.00118812		
0.00115541		6.44648e-05		0.998758		2.23147e-05		
0.998012		0.00103641		0.00088756		6.43159e-05		
0.997605		0.000807583		0.00118114		0.000405807		
0.000527821		0.000796318		0.000558673		0.998117		
0.00123788		0.000784682		0.00124306		0.996734		
0.000100312		0.000133344		0.999719		4.75941e-05		
0.00111084		0.000200687		0.000508783		0.99818		
0.000559832		0.998543		0.000718737		0.000178462		
0.00168053		0.000584284		0.000117999		0.997617		
0.000859786		0.997117		0.000421464		0.00160156		
5.92334e-05		5.29647e-05		0.000122177		0.999766		
0.996121		7.77336e-06		0.00135256		0.00251857		
0.00102013		0.00028337		0.00138009		0.997316		
0.00210346		0.0013831		0.000169686		0.996344		
0.00149123		0.000700458		0.00127316		0.996535		
4.18657e-06		5.94493e-05		0.99991		2.62079e-05		
0.998648		0.000655246		0.000263219		0.000433097		
0.000907649		0.00183866		0.996199		0.00105447		
0.000853975		0.00212856		0.996801		0.00021668		
0.000564574		0.00122514		0.997301		0.000909502		
2.73079e-06		0.999996		5.33974e-07		6.41485e-07		
0.00126014		0.00227261		0.99623		0.000236786		
0.000739884		0.997398		0.00102189		0.000839784		
0.998277		0.000817388		3.68533e-05		0.000868415		
0.998691		9.84399e-05		0.000589327		0.000620827		
7.74371e-05		0.000355458		0.000336636		0.99923		
0.000267296		0.000881007		0.99832		0.000531384		
0.997535		0.00148293		0.000716314		0.000265599		
0.000321627		0.99725		0.00165919		0.000769183		
0.998789		0.000452785		0.000233764		0.000524389		
0.998797		0.000595094		0.000197749		0.000410282		
0.997062		0.000433916		0.00164431		0.000859269		
0.00103957		0.000336034		0.997816		0.000807993		
0.00103917		3.39697e-05		0.00115343		0.997773		
0.000523054		0.000177838		0.998773		0.00052567		
0.999598		0.00019848		1.22367e-06		0.00020264		
0.00132801		0.997047		0.000990812		0.000634298		
0.000361939		0.996352		0.00157287		0.00171363		
0.998785		0.000339181		0.000302972		0.000572691		
0.000137019		0.999137		0.000627198		9.90651e-05		
4.30925e-05		0.999801		3.10105e-05		0.000125116		
0.999977		3.08388e-06		6.02385e-06		1.43298e-05		
0.996105		0.00144621		0.00127436		0.00117396		
0.000285729		0.000841971		0.000520737		0.998352		
5.69994e-05		2.93709e-05		5.8161e-05		0.999855		
0.000591327		0.000739158		0.997922		0.00074764		
0.000580542		0.00148633		0.997027		0.000905786		
0.00112519		0.000102615		0.000826886		0.997945		
0.000742051		0.00107477		0.00055818		0.997625		
0.000312576		0.000917691		0.997523		0.0012463		
0.997766		1.69431e-05		0.00113095		0.00108648		
0.00127472		0.001785		0.000756685		0.996184		
0.000661437		0.000782925		0.996285		0.00227048		
0.000102079		0.998965		0.000210963		0.000722114		
0.000367058		0.000372471		9.25026e-05		0.999168		
0.997402		0.000731397		0.000567431		0.00129883		
0.000614592		0.000633254		0.000931841		0.99782		
0.997687		0.00164574		0.000418049		0.000248713		
0.999012		0.000377174		0.000298349		0.000312758		
0.998965		0.000549712		0.000185341		0.000300104		
0.000469398		0.000678123		0.000149354		0.998703		
0.000331786		0.000154886		0.999012		0.00050161		
0.0011936		0.00128167		0.000200514		0.997324		
0.00171308		0.000410789		0.000102697		0.997773		
0.000777574		0.000947151		0.997855		0.000419807		
0.000902814		0.00194403		0.996766		0.000387529		
3.39844e-05		0.000190137		2.19727e-05		0.999754		
0.000279808		0.000887391		0.99777		0.00106327		
0.996195		0.0010333		0.00100941		0.00176198		
0.000141355		0.000121794		0.000107944		0.999629		
3.03827e-05		5.20689e-05		0.999871		4.64547e-05		
6.38763e-05		0.998988		0.000535737		0.000412105		
0.998883		0.00021797		0.000309591		0.000589627		
0.000169435		0.000161716		0.000153225		0.999516		
0.998488		0.000574273		0.000515245		0.000422201		
0.999738		1.39583e-05		7.55495e-05		0.000172211		
0.998555		0.00122135		4.83382e-06		0.000219133		
0.000915045		0.000922904		0.000787051		0.997375		
0.000799802		0.000339581		0.998074		0.000786398		
0.00119851		9.28733e-05		0.998227		0.000482057		
0.00060391		0.000760344		0.997457		0.00117872		
0.000326971		0.000467285		0.000451838		0.998754		
0.00118109		3.44843e-05		0.000839117		0.997945		
0.99641		0.00261297		0.00068996		0.000286914		
0.00012566		0.000819647		0.99777		0.00128516		
0.996941		0.000658066		0.000803124		0.0015974		
0.00013146		0.000249702		0.000278995		0.99934		
3.17881e-05		0.0001173		0.000147787		0.999703		
0.00161314		0.00206656		0.996156		0.000164049		
0.998426		0.000785676		0.000183515		0.000605028		
8.98338e-05		0.00125767		0.000441556		0.998211		
0.998887		0.000242986		0.00047344		0.000396854		
0.000632447		2.74276e-05		0.00144559		0.997895		
0.999824		4.36815e-05		8.44088e-05		4.7691e-05		
0.000787391		0.00094609		0.00168058		0.996586		
2.98099e-05		1.18916e-05		2.8611e-05		0.99993		
0.000198269		0.000188067		0.000176164		0.999437		
3.41797e-05		0.00180203		0.0018552		0.996309		
3.78565e-05		0.000318251		0.999156		0.000487643		
0.00021918		0.000493154		0.999082		0.000205635		
3.39515e-06		8.72518e-06		0.999984		3.50467e-06		
9.12231e-05		1.89635e-05		0.999879		1.09071e-05		
0.00071772		0.997953		0.000347515		0.00098164		
0.997047		0.00118269		0.000411997		0.00135844		
7.43494e-06		0.999625		0.000210037		0.000157528		
0.00126186		0.00113429		0.000678075		0.996926		
0.000391147		0.000135836		0.000348017		0.999125		
0.000741998		0.000783035		0.998398		7.6529e-05		
0.996867		0.00100668		0.000817616		0.00130852		
0.000506981		0.998094		0.000371786		0.00102748		
0.00087831		0.00236198		0.000302679		0.996457		
0.000384255		0.000882236		0.99741		0.00132335		
8.05691e-05		0.000154606		0.999605		0.000159357		
0.997773		0.000419363		0.000952255		0.000854944		
0.999574		0.000187675		0.000156696		8.141e-05		
0.999586		6.25288e-05		0.000244396		0.000107138		
0.997262		0.000365254		0.00113385		0.00123917		
0.000650032		0.000523701		0.998773		5.28295e-05		
0.000530292		0.000344509		0.00174239		0.997383		
0.996484		0.00127275		0.000872231		0.00137065		
0.000719019		0.000925209		0.000195616		0.99816		
0.998504		1.84703e-05		0.00128923		0.000188397		
0.00017467		0.999328		0.000303943		0.000193261		
0.000174712		0.000151417		0.999516		0.000158245		
0.00131275		5.03692e-05		0.000875165		0.997762		
