0.000663143		0.99802		0.000646035		0.00067129		
0.000184882		0.000775546		0.998527		0.000512228		
0.24034		0.0140127		0.324416		0.421231		
0.0415352		0.459516		0.175079		0.32387		
0.211316		0.396057		0.125589		0.267038		
0.112035		0.31156		0.222486		0.353919		
0.422488		0.338756		0.210526		0.0282297		
0.000165479		0.99934		6.07344e-05		0.000433943		
0.441656		0.232748		0.295483		0.0301129		
0.00106198		0.000566464		0.997848		0.000523897		
0.00151463		0.996891		0.000814542		0.000780205		
0.56701		0.17354		0.130584		0.128866		
0.01998		0.284715		0.506494		0.188811		
0.999082		0.000387356		0.000376951		0.000153662		
0.193187		0.202053		0.456836		0.147923		
0.454026		0.398285		0.08909		0.0585993		
0.000115892		0.998777		0.000142933		0.000963832		
0.00218007		0.000319883		0.000347699		0.997152		
0.00162106		0.996285		0.000338701		0.00175509		
0.0667356		0.183135		0.287118		0.463011		
0.256854		0.101972		0.237614		0.403559		
0.0196645		0.556969		0.222672		0.200694		
0.000329595		0.996887		0.000790233		0.00199345		
0.465915		0.334648		0.148169		0.0512676		
0.410909		0.153636		0.0381818		0.397273		
0.997789		0.000186961		0.00139449		0.000629491		
0.0120987		0.400651		0.388553		0.198697		
0.0773994		0.418989		0.306502		0.19711		
0.000114773		0.000619489		0.998566		0.000699331		
0.996816		0.00106366		0.00175553		0.000364402		
0.00029253		2.89934e-05		0.999418		0.000260508		
0.249011		0.273884		0.220746		0.25636		
0.379013		0.268598		0.168363		0.184025		
0.999902		4.23142e-05		2.04276e-05		3.49145e-05		
0.000503698		0.000123518		0.000396221		0.998977		
0.999445		0.000193049		0.000255069		0.00010657		
0.502473		0.054417		0.024735		0.418375		
0.000166609		9.89468e-05		0.000390694		0.999344		
0.996258		0.000184369		0.000807236		0.00275058		
0.142968		0.678516		0.0332303		0.145286		
0.164751		0.274469		0.223964		0.336816		
1.93632e-05		0.00147547		0.00188016		0.996625		
0.0798072		0.490091		0.260311		0.169791		
0.246297		0.277299		0.225973		0.250431		
0.165968		0.0486169		0.387678		0.397737		
0.000733252		0.000507276		0.00056416		0.998195		
0.998285		0.000973469		0.000433684		0.00030769		
0.189752		0.19482		0.376126		0.239302		
0.290547		0.453234		0.081592		0.174627		
0.000402086		0.000582332		0.00280074		0.996215		
5.7198e-05		0.998586		0.0006546		0.000702265		
0.000520004		0.998145		0.000285787		0.00104968		
0.000543676		0.997684		0.000897451		0.00087528		
0.000833672		0.000992029		0.000939924		0.997234		
0.169101		0.135393		0.296067		0.399438		
6.40851e-05		0.000544724		0.998895		0.00049666		
0.99775		0.0008938		0.000693599		0.0006626		
0.00154526		0.000731604		0.00110595		0.996617		
0.350663		0.118247		0.125892		0.405199		
0.000373065		0.000353196		0.000125301		0.999148		
0.206372		0.349381		0.153628		0.290619		
0.309848		0.193355		0.356685		0.140112		
0.996348		0.000999952		0.000652488		0.0019999		
0.000196595		0.000294465		0.999414		9.48783e-05		
0.000492496		0.00270873		0.996344		0.000455024		
0.000343486		0.000640285		0.998527		0.000488885		
0.0839117		0.479495		0.0473186		0.389274		
0.00157228		0.996961		0.00111516		0.000351627		
0.360748		0.0102804		0.321028		0.307944		
0.00103804		0.997156		0.00131037		0.000495337		
0.097589		0.395522		0.192308		0.314581		
0.146676		0.621387		0.12211		0.109827		
0.998902		0.000658184		0.00019479		0.000244683		
0.997746		0.00130145		0.000414428		0.000538029		
0.000113652		0.000466237		2.16732e-05		0.999398		
0.277383		0.326572		0.361055		0.0349899		
0.191113		0.294792		0.225991		0.288103		
0.000387851		0.000606018		0.00151394		0.997492		
0.40564		0.287057		0.20752		0.0997831		
0.382873		0.231951		0.105223		0.279954		
0.998309		0.000720393		0.000928307		4.27066e-05		
0.000568475		0.000474196		0.99816		0.000797172		
0.309074		0.254883		0.128859		0.307183		
0.313169		0.134368		0.511777		0.0406852		
0.000279712		0.000443648		0.000659452		0.998617		
5.30827e-05		0.997059		0.00058391		0.00230441		
0.999949		1.23364e-05		1.87514e-05		1.96934e-05		
0.161064		0.342204		0.344538		0.152194		
0.000878231		9.09635e-05		0.998051		0.000980024		
0.000776316		0.998		0.000544173		0.000679511		
0.164593		0.554864		0.232466		0.0480769		
0.000369805		0.000989229		0.000976903		0.997664		
0.00016302		0.999406		0.000327973		0.000102757		
0.000164026		0.999316		0.000373566		0.000146002		
0.999664		9.64665e-05		4.77709e-05		0.0001917		
0.99657		0.00127749		0.000505277		0.00164692		
0.192334		0.21937		0.272416		0.31588		
0.000146546		0.999613		5.42763e-05		0.000185896		
0.574808		0.30179		0.0850384		0.0383632		
0.998773		0.000771875		0.000313281		0.000141406		
0.378965		0.0646912		0.22788		0.328464		
0.0649762		0.791601		0.0998415		0.0435816		
0.303162		0.0802372		0.330435		0.286166		
0.999914		2.96731e-05		3.11662e-05		2.50982e-05		
0.271409		0.311194		0.0826028		0.334794		
0.348104		0.348104		0.121234		0.182559		
0.168231		0.449062		0.121314		0.261394		
0.000735309		0.997598		0.00084359		0.000823445		
0.000801949		0.000987446		0.00162076		0.99659		
0.000128722		0.00166567		0.998195		1.02978e-05		
0.225184		0.320772		0.245404		0.20864		
0.383985		0.0592686		0.423077		0.13367		
0.000218959		0.000312799		0.999203		0.000265116		
0.27668		0.197628		0.1214		0.404291		
0.53628		0.202669		0.0483736		0.212677		
0.136243		0.162853		0.3752		0.325705		
0.465002		0.153696		0.122369		0.258933		
0.129982		0.597793		0.0122624		0.259963		
0.220805		0.371933		0.0176644		0.389598		
0.000647891		0.000621174		0.000797341		0.997934		
0.366749		0.273449		0.188089		0.171712		
0.996141		0.00113914		0.0010278		0.00169244		
0.135163		0.299797		0.252033		0.313008		
0.99816		0.000624059		0.000986208		0.000229576		
0.0013354		0.00160665		0.996355		0.000702476		
0.302275		0.0850488		0.451788		0.160888		
0.000368165		0.000111165		0.000356608		0.999164		
0.999398		0.000238005		0.000153211		0.000210347		
6.09145e-05		0.999855		2.35778e-05		6.00389e-05		
0.320748		0.0918367		0.279592		0.307823		
0.000969467		0.000362383		0.00115253		0.997516		
0.000838656		0.998082		0.000443029		0.000636284		
0.000798539		0.998102		0.00105031		4.95908e-05		
0.216115		0.288687		0.421558		0.0736393		
0.113131		0.30303		0.509091		0.0747475		
0.996367		0.000368958		0.00267731		0.000586548		
0.000538163		0.997031		0.00106748		0.00136311		
4.71223e-05		0.998273		0.000874591		0.00080485		
0.000736452		0.997051		0.000872832		0.00133993		
0.00117455		0.000715496		0.997461		0.000649012		
0.256737		0.339539		0.10877		0.294953		
0.338671		0.267831		0.00970403		0.383794		
0.00188625		0.996191		0.00100327		0.000919067		
0.997273		0.000393655		0.00146033		0.000872573		
0.173129		0.338613		0.314036		0.174222		
7.8125e-05		0.00189887		0.000640191		0.997383		
0.291938		0.161899		0.221717		0.324447		
0.000598634		0.000625927		0.99859		0.000185595		
0.0427937		0.236577		0.396044		0.324586		
0.195266		0.600592		0.00788955		0.196252		
0.00146452		0.000623094		0.000365516		0.997547		
0.997488		2.4074e-05		0.00116197		0.00132567		
9.24824e-06		0.999746		0.000109017		0.000135641		
0.261186		0.0961969		0.12528		0.517338		
0.000294684		0.999199		0.000186895		0.000319202		
0.99627		0.00184542		0.000818929		0.00106612		
0.342136		0.167254		0.133803		0.356808		
0.00133061		0.00183703		0.996281		0.00055111		
0.300842		0.0475331		0.0697954		0.581829		
0.284519		0.204184		0.0552301		0.456067		
0.129717		0.709906		0.0353774		0.125		
0.502043		0.0163432		0.0219612		0.459653		
0.241525		0.206857		0.325501		0.226117		
0.067635		0.169315		0.36768		0.39537		
0.998059		0.000493222		0.0008439		0.000604285		
0.150394		0.461538		0.288462		0.0996055		
0.436649		0.343324		0.188692		0.0313351		
0.396947		0.119084		0.238168		0.245802		
0.0551696		0.285247		0.364528		0.295055		
9.1655e-06		4.85772e-05		0.00010632		0.999836		
0.273861		0.213242		0.371453		0.141445		
0.287211		0.146086		0.168137		0.398567		
0.000151494		0.00033622		0.000676349		0.998836		
0.000884742		0.998348		0.000447609		0.000319993		
0.207429		0.234857		0.125143		0.432571		
0.00036354		0.00013944		0.998949		0.000547801		
0.00038975		0.9985		0.000539333		0.000570918		
0.275635		0.366345		0.266871		0.0911481		
0.00123331		0.996277		0.00118138		0.00130796		
0.103484		0.25689		0.347374		0.292252		
0.313559		0.236935		0.269774		0.179732		
0.260094		0.31831		0.0267606		0.394836		
0.000419477		0.000928093		0.000207117		0.998445		
0.225766		0.0492958		0.356669		0.368268		
0.00103336		0.99818		0.000350904		0.000436049		
0.000231914		6.08966e-06		0.999535		0.00022684		
0.0630347		0.1819		0.442143		0.312922		
0.999844		9.6504e-05		4.98452e-05		9.90076e-06		
0.00101221		0.998051		5.42477e-05		0.000882758		
0.432746		0.0649351		0.232375		0.269944		
0.346774		0.121864		0.131272		0.40009		
0.000801109		0.997816		0.000756857		0.000625628		
0.373315		0.205301		0.0300988		0.391285		
0.1068		0.2644		0.3136		0.3152		
0.00050181		0.998512		8.7546e-05		0.000898925		
0.14032		0.294849		0.250444		0.314387		
0.999816		8.26219e-05		3.09951e-05		6.99767e-05		
0.999207		0.000331786		0.000178427		0.000282755		
0.267346		0.309558		0.0262009		0.396895		
0.00136239		0.000367444		0.996727		0.0015436		
0.475783		0.190883		0.149573		0.183761		
0.00261709		0.996148		0.000116393		0.00111808		
0.33349		0.189962		0.0478424		0.428705		
5.77722e-07		3.77374e-06		0.999992		3.46103e-06		
0.999539		8.61968e-05		0.000206226		0.000168515		
0.0010661		0.00062732		0.997938		0.000369079		
0.000772853		0.996848		0.00152005		0.000859439		
0.131579		0.247766		0.287488		0.333168		
0.305938		0.00470673		0.346126		0.34323		
0.000737938		0.997391		0.000458718		0.00141272		
0.998254		0.000183748		0.000959025		0.000603321		
0.00139159		0.996574		0.000983313		0.00105088		
0.0017844		0.00139722		0.000662135		0.996156		
0.157864		0.417876		0.054556		0.369704		
0.999836		5.63611e-05		8.06546e-05		2.70468e-05		
0.000263649		0.998355		0.00091716		0.000463722		
0.997672		0.000970341		0.00102354		0.000334241		
0.386427		0.0363273		0.342914		0.234331		
0.36479		0.559873		0.00793021		0.0674068		
0.000577614		0.000609863		0.998215		0.00059768		
0.00106419		0.996691		0.000960559		0.00128384		
0.000451246		0.000873891		0.997648		0.00102643		
0.176019		0.115866		0.402907		0.305208		
0.292308		0.481119		0.195804		0.0307692		
0.00017962		0.000957974		0.00082725		0.998035		
0.999363		0.000385334		0.000166519		8.48653e-05		
0.000425453		0.00196589		0.00145241		0.996156		
0.202066		0.285537		0.397934		0.114463		
0.1371		0.168638		0.310994		0.383268		
0.0883253		0.392217		0.211194		0.308264		
0.000666371		0.99741		3.60201e-06		0.00191987		
0.263059		0.280263		0.230841		0.225837		
6.43234e-05		0.99959		0.000301942		4.38913e-05		
0.403643		0.206616		0.306807		0.0829338		
0.019403		0.175373		0.725373		0.0798507		
0.307284		0.208982		0.175035		0.308699		
0.00162213		0.00105919		0.996625		0.000693676		
0.269311		0.146138		0.218372		0.36618		
0.999406		0.000279792		0.000124198		0.00018976		
0.997266		0.00120934		0.000990589		0.000534446		
0.000577674		0.996996		0.00163399		0.000792239		
0.671595		0.0677043		0.0474708		0.21323		
0.241873		0.264241		0.252908		0.240978		
0.00118323		0.00149785		0.997172		0.000147049		
0.249123		0.425564		0.226065		0.0992481		
0.519385		0.231952		0.0233957		0.225267		
0.424312		0.0178899		0.21055		0.347248		
0.998738		0.000445232		0.000650039		0.000166448		
0.0922546		0.219043		0.306364		0.382338		
0.998801		0.000294597		0.00055423		0.000350392		
0.000768394		0.000346123		0.997676		0.0012097		
0.225621		0.371893		0.248566		0.15392		
5.43942e-05		0.00126387		0.997188		0.00149424		
0.28144		0.0250708		0.336433		0.357056		
0.000942817		0.000158069		0.99823		0.000668645		
0.0920649		0.13196		0.42306		0.352915		
0.000309188		0.000620624		0.998402		0.000667845		
0.000827898		0.00164649		0.000701388		0.996824		
0.998906		0.000222544		0.000451565		0.000419641		
0.219107		0.428868		0.122534		0.229491		
0.997723		0.000977785		0.000899607		0.000399951		
0.00198372		0.996285		0.0010407		0.000690429		
0.503906		0.123326		0.367188		0.00558036		
0.997879		0.000821731		0.00029959		0.000999773		
0.0562174		0.31385		0.36411		0.265823		
0.206912		0.431336		0.184793		0.176959		
0.00027755		0.000361385		0.998969		0.000392315		
0.0130435		0.312648		0.327273		0.347036		
0.226938		0.303905		0.231466		0.237691		
0.999418		9.57584e-05		0.000274557		0.000211716		
0.262355		0.253036		0.233267		0.251341		
0.404244		0.154377		0.0435013		0.397878		
0.284916		0.206238		0.465084		0.0437616		
0.00032199		0.000344241		0.9985		0.00083377		
0.000428427		0.00146169		0.996875		0.00123488		
0.000557414		0.00222966		0.996719		0.000494178		
0.485037		0.063591		0.114713		0.336658		
0.0972222		0.234649		0.346857		0.321272		
0.121852		0.395207		0.204712		0.278229		
0.0754438		0.221893		0.147929		0.554734		
2.62741e-05		0.000323318		0.999035		0.000615252		
0.377015		0.0421217		0.431097		0.149766		
0.00128634		0.000852432		0.997629		0.000232326		
0.0802048		0.248578		0.142207		0.52901		
0.253187		0.345495		0.34022		0.0610989		
0.0324135		0.30311		0.279895		0.384582		
0.089207		0.503855		0.404185		0.0027533		
0.00172879		0.00080132		0.996832		0.000637858		
0.996711		0.000631723		0.00143347		0.00122387		
0.000685353		0.000404471		0.998379		0.000531269		
0.167367		0.0917816		0.317936		0.422915		
0.22891		0.411248		0.059754		0.300088		
0.0969432		0.300437		0.434498		0.168122		
0.303353		0.2623		0.152303		0.282043		
0.665732		0.231955		0.00630694		0.0960056		
0.445977		0.128161		0.0626437		0.363218		
0.368369		0.129175		0.364931		0.137525		
0.52809		0.0865169		0.144382		0.241011		
0.188216		0.266367		0.359247		0.18617		
0.162199		0.352113		0.102681		0.383008		
0.250487		0.141326		0.00584795		0.602339		
0.00104929		0.000882968		0.997605		0.000462274		
0.268445		0.564132		0.107832		0.0595914		
0.0699039		0.326041		0.305229		0.298826		
0.155781		0.228398		0.275456		0.340365		
5.31607e-05		2.317e-05		0.999859		6.42943e-05		
0.291901		0.400561		0.303528		0.00400962		
0.998035		0.000530953		0.000371985		0.00106191		
0.116923		0.107692		0.31641		0.458974		
0.243187		0.343396		0.253669		0.159748		
0.154197		0.0547445		0.359489		0.431569		
0.998594		0.000976314		2.98567e-06		0.000426951		
0		0.341935		0.29222		0.365844		
0.00329476		3.32804e-05		0.996133		0.000539143		
0.000288821		0.000323112		0.000251348		0.999137		
0.00100771		0.997969		0.000216315		0.000807224		
0.199302		0.0969368		0.366421		0.33734		
0.485876		0.00719055		0.353878		0.153056		
0.209302		0.279982		0.305974		0.204742		
0.00639561		0.370946		0.195066		0.427593		
0.296809		0.401064		0.159043		0.143085		
0.000296762		0.000108099		0.999332		0.000263108		
0.0490379		0.0732464		0.288641		0.589075		
0.482911		0.199367		0.0556962		0.262025		
0.996488		0.00099551		0.00136785		0.00114836		
0.997996		0.000643286		0.000631716		0.000728904		
0.99923		3.93679e-05		0.00027409		0.000456074		
0.353811		0.182783		0.32537		0.138036		
0.000418197		0.000260779		0.998738		0.000582743		
0.996668		8.41132e-05		0.00168418		0.00156374		
0.24241		0.363385		0.118675		0.275529		
6.49807e-06		0.000254869		0.999391		0.000348008		
0.999711		0.000128643		1.36673e-06		0.000159053		
0.316988		0.386602		0.125657		0.170753		
0.30137		0.154421		0.303861		0.240349		
0.9995		4.02124e-05		0.000331184		0.000128604		
0.000289487		0.00013987		8.23624e-05		0.999488		
0.556366		0.00168256		0.404375		0.0375771		
0.346238		0.311907		0.0219138		0.319942		
0.0971512		0.264792		0.326516		0.311541		
0.217376		0.329581		0.134365		0.318677		
0.140376		0.263386		0.209841		0.386397		
0.000857891		0.99698		0.000633425		0.00152821		
0.000933716		0.997043		0.0013107		0.000712614		
0.00190224		0.000236663		0.000216569		0.997645		
0		0.232308		0.292308		0.475385		
0.997023		2.22316e-05		0.00236149		0.000592842		
0.998086		0.000989505		0.000401151		0.000523406		
0.00134277		0.997418		1.41792e-05		0.00122508		
0.375289		0.291532		0.0360944		0.297085		
0.000174487		0.000227979		0.000316284		0.999281		
0.108467		0.235829		0.386984		0.268719		
0.393787		0.285062		0.160347		0.160804		
0.120983		0.0189036		0.226843		0.63327		
0.44179		0.492628		0.0223691		0.043213		
0.99666		0.00111115		0.00180722		0.000421472		
0.24683		0.515638		0.206255		0.0312764		
0.391146		0.378646		0.159896		0.0703125		
0.99934		4.38292e-05		0.000296612		0.000319715		
0.248731		0.183756		0.284264		0.283249		
0.00029815		0.000101592		0.00194791		0.997652		
0.30343		0.241095		0.132586		0.322889		
0.247956		0.151907		0.280654		0.319482		
0.0695696		0.0640641		0.407407		0.458959		
0.392041		0.019475		0.221423		0.367062		
0.999531		9.06649e-05		0.000125609		0.000252476		
0.256164		0.174384		0.384245		0.185207		
0.322395		0.225101		0.142199		0.310305		
0.00047891		0.00115848		0.00212433		0.996238		
0.997809		0.000764263		0.000274251		0.00115289		
0.000159167		5.10724e-05		0.999664		0.000125698		
0.00105482		0.996258		0.000772996		0.00191437		
0.53431		0.343099		0.0578258		0.0647648		
1.71596e-05		0.00156581		0.000819371		0.997598		
0.493409		0.0489642		0.00188324		0.455744		
0.000386413		0.000118016		0.000327602		0.999168		
0.327606		0.263078		0.0977472		0.311569		
0.996953		0.00108179		0.000487963		0.00147712		
0.202732		0.534426		0.0781421		0.184699		
0.072666		0.202117		0.270934		0.454283		
0.00130832		0.00161024		0.000858792		0.996223		
0.996332		0.00155323		0.00206493		4.98119e-05		
0.09683		0.482997		0.247262		0.172911		
0.999676		6.18389e-05		0.000116275		0.000146105		
6.63089e-05		0.999883		1.50968e-05		3.57818e-05		
0.00037762		0.998133		0.000493811		0.000995756		
0.142294		0.351059		0.283604		0.223043		
0.44495		0.432211		0.11465		0.00818926		
0.217103		0.258493		0.274893		0.249512		
0.00136403		0.00129723		0.996141		0.00119811		
0.000573131		0.998449		0.00055834		0.00041931		
0.998313		0.000846736		8.35987e-05		0.000757166		
0.316357		0.0426053		0.402547		0.238492		
0.155235		0.437855		0.299123		0.107788		
0.146922		0.103466		0.426798		0.322814		
0.000244792		0.000697917		0.998211		0.000846354		
0.000743684		0.000201894		0.997738		0.00131614		
8.3516e-05		0.999453		0.000174146		0.000289213		
0.339154		0.194393		0.286765		0.179688		
0.999199		0.0002635		0.000455039		8.22424e-05		
0.000378107		0.0012273		0.00158991		0.996805		
0.00039882		0.998547		0.000636532		0.000417773		
0.000178231		0.997371		0.00143054		0.00102014		
0.997867		0.000855469		0.000376172		0.000901172		
0.389851		0.401815		0.0301155		0.178218		
0.109329		0.361516		0.30758		0.221574		
4.40914e-05		4.1976e-05		0.999883		3.11201e-05		
0.381731		0.0599864		0.398773		0.159509		
0.732816		0.217295		0.0443459		0.00554324		
2.88696e-05		0.000437168		0.000256619		0.999277		
0.00261475		0.996375		0.000313638		0.000696607		
0.000153126		9.40283e-05		6.92519e-05		0.999684		
0.00119547		0.997777		0.00028193		0.000745256		
0.000580266		0.00106266		0.00115005		0.997207		
0.00715137		0.205006		0.70441		0.0834327		
0.000214201		7.22796e-05		0.99941		0.000303363		
0.000641148		0.00160622		0.000487005		0.997266		
0.998387		0.000514123		0.00107337		2.57867e-05		
0.999973		1.09274e-05		1.20101e-05		4.40622e-06		
0.000362453		0.00122394		0.99632		0.0020933		
0.997684		0.00160866		0.000569768		0.000137978		
3.64726e-05		0.997824		0.00106148		0.00107783		
0.383473		0.401549		0.0438993		0.171078		
0.000902475		0.00040172		0.998297		0.00039893		
0.000973661		0.000918241		0.997504		0.000604192		
0.000567353		0.997492		0.00109035		0.000850106		
0.0355781		0.0330368		0.721728		0.209657		
0.274419		0.248505		0.238538		0.238538		
0.000687956		0.998332		0.0009335		4.65127e-05		
0.000293075		0.99941		0.00017486		0.000121909		
0.000481633		0.00151473		0.0018591		0.996145		
0.997766		0.000799893		0.000874281		0.000560201		
0.0762215		0.241042		0.132899		0.549837		
0.388162		0.13214		0.107364		0.372333		
0.123749		0.312208		0.272515		0.291528		
0.200197		0.00836203		0.352189		0.439252		
0.000999167		0.997176		0.000859325		0.000965727		
0.999687		0.00014382		7.17432e-06		0.000161506		
0.390705		0.0878447		0.269152		0.252298		
0.0017169		0.000442789		0.997188		0.000652808		
0.0344488		0.294783		0.436024		0.234744		
0.00147038		0.00102458		0.996273		0.00123161		
0.241506		0.0555556		0.263085		0.439853		
0.419733		0.188267		0.329067		0.0629333		
0.000217608		8.17808e-05		0.999445		0.000255298		
0.000365645		0.000254523		0.000207957		0.999172		
0.384		0.1184		0.138133		0.359467		
0.997719		0.000269382		0.000599435		0.00141243		
0.000689541		0.996797		0.00178868		0.000724902		
0.0515873		0.241402		0.656746		0.0502646		
0.497409		0.126079		0.255613		0.120898		
0.402529		0.396819		0.0872757		0.113377		
0.369953		0.41784		0.17277		0.0394366		
0.00138886		1.34654e-05		0.00025392		0.998344		
0.00112482		0.00111586		0.996484		0.00127495		
3.89722e-05		0.000940204		0.00239192		0.996629		
0.000734276		0.000404189		0.00214669		0.996715		
0.369476		0.296128		0.0150342		0.319362		
0.000212585		4.28383e-06		0.000240162		0.999543		
0.066938		0.358209		0.183175		0.391678		
0.996469		0.0014579		0.000300156		0.00177319		
0.000779178		0.000886227		0.997406		0.000928345		
0.336935		0.238212		0.180747		0.244106		
0.172399		0.0851247		0.368444		0.374033		
0.00197824		0.43818		0.308111		0.251731		
0.252433		0.556569		0.153893		0.0371046		
0.222034		0.559887		0.163842		0.0542373		
0.273953		0.285141		0.207975		0.232932		
0.440978		0.25897		0.187728		0.112324		
0.276402		0.315841		0.17764		0.230117		
0.138832		0.0317623		0.371414		0.457992		
0.0480893		0.283813		0.359811		0.308287		
1.78947e-06		1.79498e-05		1.5417e-05		0.999965		
0.000132349		0.0014372		0.997629		0.000801549		
0.124711		0.365358		0.224942		0.284988		
0.196976		0.222462		0.30108		0.279482		
0.997035		0.00073357		0.000632322		0.00159895		
0.250722		0.267084		0.22666		0.255534		
0.000755423		0.00115274		0.000185588		0.997906		
0.317138		0.303827		0.304493		0.0745424		
0.358194		0.0319635		0.256215		0.353628		
0.207242		0.220056		0.288579		0.284123		
0.000507522		0.00026134		0.999055		0.00017645		
0.198941		0.448499		0.142437		0.210124		
0.00139236		0.000426843		0.00121595		0.996965		
0.50566		0.0367925		0.389623		0.0679245		
0.186887		0.364743		0.312132		0.136239		
0.334981		0.134116		0.501236		0.0296663		
0.459583		0.15515		0.158409		0.226858		
0.319231		0.0604396		0.104945		0.515385		
0.00164531		0.000976286		0.996219		0.00115965		
0.0629336		0.367691		0.296333		0.273043		
0.0444444		0.288288		0.203003		0.464264		
0.320817		0.124681		0.215822		0.33868		
0.253417		0.202655		0.154627		0.389301		
0.00100784		0.00140088		0.00141159		0.99618		
0.226606		0.42156		0.261468		0.090367		
9.09053e-06		0.000101174		8.11414e-05		0.999809		
0.000219274		0.999684		7.79236e-05		1.92091e-05		
0.210596		0.442384		0.133775		0.213245		
0.275652		0.282862		0.178037		0.26345		
0.996172		0.000818404		0.00103887		0.00197085		
0.273602		0.24441		0.192857		0.28913		
0.997359		0.000402627		0.000771828		0.00146617		
0.999555		0.000175762		2.18361e-05		0.000247714		
0.000172381		0.999367		0.000297053		0.000163379		
0.077765		0.394585		0.0213134		0.506336		
0.233133		0.313961		0.0641283		0.388778		
0.0644258		0.478992		0.366013		0.0905696		
0.316932		0.29233		0.344911		0.0458273		
0.000108017		0.000762616		0.999035		9.42103e-05		
0.996906		0.000694009		0.00114466		0.00125508		
0.12169		0.374527		0.425599		0.0781841		
0.206653		0.237838		0.365073		0.190437		
0.000188076		0.000291415		0.998473		0.00104785		
0.119678		0.548907		0.0696203		0.261795		
0.112533		0.329656		0.159312		0.3985		
0.225397		0.22328		0.422222		0.129101		
0.00141604		0.997684		0.000143476		0.000756887		
0.000837066		0.00083622		0.997492		0.000834527		
0.0569986		0.345599		0.504329		0.0930736		
0.00500501		0.602603		0.142142		0.25025		
0.323744		0.351056		0.276766		0.0484341		
0.17583		0.289603		0.354927		0.179641		
0.348646		0.175532		0.264507		0.211315		
0.997887		0.000635065		0.00142957		4.86433e-05		
0.00162319		0.99625		0.00150068		0.000626134		
0.0415094		0.639623		0.0801887		0.238679		
7.67943e-06		8.38942e-05		0.999809		9.98326e-05		
0.348476		0.0113568		0.248057		0.39211		
0.196865		0.0583072		0.615047		0.129781		
0.103399		0.352322		0.0684538		0.475826		
0.9975		0.000755706		0.000271437		0.00147286		
0.999191		0.000158749		0.000145044		0.0005048		
0.339069		0.237731		0.124283		0.298917		
0.997789		0.000745506		0.00079545		0.000669981		
0.356982		0.426239		0.103041		0.113739		
0.299632		0.181066		0.226103		0.293199		
0.231374		0.155611		0.306822		0.306193		
1.43961e-05		0.999938		2.18777e-05		2.62262e-05		
0.105964		0.299942		0.513607		0.0804864		
0.000265488		0.00111505		0.000474929		0.998145		
0.998098		0.00137556		0.000494135		3.26455e-05		
0.000327622		0.997738		0.00150706		0.000427038		
0.433401		0.1643		0.330629		0.07167		
0.213371		0.305121		0.13798		0.343528		
0.160311		0.360977		0.14217		0.336542		
0.000770191		0.00044921		0.000632161		0.998148		
0.367627		0.203548		0.29357		0.135255		
4.21338e-05		0.000662313		0.998613		0.000682272		
0.000818606		0.998078		0.000432623		0.000670646		
0.996816		0.00207097		0.000582023		0.000530599		
0.000575806		0.000191507		0.998008		0.00122487		
0.00010318		0.998926		0.000421318		0.00054972		
0.242625		0.159715		0.325534		0.272126		
0.353692		0.362196		0.271743		0.0123695		
0.000483298		0.998734		0.00032198		0.000460347		
0.0585242		0.178753		0.379771		0.382952		
0.215293		0.0558568		0.323753		0.405098		
0.303132		0.15604		0.260626		0.280201		
0.392753		0.0695544		0.192003		0.345689		
0.997156		0.00105698		0.00102467		0.000762103		
0.100865		0.314601		0.457733		0.126801		
0.000132523		0		0.999824		4.32587e-05		
1.92315e-05		0.000211041		0.999598		0.000172072		
0.332963		0.200888		0.195339		0.27081		
0.53172		0.0397849		0.0424731		0.386022		
0.00227956		0.000976528		0.000122815		0.996621		
0.000768338		0.00130367		0.997535		0.000392834		
3.5816e-05		0.999887		5.64656e-05		2.09996e-05		
0.142411		0.383929		0.197321		0.276339		
0.000267905		0.00270725		0.000817815		0.996207		
0.999883		2.47811e-05		5.45692e-05		3.78372e-05		
0.00179309		0.00143498		0.996473		0.000299274		
0.000884531		0.00125906		0.000844688		0.997012		
0.000398476		0.997305		0.00134766		0.00094918		
0.000105941		0.000772745		0.00028147		0.99884		
0.00148032		0.0016896		0.996414		0.00041602		
0.000146123		2.23425e-05		0.999672		0.000159659		
0.150788		0.0657985		0.556546		0.226868		
0.469117		0.14242		0.331291		0.057172		
0.997844		0.00161977		0.000414743		0.00012174		
0.334277		0.241599		0.347718		0.0764061		
0.406205		0.165945		0.36075		0.0670996		
0.000483258		0.998941		0.000362293		0.000213043		
0.372006		0.0888771		0.18893		0.350186		
0.0016358		0.00158524		0.000630526		0.996148		
0.000826862		0.00105547		0.997012		0.00110595		
0.000320542		0.000358585		0.99891		0.000410717		
0.00150267		0.000807353		0.996523		0.00116654		
6.66659e-05		0.999762		1.55114e-05		0.000156104		
0.00069676		0.997734		0.00082873		0.000740135		
0.00168384		0.996848		0.00103782		0.000430681		
0.000124575		0.999395		0.000382974		9.79195e-05		
0.00026203		0.00118668		0.000547382		0.998004		
0.00119149		0.996422		0.00142612		0.000960521		
0.000453835		0.998336		0.000666207		0.00054402		
0.000147453		5.31543e-05		0.00016658		0.999633		
0.000344798		0.000306531		0.999047		0.000301797		
0.999969		1.03643e-05		9.17908e-06		1.17067e-05		
0.999512		0.00013378		0.000237083		0.000117418		
0.000569175		0.00126424		0.00112362		0.997043		
0.998195		0.000653689		0.000686714		0.000464285		
0.997676		0.000997591		0.00126585		6.07776e-05		
0.000258403		0.000746599		0.998473		0.000522342		
0.00157256		0.00144022		4.19055e-05		0.996945		
0.997973		0.00027021		0.00154097		0.000216168		
0.000238768		0.999254		0.000389498		0.000117828		
0.997281		0.000146049		0.000736983		0.00183572		
0.00132751		0.99743		0.000873434		0.00036937		
0		0		1		0		
0.997789		0.000975848		0.000158075		0.00107702		
0.000240501		0.000515359		0.998488		0.000755859		
0.99702		0.000565028		0.000997241		0.0014182		
0.000293455		0.00100534		0.997707		0.000994178		
0.000490401		0.000183901		0.998902		0.000423354		
0.997113		0.00133747		0.000537262		0.00101199		
0.000291677		9.81999e-05		0.000336685		0.999273		
0.00105339		0.000910441		0.000985386		0.997051		
0.00114558		0.996145		0.000724217		0.00198567		
0.0012097		0.00131826		0.996867		0.00060485		
0.000659373		0.998246		0.000671314		0.000423219		
0.998605		0.000295304		0.000647542		0.000451685		
0.996234		0.00104837		0.000970579		0.00174667		
0.0011758		0.99777		0.000597776		0.000456891		
0.000112387		0.000177561		0.000120208		0.99959		
0.999754		9.09595e-05		0.000125222		2.99119e-05		
0.997539		0.000768612		0.0016682		2.41268e-05		
0.000923383		0.996238		0.000735865		0.00210247		
0.000240331		0.000494201		0.999074		0.000191249		
3.26319e-05		0.00145657		0.00228423		0.996227		
3.03643e-05		5.90611e-05		7.85434e-05		0.999832		
0.000337254		0.000474849		0.998789		0.000398835		
0.000372234		0.000715464		0.997426		0.00148652		
0.000920253		0.000889436		0.997758		0.000432498		
0.997363		0.00165904		0.000764003		0.000213679		
0.000812136		0.998309		0.000210726		0.000668544		
0.997926		0.000640256		0.0006011		0.000832862		
0.000721426		0.997402		0.00069524		0.00118099		
0.000186153		0.00111101		0.000425493		0.998277		
0.000284488		0.000168877		0.000218511		0.999328		
0.00050502		0.997715		0.000936914		0.000843223		
0.000577864		0.000577864		0.998629		0.000215366		
0.00155477		0.00135947		0.99682		0.000265448		
0.000393691		0.999203		0.000146885		0.000256299		
0.999547		0.000274146		6.34442e-06		0.000172635		
0.000784441		0.000324362		0.000848228		0.998043		
0.000461477		0.999031		0.000371295		0.000135977		
9.54931e-05		0.999758		3.57878e-05		0.000110907		
0.996223		0.00116072		0.00238735		0.000229277		
1.3812e-05		1.61626e-05		0.999953		1.69004e-05		
7.41525e-05		0.000318856		0.000481992		0.999125		
0.000551712		0.998742		0.000390512		0.000315588		
0.000710024		0.00109903		0.000792507		0.997398		
0.00138866		0.00120805		0.000602509		0.996801		
0.000816124		0.997488		0.000659971		0.00103562		
0.000163555		0.0012691		0.000844687		0.997723		
0.00136253		0.000421684		0.00163376		0.996582		
0.000543555		0.000633398		0.000530078		0.998293		
0.998055		0.000679729		0.000429394		0.000836189		
4.9426e-06		1.67411e-06		2.46333e-05		0.999969		
0.000453053		0.999273		0.000172831		0.000100678		
0.000458043		0.000952583		0.00150734		0.997082		
0.998168		3.23003e-05		0.00086807		0.000931661		
0.000498499		0.998895		0.000399261		0.000207708		
2.88022e-05		7.90317e-05		5.23224e-05		0.99984		
4.76277e-05		0.999762		0.000135325		5.5328e-05		
0.000337912		0.000192308		0.999219		0.00025103		
0.00111988		0.000548559		0.000647971		0.997684		
8.86467e-05		8.07082e-05		0.999754		7.67389e-05		
0.000906619		0.996941		0.000613711		0.00153826		
0.0019096		0.000666348		0.99682		0.000603738		
0.000294183		0.000608531		0.000776974		0.99832		
1.31796e-05		1.72467e-06		0.999984		7.20758e-07		
0.998785		0.000525402		0.000531346		0.000158096		
0.000392672		0.000473767		0.997328		0.00180544		
0.000181182		0.996426		0.00121415		0.00217889		
0.00102283		0.00108201		0.000664687		0.99723		
0.000225298		0.000149302		0.99948		0.000144931		
0.000529067		0.000256166		0.00062883		0.998586		
0.996633		0.00202605		0.000578287		0.000762846		
0.000200294		0.998973		0.000415194		0.000411856		
0.999918		6.5625e-07		6.11406e-05		2.02344e-05		
0.000355819		0.000406818		0.999105		0.000131894		
0.998402		0.000632897		0.00073173		0.000233029		
0.999238		0.00031562		0.000357056		8.90435e-05		
0.000176658		0.00154626		0.000593492		0.997684		
0.000187817		5.61327e-05		0.999473		0.000283394		
0.000842646		0.000949762		0.000168529		0.998039		
0.999273		0.000584794		6.42388e-05		7.75295e-05		
0.000327111		0.000725245		0.998891		5.70193e-05		
0.000520379		0.00232345		0.996805		0.000351484		
0.000326577		0.00132883		0.998125		0.000219595		
0.000865589		0.00113681		0.997461		0.000536665		
0.997125		0.000512421		0.00190684		0.000455737		
0.998137		0.000241131		0.00121661		0.000405538		
8.18969e-05		0.999879		1.02253e-05		2.89716e-05		
0.000712144		0.998125		0.000816546		0.000346311		
0.997805		0.000570682		0.00115621		0.000468421		
0.000962941		0.000880189		0.000926401		0.99723		
0.000611542		0.998984		0.000225264		0.000178818		
0.000831669		0.998148		0.00068027		0.000339624		
0.00149328		0.000638626		0.996996		0.000872		
0.000269123		0.999082		0.000249769		0.000399077		
0.998828		0.000533777		0.000256167		0.000381932		
0.000844473		0.000618954		0.000290479		0.998246		
0.00151758		0.000922116		0.00108374		0.996477		
0.000835009		0.00156396		0.00126119		0.99634		
0.997082		0.00126779		0.00102855		0.000621628		
0.00123063		0.996598		0.0015202		0.000651513		
0.00169929		0.000336908		0.996555		0.00140911		
0.998973		0.000218444		0.000414271		0.000394629		
0.000779195		0.99702		0.0011384		0.00106287		
0.000671294		0.998551		4.11985e-05		0.000736727		
0.000293024		0.000635887		5.15584e-05		0.99902		
0.0012072		0.000808993		0.000995523		0.996988		
0.000118523		0.00015679		4.49997e-05		0.99968		
0.996594		0.00166428		0.00167841		6.35582e-05		
0.00128526		0.000615678		0.00028656		0.997812		
0.00112463		0.996898		0.000621196		0.00135574		
0.00137892		0.000714997		0.00180452		0.996102		
0.000428226		0.000167034		0.000639115		0.998766		
0.000155012		0.000131799		0.999488		0.000224909		
0.000122601		4.18852e-05		0.000112857		0.999723		
0.000385189		0.000839712		0.996125		0.0026501		
0.996164		0.00105149		0.00023435		0.0025501		
0.99982		0.000114264		1.47584e-05		5.06655e-05		
0.00168066		0.000715382		0.00138912		0.996215		
0.000892106		0.000454695		0.000293823		0.998359		
0.99732		0.000752466		0.000875684		0.00105154		
4.10193e-05		0.000211129		6.81644e-05		0.99968		
0.000170918		0.000920131		0.998227		0.000682388		
0.999316		6.02515e-05		0.000442588		0.000180754		
0.0010424		0.99634		0.00191041		0.000707343		
0.000202344		0.00136924		0.997687		0.000740913		
0.000937251		0.000743267		0.000721826		0.997598		
0.998863		0.000255762		0.000476726		0.000404231		
0.999527		0.000218737		0.000165962		8.79576e-05		
0.000394301		0.000205931		0.998969		0.000431018		
0.998469		0.000217736		0.000546706		0.000766808		
0.000356284		0.000407724		0.000181304		0.999055		
0.000934935		0.000590331		0.000838015		0.997637		
0.000880299		0.996484		0.000376077		0.00225925		
0.00011017		2.85667e-05		0.99977		9.17323e-05		
0.00013338		0.997285		0.00209518		0.000486282		
0.996242		0.000205422		0.00255715		0.000995236		
5.06435e-07		0.999996		1.03894e-06		2.36088e-06		
0.000234859		3.60763e-05		8.06269e-05		0.999648		
0.997062		4.44627e-05		0.00132499		0.00156805		
0.000661453		0.998254		0.000218706		0.000865934		
0.997047		0.000572815		0.00119377		0.00118654		
0.000840258		0.000789977		0.000779921		0.99759		
0.999184		7.08497e-06		0.000523743		0.000285579		
0.0015189		0.997027		0.0010766		0.000377154		
0.999559		8.36193e-05		0.000217558		0.000140229		
1.60714e-05		0.999953		1.67411e-05		1.40625e-05		
0.000274785		0.00142711		0.997777		0.000520762		
0.000714648		0.997434		0.00127483		0.00057693		
0.998125		0.00127455		0.000472998		0.000127455		
0.000541414		0.00184458		0.996434		0.00118041		
0.000607984		0.000502993		0.000603867		0.998285		
0.996566		0.00108686		0.00113803		0.0012087		
0.996559		0.000693815		0.00142807		0.00131952		
0.00115226		0.0011089		0.00134431		0.996395		
0.00151353		0.000874566		0.996852		0.000760337		
0.000413624		0.000676256		0.998711		0.000199182		
0.000664025		0.00211366		0.996758		0.000464506		
0.00175899		0.000442823		0.996449		0.00134897		
0.0003952		0.998297		0.000508115		0.00079981		
0.00107867		0.996723		0.00102749		0.00117118		
0.000831619		0.996707		0.00135405		0.0011073		
0.999852		1.45969e-05		3.50969e-05		9.87437e-05		
0.00110498		0.000186941		0.997703		0.00100496		
0.000684737		0.000407375		0.997684		0.00122429		
0.00014863		0.0013129		0.99852		1.8943e-05		
0.000271676		0.002123		0.000257672		0.997348		
0.000172709		0.000332132		0.999109		0.000385784		
0.996363		3.7266e-05		0.00172081		0.00187864		
0.998449		0.000718441		0.000141279		0.000691061		
0.997484		0		0.000444572		0.00207105		
0.000137294		8.4114e-05		3.24986e-05		0.999746		
0.00149117		0.000727757		0.996789		0.000992014		
0.000280334		0.998992		0.000278017		0.000449461		
0.00025811		0.000114969		0.9995		0.000126921		
0.000786501		0.997219		0.00147611		0.000518635		
0.997605		0.00129169		0.00109781		5.03582e-06		
0.000258946		0.000243764		2.46342e-05		0.999473		
0.00110163		0.000373169		0.00164239		0.996883		
0.000383922		0.998848		0.000405347		0.000363075		
0.00233155		0.996328		0.000917969		0.000422352		
0.000672315		0.000953626		0.000760778		0.997613		
0.000304099		0.99827		0.000550275		0.000876095		
0.997828		0.000565253		0.00139791		0.000208709		
0.00115571		0.000768557		0.00104057		0.997035		
0.000110298		0.998965		0.00048937		0.000435488		
0.00060167		0.000165714		0.00117402		0.998059		
0.000527227		0.00133604		0.996184		0.00195314		
0.00131134		0.00126349		0.000882201		0.996543		
0.000588398		0.000566946		0.997781		0.00106341		
0.000337643		0.000613302		0.998793		0.000256086		
0.998375		0.000850617		6.41975e-05		0.000710185		
0.998859		0.000240836		0.000607943		0.000291846		
0.0010706		0.998184		2.70657e-05		0.000718744		
0.000490595		0.00168255		0.996902		0.000924515		
0.000946366		0.997129		0.000245853		0.00167887		
0.00107132		0.000580299		0.997773		0.000574942		
0.00225299		0.99623		0.00130988		0.000206669		
0.996742		0.00125204		0.000788972		0.0012168		
0.00119743		0.997742		0.00095939		0.000100988		
0.996832		0.00111044		0.00127553		0.000782		
0.999938		2.19866e-05		1.98055e-05		2.0708e-05		
0.998695		0.0011337		1.85853e-05		0.000152399		
0.000276894		0.000482805		0.000544989		0.998695		
0.000488617		0.000234207		0.999043		0.000234207		
0.000669199		0.00129411		0.00115388		0.996883		
0.000651488		0.000315923		0.998625		0.000407589		
0.000682399		0.997992		0.000794927		0.000530487		
3.39394e-05		0.000650838		0.998109		0.00120585		
0.998949		0.000553488		0.000296374		0.000200919		
0.000843907		0.996188		0.00094833		0.00202026		
0.000624038		0.000381117		0.998098		0.000897189		
0.000596244		0.000419615		0.000320079		0.998664		
0.000744067		0.000180183		0.998254		0.000821844		
0.997734		0.000917077		0.000886826		0.000461723		
0.000103322		0.000806759		0.998617		0.000472732		
0.997516		0.000462331		0.00142886		0.000593179		
0.000524959		0.000158494		0.000836078		0.99848		
0.998719		0.000265248		0.000552657		0.000463345		
0.000316413		0.00116152		0.997734		0.000787695		
0.00110071		0.997406		0.000798503		0.000694532		
0.000458965		0.999242		9.35043e-05		0.000205343		
2.5662e-05		0.999891		2.26723e-05		6.10407e-05		
0.000884831		0.00118109		0.000512202		0.997422		
0.000591395		0.00115436		0.00214097		0.996113		
0.998242		0.000497117		0.000737765		0.00052293		
0.00113485		0.997461		0.000523268		0.000880944		
4.76355e-05		0.000753618		0.998344		0.000854996		
0.000185075		0.00071444		0.00036611		0.998734		
0.000402209		0.00159959		0.996523		0.00147477		
0.000273698		0.997586		0.00115601		0.000984352		
3.99564e-05		0.000290094		0.000212918		0.999457		
0.997215		0.000216877		0.00154749		0.00102079		
0.999742		0.00015996		4.64688e-05		5.13838e-05		
0.000778545		0.000844205		0.997102		0.00127569		
0.998734		0.000624261		3.33509e-05		0.000608013		
0.000122944		0.000625344		0.99793		0.00132203		
0.996234		0.000833142		0.00098702		0.00194546		
0.00137994		0.996285		0.00203491		0.000299987		
0.999238		0.000226787		0.000384021		0.000150911		
5.31046e-06		4.90196e-06		4.44751e-05		0.999945		
0.00120532		0.000508823		0.000840549		0.997445		
0.000903525		0.000357832		0.997102		0.00163708		
9.52451e-05		0.000533557		0.999164		0.000207135		
0.000247514		0.000248397		0.999199		0.00030487		
0.998039		0.000357911		0.00068647		0.000916556		
0.996437		0.000875441		0.00188701		0.000800044		
0.996848		0.000922148		0.00165385		0.000576343		
0.997238		0.000314418		0.00218685		0.000260451		
0.000199031		0.00123842		0.00118755		0.997375		
0.000351536		0.000272834		0.00015688		0.999219		
0.000178161		0.999594		0.00010391		0.000124179		
0.996152		0.00169892		0.00187539		0.00027335		
1.26666e-05		1.4275e-05		8.24334e-05		0.999891		
0.0012081		0.00169602		0.000424006		0.996672		
0.000832241		0.000686684		0.000301388		0.99818		
1.80075e-05		0.999941		2.13124e-05		1.92739e-05		
