0.00131514		0.997406		0.000102637		0.00117597		
0.262058		0.273312		0.0578778		0.406752		
0.00060828		0.99793		0.00123663		0.000225403		
0.246855		0.178852		0.231132		0.34316		
0.000167285		0.000634767		0.997289		0.00190888		
0.212105		0.356316		0.211053		0.220526		
0.223835		0.364996		0.0277045		0.383465		
0.242336		0.376139		0.101906		0.279619		
0.000794084		0.997109		0.00118844		0.000908099		
0.00132087		0.997293		0.000463045		0.000923121		
0.216629		0.350858		0.0999254		0.332588		
8.33341e-05		0.99884		0.000495657		0.000581165		
0.0566362		0.385584		0.165904		0.391876		
0.996531		0.000235325		0.00191927		0.00131415		
0.488451		0.0602817		0.135775		0.315493		
0.999852		3.0868e-05		6.58038e-05		5.17657e-05		
0.000334833		0.998262		0.000660761		0.000742688		
0.25284		0.320675		0.141512		0.284972		
0.00108171		0.000701005		0.00105322		0.997164		
0.000162075		0.00159316		0.997676		0.000568985		
2.44806e-06		0.99991		7.42578e-06		7.99699e-05		
0.317209		0.282962		0.27911		0.120719		
0.251757		0.299681		0.338019		0.110543		
0.199497		0.254248		0.297042		0.249213		
0.505229		0.237255		0.158824		0.0986928		
0.00266066		0.000392388		0.996293		0.00065398		
0.997238		0.000487482		0.0014033		0.000870941		
0.000773206		0.000927847		0.00103723		0.997262		
0.00111474		0.00036076		0.000942471		0.997582		
0.415403		0.0448757		0.29715		0.242571		
0.0011987		0.000369873		0.997496		0.000935334		
0.000521063		0.000626195		0.000341023		0.998512		
0.321053		0.373246		0.234211		0.0714912		
0.000730562		0.997559		0.000791664		0.00091918		
0.000346996		0.00198715		0.00112289		0.996543		
0.000544855		2.78763e-05		0.000685081		0.998742		
0.24214		0.420929		0.26748		0.069451		
0.0010867		0.00126091		0.00107426		0.996578		
0.000101978		0.996984		0.000329242		0.00258441		
0.00168294		0.000820313		0.000641276		0.996855		
8.84961e-05		0.999512		0.000246081		0.000153704		
0.528634		0.0385463		0.0176211		0.415198		
0.000192028		7.29069e-05		0.00037569		0.999359		
3.29403e-05		6.00314e-05		0.999793		0.00011406		
0.191989		0.257597		0.334254		0.21616		
0.398484		0.466703		0.0189496		0.115864		
0.304189		0.536126		0.159077		0.000607165		
0.274419		0.156025		0.312896		0.25666		
0.141585		0.392698		0.0605521		0.405165		
0.000174914		0.999527		0.000199013		9.87292e-05		
0.999445		0.000263605		0.000195343		9.57394e-05		
0.123351		0.236618		0.355702		0.284329		
0.102842		0.234777		0.313938		0.348444		
0.267502		0.194926		0.307001		0.230572		
0.000421199		0.000466039		0.998445		0.00066745		
0.999672		0.000100171		6.28637e-05		0.000165091		
0.0776824		0.158369		0.384549		0.379399		
0.210746		0.0637234		0.321949		0.403582		
0.100418		0.36318		0.143933		0.392469		
0.373084		0.204023		0.161877		0.261015		
0.000280446		1.10793e-05		0.00019285		0.999516		
0.00103564		0.000822224		0.996859		0.00128276		
0.000115927		6.40121e-05		0.00016381		0.999656		
0.559701		0.183458		0.0248756		0.231965		
0.0772313		0.30674		0.255009		0.36102		
0.999852		5.84353e-05		3.78068e-05		5.21954e-05		
0.000877949		0.997863		0.000362295		0.000896475		
0.00010116		7.81688e-05		9.41091e-05		0.999727		
0.997508		0.000890067		0.00076617		0.000835951		
0.355582		0.260734		0.0893833		0.294301		
0.000374435		0.00022693		0.999141		0.00025801		
8.94111e-05		0.999328		0.000409844		0.00017262		
0.014197		0		0.266193		0.71961		
0.00138007		0.000685445		0.996836		0.00109855		
0.473154		0.146213		0.260786		0.119847		
0.0668092		0.190273		0.37039		0.372528		
0.274605		0.0959903		0.582017		0.0473876		
0.998285		0.0013107		0.000199695		0.00020445		
0.0740741		0.252205		0.385068		0.288654		
0.000145811		0.998309		0.000550436		0.000995159		
0.223969		0.0830059		0.30943		0.383595		
0.343195		0.164984		0.345284		0.146537		
0.353024		0.266526		0.251055		0.129395		
0.604167		0.0109127		0.294643		0.0902778		
0.279279		0.314234		0.310631		0.0958559		
0.998848		0.000509051		0.000474005		0.000169288		
0.000611008		9.80976e-05		0.999008		0.000283082		
0.41534		0.0453449		0.47178		0.067535		
0.000250419		0.00165879		0.997227		0.000864228		
0.000170548		0.000148197		0.999305		0.000376567		
0.253659		0.105987		0.381375		0.25898		
1.35414e-05		0.999961		1.21774e-05		1.33437e-05		
0.00205903		0.0885381		0.315717		0.593686		
0.393369		0.00448029		0.153226		0.448925		
0.168701		0.211987		0.174806		0.444506		
0.999152		9.54548e-05		0.000436365		0.000315837		
0.0903779		0.362291		0.282431		0.264901		
0.29618		0.114277		0.284596		0.304947		
0.486933		0.0549333		0.0432		0.414933		
0.00043748		0.000811841		0.00215693		0.996594		
0.000106841		6.61233e-06		0.999582		0.000304515		
0.332393		0.124153		0.497178		0.0462754		
0.996828		0.0022089		0.000479204		0.000483768		
0.999945		2.0045e-05		1.18738e-05		2.27687e-05		
0.000508553		0.998402		0.000587094		0.000502008		
0.000167969		0.999062		0.000584635		0.000184896		
0.110132		0.0837004		0.502203		0.303965		
0.371868		0.0848519		0.0802961		0.462984		
0.000907455		0.0010464		0.000382086		0.997664		
0.118966		0.116529		0.446124		0.318381		
0.229977		0.182785		0.307079		0.28016		
0.000130169		0.997855		0.000602031		0.00141233		
0.00143761		0.997531		0.00101449		1.66582e-05		
0.038872		0.313643		0.380716		0.266768		
0.000463734		0.99927		0.000115062		0.000151673		
0.000111267		0.000163951		0.999559		0.000166188		
0.00055991		0.536954		0.208287		0.254199		
0.996449		0.00153844		0.00095666		0.00105569		
0.103354		0.415469		0.0670773		0.4141		
0.000223922		7.25131e-05		0.999621		8.24708e-05		
0.231842		0.280904		0.200577		0.286676		
4.5834e-05		0.00189849		0.996234		0.0018213		
0.234943		0.257931		0.314023		0.193103		
0.311639		0.331267		0.137397		0.219697		
0.274119		0.564319		0.0535988		0.107963		
0.000825266		0.000706119		0.997156		0.00131237		
0.618034		0.104571		0.158422		0.118973		
0.00734523		0.219307		0.653725		0.119622		
0.000130237		0.000205434		0.000187767		0.999477		
0.996605		0.00110492		0.00160929		0.000680314		
0.000152775		7.32853e-05		0.000195815		0.999578		
0.257168		0.110773		0.227194		0.404865		
0.000724007		0.000383132		0.996969		0.00192411		
0.999023		0.000450249		0.000341061		0.000185252		
0.998207		0.000897391		7.07035e-05		0.000824874		
0.377913		0.00832408		0.355716		0.258047		
0.259213		0.302936		0.305746		0.132105		
0.295093		0.244299		0.121285		0.339323		
0.645833		0.0793011		0.145161		0.129704		
0.264088		0.304101		0.333111		0.0986996		
0.996836		0.000325277		0.00198124		0.00085755		
0.000505377		0.000843105		0.996555		0.00209683		
0.000575113		0.000633119		0.998758		3.3955e-05		
0.000111321		0.00117622		0.0010523		0.99766		
0.000279276		8.10801e-05		0.997059		0.00258105		
0.000993603		0.000592147		0.000586125		0.997828		
0.0834225		0.249733		0.283957		0.382888		
0.000550073		0.000387552		0.000605344		0.998457		
0.000774415		0.997508		0.000758541		0.000959231		
0.0982091		0.270364		0.20104		0.430387		
0.166364		0.144545		0.269545		0.419545		
0.00227802		0.996344		0.00130325		7.49817e-05		
0.397783		0.0399113		0.276718		0.285588		
0.339734		0.172083		0.0864106		0.401773		
0.311164		0.269596		0.289786		0.129454		
0.000342697		0.997004		0.00102609		0.00162731		
0.0915493		0.381288		0.408451		0.118712		
0.000290846		0.00049465		0.000484035		0.99873		
0.996918		0.000840303		0.000934284		0.00130744		
0.000140644		0.998223		0.00089365		0.000743049		
7.4385e-05		6.42686e-05		0.000560565		0.999301		
0.208875		0.367253		0.130834		0.293037		
0.00134001		0.997031		0.0013635		0.00026524		
0.0214153		0.794227		0.150838		0.0335196		
0.291545		0.296793		0.232653		0.179009		
0.00142715		0.996621		0.000992273		0.000959485		
0.173913		0.0568562		0.632107		0.137124		
0.999918		2.02047e-06		5.38254e-05		2.61853e-05		
0.00188253		0.000680955		0.00129589		0.996141		
0.224079		0.309769		0.305484		0.160668		
0.000696072		0.00102603		0.998188		9.0399e-05		
0.999		0.000485792		0.000168306		0.000345902		
0.0012785		0.000982728		0.000477052		0.997262		
0.0019596		0.00146607		0.99632		0.000254022		
0.375218		0.179174		0.0267597		0.418848		
0.413556		0.298625		0.18664		0.101179		
0.00136094		0.0016011		0.000440303		0.996598		
0.252321		0.244957		0.233109		0.269613		
0.260912		0.225601		0.339872		0.173615		
0.996875		0.0013436		0.000484979		0.00129642		
0.45441		0.363231		0.0381566		0.144202		
0.000660618		0.998512		0.000343714		0.000483949		
0.401948		0.081452		0.269588		0.247012		
0.44		0.173333		0.314545		0.0721212		
0.00130148		0.996176		0.00108903		0.00143371		
0.0010357		0.000372468		0.998258		0.000334019		
3.84648e-05		0.000555991		0.997715		0.0016907		
0.343553		0.282234		0.341033		0.0331793		
0.00160981		0.99698		0.000909497		0.000500224		
0.00115104		0.997582		0.00122778		3.9151e-05		
0.426538		0.237472		0.15205		0.183941		
0.000658212		0.000649171		0.00171605		0.996977		
7.04669e-06		0.999883		1.9306e-05		9.08348e-05		
0.000746577		0.99891		0.000303616		3.96513e-05		
0.404428		0.357433		0.218256		0.0198825		
0.253561		0.0655271		0.330484		0.350427		
0.996223		0.00133984		0.00144727		0.000990234		
0.000511822		0.99823		0.000502459		0.00075525		
0.000761795		0.000530897		0.00137528		0.997332		
0.40723		0.0884146		0.142422		0.361934		
0.271084		0.292838		0.292503		0.143574		
0.111446		0.400602		0.393072		0.0948795		
0.306945		0.347274		0.130695		0.215086		
0.232796		0.101025		0.31918		0.346999		
0.117267		0.417359		0.202678		0.262696		
0.157276		0.312074		0.170898		0.359752		
0.256801		0.161171		0.377164		0.204864		
0.0942641		0.319698		0.431747		0.154291		
0.000417689		0.99682		0.0011306		0.00163139		
3.47344e-05		1.85903e-05		5.60503e-05		0.999891		
0.101311		0.353397		0.400477		0.144815		
0.220275		0.363788		0.178974		0.236963		
0.127881		0.359108		0.256506		0.256506		
0.19295		0.310297		0.182746		0.314007		
0.313682		0.122358		0.195773		0.368187		
0.000426603		0.997137		0.00122817		0.0012085		
0.997965		0.000706196		0.000174314		0.00115465		
0.169821		0.276892		0.459661		0.0936255		
0.187097		0.407834		0.196313		0.208756		
6.06578e-05		0.000170611		0.000139824		0.999629		
0.250691		0.306751		0.297276		0.145282		
0.000152341		0.000146189		9.60021e-05		0.999605		
0.153285		0.287916		0.261557		0.297242		
0.116185		0.379191		0.341618		0.163006		
0.00107269		0.998137		0.000162078		0.000628517		
0.000247702		0.000975838		0.000581147		0.998195		
0.191212		0.0598047		0.373474		0.375509		
0.10927		0.428276		0.420508		0.0419472		
0.575379		0.0513496		0.190915		0.182357		
0.527902		0.122768		0.148438		0.200893		
0.127287		0.22538		0.322304		0.325029		
0.29736		0.453451		0.0829088		0.166281		
0.00122323		0.000552818		0.998082		0.000141922		
0.997578		0.00101043		8.36763e-05		0.00132777		
0.000106515		8.56589e-05		0.000319545		0.999488		
0.000515222		0.998512		0.000883238		8.98208e-05		
0.00048222		0.00178585		0.996504		0.00122803		
0.997531		0.000761875		0.000871554		0.000835321		
0.26774		0.346745		0.380395		0.0051207		
0.14783		0.357494		0.148649		0.346028		
0.233398		0.305664		0.0415039		0.419434		
0.00141667		0.000678819		0.00122483		0.99668		
0.000660453		0.99734		0.000846969		0.00115273		
0.000179106		0.000709791		0.000700946		0.99841		
0.00014421		0.999367		0.000345051		0.000143552		
0.000392075		0.0022675		0.00015683		0.997184		
0.0524635		0.399179		0.247263		0.301095		
0.0424495		0.641614		0		0.315936		
0.00152657		6.87816e-05		0.00086168		0.997543		
0.260153		0.167433		0.250192		0.322222		
0.00143235		0.996594		0.00100574		0.000968162		
0.00152852		0.00122631		0.996613		0.000631888		
0.0275229		0.761468		0.132611		0.0783987		
0.998004		0.00149873		0.000311682		0.000185683		
0.125177		0.378359		0.349364		0.1471		
0.000194143		9.65885e-06		0.999426		0.000370417		
0.00231751		0.000107682		0.99677		0.000805276		
0.210176		0.371429		0.0571429		0.361252		
0.244783		0.296148		0.323435		0.135634		
7.69284e-05		5.71531e-05		0.999684		0.000182325		
0.294438		0.0186698		0.334889		0.352003		
0.00075552		0.997598		5.91882e-05		0.00158764		
0.18		0.251		0.2355		0.3335		
0.000364295		0.998355		0.000735529		0.000544708		
0.999848		7.18063e-05		9.03224e-06		7.15052e-05		
0.00128045		0.997129		0.00114984		0.00044081		
0.00108689		0.000565064		0.00127773		0.99707		
0.281429		0.331648		0.154702		0.232221		
0.000466797		0.998133		0.000593179		0.000807212		
0.0732177		0.278099		0.164419		0.484265		
0.398305		0.059322		0.423729		0.118644		
0.000301343		0.998824		0.000323924		0.000550515		
0.203938		0.120956		0.331927		0.343179		
0.173913		0.0434783		0.760474		0.0221344		
0.298643		0.459276		0.133484		0.108597		
0.00025842		0.997488		0.00125428		0.000999015		
0.69844		0.059792		0.238302		0.0034662		
0.999094		0.000226563		0.000477751		0.000201936		
0.00171522		3.89823e-06		0.00112854		0.997152		
0.998766		0.000412967		0.00035814		0.000463268		
0.996652		0.00112759		0.000762268		0.00145779		
0.000223524		0.999598		6.99021e-05		0.000108917		
0.368161		0.350473		0.267791		0.0135747		
0.369275		0.15124		0.416031		0.0634542		
0.999117		0.000305371		0.000341187		0.000236254		
0.192744		0.225246		0.497354		0.0846561		
0.00235972		0.000179014		8.13698e-06		0.997453		
0.000402991		0.00104071		0.000876609		0.99768		
0.283305		0.255762		0.304666		0.156268		
0.231844		0.229609		0.180447		0.358101		
0.99684		0.00044035		0.00101021		0.00170959		
0.999508		8.0697e-05		0.000249136		0.000162355		
0.111253		0.326087		0.485294		0.0773657		
0.399413		0.260687		0.339899		0		
0.135922		0.277466		0.386817		0.199796		
0.000403833		0.00046514		0.997965		0.00116618		
0.996465		0.00100913		0.00121351		0.00131251		
3.27076e-05		0.999953		8.61416e-06		5.55329e-06		
0.996266		0.00174983		0.00159394		0.000390603		
0.000112401		0.000232196		0.998977		0.000678841		
0.998176		0.000813826		0.000708194		0.000302199		
0.00110345		0.000810558		0.000472712		0.997613		
0.000239935		0.000383486		0.000107048		0.99927		
0.386139		0.0934137		0.13474		0.385708		
0.340534		0.0368488		0.47141		0.151207		
0.342737		0.266108		0.117042		0.274114		
0.000294288		0.000272382		0.999246		0.000187237		
0.202068		0.17234		0.429987		0.195605		
0.240747		0.132767		0.297114		0.329372		
0.996984		0.000715771		0.000123206		0.00217665		
6.51185e-05		0.999691		0.00014802		9.54548e-05		
0.424404		0.211959		0.159942		0.203695		
6.98951e-05		6.6166e-05		0.99984		2.40951e-05		
0.369775		0.378349		0.0375134		0.214362		
0.473684		0.361905		0.129323		0.0350877		
0.000946697		0.000374454		0.000163224		0.998516		
0.348419		0.401854		0.0916031		0.158124		
0.997641		0.0010623		0.00127824		1.88402e-05		
0.00147403		0.000859852		0.99623		0.00143565		
0.997973		0.000334646		0.000992985		0.000699713		
0.382391		0.081571		0.114372		0.421666		
0.00321802		0.201126		0.393805		0.40185		
0.0702677		0.138623		0.431644		0.359465		
0.000495853		0.000275875		0.997512		0.00171655		
0.175225		0.48267		0.278562		0.063543		
0.413824		0.165707		0.194949		0.225521		
0.000262482		0.000751913		0.000259043		0.998727		
0.116158		0.152643		0.176471		0.554728		
0.354865		0.261607		0.326605		0.0569237		
0.440687		0.425721		0.078714		0.054878		
0.998379		0.000645819		0.000373819		0.000601456		
2.85515e-05		0.000162585		0.00075027		0.999059		
0.208955		0.459316		0.320173		0.0115551		
0.000552381		0.996598		0.00247637		0.000373591		
0.300694		0.258262		0.0803754		0.360669		
0.295173		0.143528		0.365229		0.19607		
0.00088542		0.997098		0.000651399		0.00136552		
0.174359		0.0700855		0.531624		0.223932		
0.00166381		0.000997715		0.996535		0.000803318		
0.473163		0.108911		0.357999		0.059927		
0.99875		0.000181548		0.000715278		0.000353175		
0.271785		0.383891		0.0277909		0.316533		
0.000125916		0.00163264		0.996961		0.0012805		
0.000232048		0.997273		0.00236336		0.000131157		
0.00049583		0.998883		0.000110692		0.000510665		
0.000459902		0.997414		0.000657578		0.00146846		
6.71704e-05		1.53598e-05		5.02823e-05		0.999867		
0.254212		0.160073		0.30989		0.275824		
0.000309315		0.000968289		0.000464583		0.998258		
0.00137619		0.00146251		0.996703		0.000458176		
0.125122		0.179863		0.0361681		0.658847		
0.163156		0.180188		0.320484		0.336172		
0.99768		0.00105541		0.000231871		0.00103303		
0.276613		0.605645		0.00322581		0.114516		
0.00142258		0.000513898		0.997621		0.000442429		
0.676796		0.00759669		0.0697514		0.245856		
0.00208167		0.997512		0.000127866		0.000278749		
0.997012		0.00155839		0.000981512		0.000448379		
0.534623		0.101061		0.0199626		0.344354		
0.162888		0.291352		0.127204		0.418556		
2.13402e-05		0.999711		0.000174408		9.33148e-05		
0		1		0		0		
0.999844		9.12757e-05		1.43878e-05		5.05865e-05		
0.745923		0.0583691		0.128755		0.0669528		
0.000492859		0.000919007		0.997914		0.000674071		
0.172698		0.193651		0.142857		0.490794		
0.000238173		0.000127383		0.000118819		0.999516		
0.000784836		0.000721678		0.000309892		0.998184		
0.999941		2.39522e-05		2.49985e-05		9.64308e-06		
0.25909		0.248586		0.238082		0.254242		
0.0745429		0.291139		0.432255		0.202063		
0.143836		0.54501		0.0459883		0.265166		
0.00178817		0.00082144		0.00105055		0.99634		
0.00108149		0.000545326		0.997168		0.00120522		
0.000243417		0.999199		0.000200376		0.000356988		
0.260039		0.306452		0.121132		0.312377		
0.224458		0.294892		0.142415		0.338235		
0.997723		0.000912546		0.00104521		0.000319592		
0.000561781		0.000290576		0.000370299		0.998777		
0.0011272		0.000431031		0.997082		0.00135973		
8.26763e-05		1.27194e-06		0.999176		0.000740271		
0.373087		0.329149		0.0294233		0.268341		
0.216216		0.137669		0.255912		0.390203		
0.000681474		0.000178481		0.00100723		0.998133		
0.457128		0.157025		0.0594008		0.326446		
0.496725		0.157751		0.138646		0.206878		
0.99784		0.000958696		0.000547344		0.000654116		
0.000230009		0.998727		0.00041809		0.000625338		
0.000467041		9.8438e-05		0.998801		0.000633739		
0.209581		0.515719		0.151198		0.123503		
0.237631		0.111694		0.215892		0.434783		
0.000727949		0.00112456		0.000268588		0.997879		
0.000869606		0.996348		0.000756557		0.00202618		
0.381898		0.227471		0.144105		0.246526		
0.00881612		0.0692695		0.56738		0.354534		
0.000714958		0.99632		0.00176669		0.00119804		
0.000311382		0.000273829		0.998906		0.000508539		
0.211115		0.14673		0.333785		0.30837		
0.000377869		0.00105498		0.00105934		0.997508		
0.000434246		0.000780171		0.996695		0.00209027		
0.293227		0.117291		0.251986		0.337495		
0.135819		0.301376		0.146471		0.416334		
0.304724		0.0656682		0.416475		0.213134		
0.267087		0.37224		0.185068		0.175605		
0.996582		0.000412435		0.00162467		0.00138086		
0.295337		0.131261		0.414508		0.158895		
0.000380875		0.000500205		0.998566		0.000552514		
0.000157459		0.000101586		0.997488		0.00225267		
0.00118224		0.99702		0.0011918		0.000606424		
0.000608762		0.00252775		0.000605672		0.996258		
0.996969		0.000625565		0.00122951		0.00117618		
0.000795344		0.00133788		0.000417556		0.997449		
0.000632413		0.00132323		0.997676		0.000368572		
0.298392		0.16528		0.449806		0.0865225		
0.000804486		0.000453437		0.998125		0.000617077		
9.68409e-05		7.26893e-05		0.999828		2.34482e-06		
0.385142		0.438905		0.0175953		0.158358		
0.00062025		0.000129909		0.00123031		0.99802		
0.0692213		0.309642		0.219407		0.401731		
0.296508		0.0904408		0.412707		0.200343		
0.0027152		1.2286e-05		0.996277		0.000995166		
0.09686		0.459287		0.330495		0.113358		
0.00229152		0.000349317		0.996598		0.00076151		
0.452648		0.287169		0.238798		0.0213849		
0.00240767		0.996211		0.000433239		0.000948153		
0.00117558		0.000995238		0.996707		0.00112215		
0.113602		0.307175		0.329596		0.249626		
0.160279		0.348432		0.380565		0.110724		
0.998785		0.000370764		0.000493947		0.000350132		
0.229769		0.350795		0.0733382		0.346098		
0.511614		0.0464576		0.197445		0.244483		
0.000649157		0.997414		0.00126929		0.000667487		
0.257254		0.380251		0.114335		0.248159		
0.997984		0.00160628		3.10893e-05		0.000378254		
0.00185123		0.000531341		0.997543		7.44555e-05		
0.125087		0.340514		0.328006		0.206393		
0.388041		0.00915192		0.420378		0.182428		
0.165457		0.188679		0.583454		0.0624093		
0.00145748		0.000618869		0.000392399		0.997531		
0.000556713		0.999191		0.000126656		0.000125225		
0.999699		4.74918e-05		0.000242055		1.12346e-05		
0.00178533		0.00168753		0.996516		1.15059e-05		
0.000290287		0.000261416		0.000147516		0.999301		
0.000864053		0.997117		0.00146316		0.000555604		
0.172854		0.487239		0.0916473		0.24826		
0.998699		0.000468156		1.78046e-05		0.000814821		
0.0302439		0.316585		0.311707		0.341463		
0.000875192		0.00110626		0.997973		4.58962e-05		
0.265177		0.149721		0.286406		0.298696		
0.215177		0.56341		0.0426195		0.178794		
0.422948		0.158425		0.298128		0.120499		
8.87603e-05		0.000925259		0.997789		0.00119692		
0.229541		0.0558882		0.0984697		0.616101		
1.56034e-05		0.000526056		0.000263028		0.999195		
0.460465		0.111628		0.242791		0.185116		
0.149264		0.157517		0.348403		0.344815		
0.000486871		0.00118013		0.000883777		0.997449		
0.00144709		0.997254		0.00028117		0.00101784		
0.000618731		0.997461		0.000788505		0.00113183		
0.270261		0.261105		0.201763		0.26687		
0.000138479		0.999543		0.000151488		0.000167065		
0.000399251		0.999223		0.000123271		0.000254822		
0.246124		0.233721		0.197674		0.322481		
0.00654253		0.188727		0.471062		0.333669		
0.998234		0.000600582		0.000691235		0.000473808		
0.237818		0.336943		0.40858		0.0166597		
0.00057957		0.99691		0.00165617		0.000854103		
0.00127691		0.000692718		0.99723		0.000799908		
3.59581e-05		5.06453e-06		0.999895		6.44461e-05		
2.82562e-06		0.000109257		0.999781		0.000106667		
0.000539096		0.996289		0.0014879		0.00168394		
0.0573144		0.0010917		0.51583		0.425764		
0.187278		0.202847		0.439057		0.170819		
0.215938		0.142674		0.413882		0.227506		
0.258925		0.397419		0.268817		0.0748387		
1.68949e-05		6.11466e-05		0.999863		5.86773e-05		
0.0012435		0.000870064		0.996801		0.00108566		
0.0238984		0.590739		0.154593		0.230769		
0.997406		0.00209623		0.000161418		0.000336104		
0.998473		0.000423383		0.000561307		0.000542654		
0.997973		0.00111555		0.000102613		0.000809178		
0.131846		0.309533		0.354564		0.204057		
0.00113703		0.996469		0.0020827		0.000311515		
0.0949981		0.273362		0.284994		0.346646		
0.39511		0.0224939		0.312469		0.269927		
6.89204e-05		0.99848		0.000766329		0.000684281		
0.000594344		0.000190297		0.00010989		0.999105		
0.000197155		0.000949097		0.000845935		0.998008		
0.000840753		0.997258		0.00119012		0.00071131		
0.999246		0.000311048		0.000132361		0.000310497		
0.997367		2.45239e-05		0.00125597		0.00135232		
0.199505		0.174752		0.307921		0.317822		
0.287491		0.235552		0.182516		0.29444		
0.126977		0.0833733		0.326306		0.463345		
0.00172108		0.000191231		0.997258		0.000829873		
0.997383		0.00125259		0.000219282		0.00114532		
7.76359e-05		0.00032733		0.000192691		0.999402		
0.325364		0.112536		0.156268		0.405831		
0.000321171		0.999535		0.000133908		9.76416e-06		
0.997254		0.000838165		0.000887793		0.00102014		
0.000300641		0.999477		7.13255e-05		0.000151471		
0.135454		0.433556		0.2196		0.21139		
0.000859624		0.000678781		0.00125847		0.997203		
0.00012407		0.000250992		0.998742		0.00088275		
0.000294804		0.999203		0.000207939		0.000294133		
0.340557		0.340901		0.115239		0.203302		
0.000239887		0.0023048		0.99659		0.000865474		
0.999008		0.000182087		0.000528609		0.000281491		
0.0475015		0.167181		0.306601		0.478717		
0.237641		0.139477		0.313206		0.309675		
0.104148		0.438658		0.174757		0.282436		
0.000196247		0.000439849		0.000106092		0.999258		
2.27883e-05		2.02802e-05		2.33377e-05		0.999934		
0.000188046		0.000505869		0.998445		0.000860772		
0.038525		0.0566868		0.495322		0.409466		
0.0634993		0.444495		0.3746		0.117405		
0.0122783		0.393588		0.452251		0.141883		
0.260819		0.307602		0.0994152		0.332164		
0.00148416		0.000442261		0.996512		0.00156186		
0.121827		0.35533		0.0690355		0.453807		
0.0810023		0.526224		0.255828		0.136946		
0.997742		0.000723206		0.00105205		0.000482557		
0.00073542		0.00102231		0.997012		0.00123055		
0.37441		0.177329		0.398025		0.0502362		
9.31291e-06		6.72599e-05		2.10834e-05		0.999902		
0.000914562		0.00126227		0.996324		0.00149895		
3.48124e-05		2.95548e-05		9.85159e-06		0.999926		
0.00137767		0.000995215		0.996238		0.00138883		
0.306425		0.0142779		0.501373		0.177924		
0.998508		0.00112253		0.000247567		0.000122088		
0.318489		0.219973		0.194332		0.267206		
0.996375		0.000952567		0.00155263		0.0011198		
0.170937		0.284463		0.271489		0.273111		
0.278567		0.187627		0.241379		0.292427		
0.00169406		9.86415e-05		0.997109		0.00109792		
0.000673945		0.997152		0.00135264		0.000821074		
0.332482		0.308216		0.0570456		0.302256		
0.000778856		0.997207		0.00112777		0.000886342		
0.000195256		0.00100251		0.997969		0.000833483		
0.137435		0.0680628		0.57199		0.222513		
0		0.998938		0.000758317		0.000304183		
0.997504		0.00123876		0.000650347		0.000606991		
0.999492		0.000156694		6.21449e-05		0.000288974		
0.339698		0.176884		0.278894		0.204523		
0.125		0.0223214		0.448909		0.40377		
0.0912892		0.352613		0.275261		0.280836		
0.287418		0.291266		0.328588		0.092728		
0.000517932		0.996586		0.000815207		0.00208092		
0.259604		0.0186263		0.460419		0.26135		
0.0012598		0.996797		0.000748128		0.0011952		
0.471299		0.137462		0.296828		0.0944109		
0.428776		0.247737		0.0323964		0.291091		
0.0834505		0.383029		0.0993905		0.43413		
0.303152		0.223612		0.154577		0.318659		
0.0678934		0.425127		0.153553		0.353426		
0.000281338		0.000669949		0.998383		0.000665901		
0.321689		0.0881126		0.203337		0.386861		
0.000442249		0.00105099		0.997492		0.00101457		
0.249758		0.25717		0.229133		0.263938		
0.998004		6.60531e-05		0.00154983		0.000380208		
0.138493		0.0984386		0.342838		0.420231		
0.348302		0.230943		0.0735849		0.34717		
0.00123413		0.00100593		0.997203		0.000556819		
0.317823		0.359227		0.0899054		0.233044		
3.5323e-05		5.46983e-05		0.999898		1.15412e-05		
0.000133297		0.000143504		0.000410699		0.999313		
0.453715		0.184531		0.349574		0.0121803		
0.320952		0.392321		0.0838898		0.202838		
0.000669396		0.99657		0.00134655		0.00141374		
0.000171428		0.00010499		0.999605		0.000118113		
0.000454861		0.000284613		0.998977		0.000283963		
4.8651e-05		0.999883		9.63913e-06		5.88973e-05		
0.999426		0.000140941		0.000183599		0.000249679		
0.161264		0.339352		0.231432		0.267952		
0.000194596		0.000145825		9.31729e-05		0.999566		
0.00113313		0.000116646		0.00166429		0.997086		
0.67546		0.0591527		0.0103917		0.254996		
0.0752284		0.240193		0.341214		0.343364		
0.488454		0.0391566		0.398092		0.0742972		
0.529989		0.0354417		0.0676118		0.366957		
0.000410869		0.000361227		0.000399779		0.998828		
0.000264951		0.999473		8.1589e-05		0.000180804		
0.310811		0.00043592		0.348736		0.340017		
0.200161		0.335755		0.106538		0.357546		
0.122022		0.341662		0.140035		0.396281		
0.162334		0.0838196		0.310875		0.442971		
0.000530262		0.998387		0.00018211		0.000900909		
0.000647785		0.996785		0.0019554		0.000611663		
0.000255574		0.00146455		0.00145566		0.996824		
0.423674		0.241028		0.334226		0.00107124		
0.20074		0.0333025		0.281221		0.484736		
6.87e-06		0.00089997		3.8472e-05		0.999055		
0.000376392		0.999309		0.000158861		0.000156153		
0.999359		0.000342186		0.000142939		0.0001555		
0.514301		0.00728029		0.409776		0.0686427		
0.313115		0.054918		0.229508		0.402459		
5.31193e-05		0.000352589		0.999156		0.000438042		
0.000468606		0.998184		0.000739356		0.000608444		
0.998648		0.000293865		0.000932373		0.000125325		
0.290667		0.253867		0.170667		0.2848		
4.51648e-06		0.000358445		0.999574		6.28202e-05		
0.49308		0.0155709		0.0801615		0.411188		
0.00173167		0.000820262		0.996293		0.0011551		
0.000380367		0.998406		0.000126789		0.00108659		
0.516232		0.0180947		0.191591		0.274082		
0.000117762		0.99734		0.00166128		0.000881111		
0.99741		0.000912059		0.000801618		0.000876166		
0.400171		0.171013		0.0342027		0.394613		
0.405069		0.241989		0.0626495		0.290292		
0.000193989		0.000821986		0.998234		0.000749651		
0.0586042		0.293554		0.226425		0.421417		
0.000374349		0.998117		0.000907695		0.000600769		
0.996512		0.00120841		0.000757271		0.0015226		
0.456546		0.383183		0.155756		0.00451467		
0.000946788		0.000251528		0.000391529		0.99841		
0.585514		0.222763		0.1479		0.0438223		
0.999922		9.25988e-06		3.56213e-05		3.32438e-05		
0.000884845		7.28268e-06		0.997047		0.002061		
0.211409		0.377517		0.10962		0.301454		
0.000453961		0.000431635		0.000958155		0.998156		
0.000308024		0.996891		0.000457873		0.00234348		
0.104		0.476		0.192571		0.227429		
0.99925		1.58228e-06		0.000237342		0.000511076		
0.225205		0.158837		0.59135		0.0246085		
0.996137		0.00163739		0.00140892		0.000816966		
0.213062		0.528373		0.154711		0.103854		
0.998582		0.00014487		4.68266e-05		0.00122627		
0.167118		0.266034		0.15402		0.412827		
0.51982		0.16006		0.100972		0.219147		
0.234899		0.14698		0.302685		0.315436		
0.310526		0.0898496		0.355263		0.244361		
0.000381652		0.99866		0.000802102		0.00015609		
0.18903		0.267385		0.167483		0.376102		
0.00144648		0.996512		0.00129845		0.000743351		
1.15388e-05		0.999914		4.3017e-05		3.13817e-05		
0.0576541		0.234592		0.32167		0.386083		
0.000207144		0.00203551		0.00156204		0.996195		
0.000509704		0.00116558		0.997918		0.000406746		
0.00116747		0.000273626		0.99777		0.00078937		
0.00165961		0.00052438		0.996625		0.00119101		
8.65774e-05		7.11985e-05		0.000475037		0.999367		
0.99975		5.27497e-05		6.52357e-05		0.000132015		
0.00202292		0.000447917		0.000497917		0.997031		
0.99702		8.2433e-05		0.00161517		0.00128286		
3.01354e-05		0.000291605		0.999348		0.000330604		
0.000699164		0.000434783		0.000643396		0.998223		
0.999414		0.000418227		8.3225e-05		8.4486e-05		
1.50336e-05		0.000627313		0.998375		0.000982653		
0.000378359		0.997578		0.000221022		0.00182249		
2.82303e-06		1.27153e-05		1.18054e-05		0.999973		
0.000202254		0.000617442		5.13979e-05		0.999129		
0.998938		0.000529011		0.000449519		8.397e-05		
0.997996		0.000794707		0.000613766		0.000595433		
0.000223398		2.56533e-05		0.999652		9.8605e-05		
0.0014485		0.0003175		0.000741809		0.997492		
0.99807		5.36024e-05		0.00108051		0.000795573		
0.999742		5.16141e-05		0.000149423		5.67755e-05		
0.00063418		0.00173255		0.997629		4.35863e-06		
0.99959		0.000179303		7.17213e-05		0.000159132		
5.32042e-05		0.000102679		7.45854e-05		0.99977		
0.000609265		0.00121447		0.000777829		0.997398		
0.000225062		5.07832e-06		0.000222985		0.999547		
0.000298595		0.000865372		0.000293065		0.998543		
0.00166991		0.996102		0.000347405		0.00188112		
0.996203		0.00167972		0.00166223		0.000454925		
0.000500325		0.000212985		0.000149971		0.999137		
0.000226964		0.998594		0.000682745		0.000496542		
0.000494971		0.99843		0.000655314		0.000420028		
0.000117921		0.998531		0.000527487		0.000823342		
0.997434		0.000554135		0.000478077		0.00153419		
5.81025e-05		0.000282766		0.996766		0.00289351		
0.000562358		0.998586		0.000491772		0.000359933		
3.2688e-05		5.3381e-05		0.999875		3.8931e-05		
0.000553307		0.998977		0.00024501		0.00022512		
0.00161563		0.99798		0.000360631		4.32757e-05		
0.996398		0.00144943		0.000928633		0.0012235		
0.000910893		0.00187347		0.996871		0.000344546		
0.00138605		0.000638094		0.996609		0.00136648		
0.000205139		0.00144712		0.00149618		0.996852		
0.998223		0.000685547		0.000675391		0.000416406		
0.000700215		0.000430673		0.00051755		0.998352		
0.000297733		0.00143057		0.997785		0.000486539		
0.999309		0.000406321		2.94088e-05		0.000255676		
0.000202883		0.00146205		0.00026085		0.998074		
0.997043		2.89621e-06		0.00205341		0.000900722		
0.00148476		0.000674034		0.00038808		0.997453		
0.00108185		0.996687		0.00171589		0.000514766		
0.00114164		0.00104466		0.000149633		0.997664		
0.00078875		0.998207		0.000210593		0.000793625		
6.25701e-05		0.998918		0.0010022		1.72607e-05		
0.997227		0.000443509		0.00156934		0.000760588		
0.999523		0.000173315		0.000216045		8.72027e-05		
0.997371		0.00076027		0.00154479		0.000323851		
0.00135912		0.00132985		4.93106e-05		0.997262		
0.997543		0.00180279		0.000367101		0.000287138		
0.000330655		0.000358258		0.000404837		0.998906		
6.52601e-05		0.999785		9.15747e-05		5.8009e-05		
0.000617358		0.998738		9.57335e-05		0.000548627		
0.00121652		0.000243684		0.000348392		0.998191		
8.22192e-06		0.000527377		0.000147995		0.999316		
0.000160437		0.000540356		8.827e-05		0.999211		
0.0023081		0.000311205		0.996246		0.0011346		
2.26213e-05		0.00113107		0.000483032		0.998363		
0.000258114		0.998539		0.000727544		0.00047528		
0.998176		0.00122348		0.000111655		0.000489079		
0.999023		0.000169527		0.000284207		0.000522828		
0.00082783		0.00111173		0.000591686		0.997469		
4.30622e-05		0.00017504		0.99975		3.18979e-05		
0.000395963		0.997148		0.00116754		0.00128805		
0.999777		8.9313e-05		9.53828e-05		3.79604e-05		
3.99314e-05		0.000123463		0.999703		0.000133481		
0.000186864		0.99927		0.000186864		0.000356741		
0.998621		0.000304932		0.000834248		0.000239726		
0.00021056		0.999289		0.000282179		0.000218199		
8.66377e-05		0.0012393		0.000943598		0.99773		
0.00146419		0.996824		0.00124479		0.000466798		
0.000768874		0.000899392		0.000671578		0.99766		
0.996582		0.00101705		0.000752668		0.00164825		
0.0014589		0.997328		0.000272505		0.000940473		
0.000431891		0.000402759		0.998484		0.000680975		
0.997246		0.00123569		0.000212713		0.00130551		
0.00178601		0.00060828		0.00074633		0.996859		
0.000856447		0.997574		0.00109694		0.000472395		
0.00140873		0.000285167		0.99793		0.00037642		
0.997488		0.000856891		0.000726644		0.000928184		
0.999934		6.45616e-06		1.60482e-05		4.39019e-05		
0.99932		0.000304566		0.000111125		0.000263996		
0.000359691		0.998547		0.000663993		0.000429441		
0.000607836		0.998047		0.00070042		0.000644869		
0.997543		0.000396546		0.00156286		0.000497627		
0.000286473		0.998652		0.000899464		0.000161719		
0.000592158		0.000181604		0.998797		0.000429363		
0.000407351		0.00186034		0.996324		0.00140809		
0.00282194		4.34144e-05		0.000369023		0.996766		
0.00106322		0.000507762		0.00080011		0.997629		
0.000337584		0.997984		0.000418275		0.00125977		
0.000928256		0.997973		0.00075022		0.000348868		
0.00166677		0.00158173		9.52442e-05		0.996656		
0.000346499		4.1956e-05		4.12326e-05		0.99957		
0.000723176		0.000850627		0.997848		0.000578541		
0.997289		0.0006859		0.00127807		0.000746963		
0.000194645		0.000118716		0.999453		0.000233514		
0.000899234		0.000654256		0.00082151		0.997625		
0.00172656		0.00068292		0.997156		0.000434267		
0.000508648		0.998949		0.000536552		5.58078e-06		
0.00188114		0.00151715		0.996309		0.000293122		
0.00147503		0.996605		0.001156		0.000763501		
6.32603e-05		0.00226472		0.997543		0.000129051		
0.99641		0.00134542		0.00157171		0.00067271		
0.999375		0.00021799		0.000228889		0.000178121		
0.00107531		7.69117e-05		0.00123059		0.997617		
0.997379		0.00152043		0.000708984		0.000391677		
0.998227		0.000590596		0.000518009		0.000664833		
0.998746		0.000502527		0.000435009		0.00031637		
0.000228844		0.000598173		0.998707		0.000465952		
0.99773		0.000784371		0.000970819		0.000514341		
4.10522e-05		0.999871		4.82392e-05		3.96148e-05		
0.000496943		0.998023		0.000334409		0.00114521		
0.996324		0.000428547		0.00170535		0.00154188		
3.2474e-05		9.66667e-05		0.999773		9.74219e-05		
7.98156e-06		6.79812e-06		0.999984		8.45316e-07		
0.0013491		0.000693589		0.0011995		0.996758		
0.000758304		0.997836		0.00106692		0.000338843		
0.997578		0.000783731		0.000120574		0.00151757		
0.000337682		0.000401979		0.000205652		0.999055		
0.00099845		0.00105718		0.000741243		0.997203		
1.69424e-05		0.99993		2.83556e-05		2.50145e-05		
0.00101278		0.997215		0.00107061		0.000701759		
0.00132576		0.000467242		0.00110934		0.997098		
0.996309		0.000551098		6.1761e-05		0.00307855		
0.00112809		0.00104823		0.997102		0.000722114		
0.000100513		0.99932		0.000529732		4.94417e-05		
0.000614885		0.998023		0.000641267		0.00072041		
0.000232798		0.0015608		0.997746		0.000460305		
0.998133		0.000152857		0.000781268		0.000933063		
8.36272e-05		0.000834392		0.998484		0.000597605		
0.000507114		0.998617		0.000257267		0.000618431		
1.29261e-05		0.000238139		0.999699		4.97159e-05		
0.000846866		0.00129132		0.000979001		0.996883		
0.00038272		0.997355		0.000981896		0.00127992		
0.00268176		0.000124871		0.996391		0.000802744		
0.000262295		0.000253664		4.65411e-05		0.999437		
0.000179343		0.998406		5.91647e-05		0.00135524		
0.999574		0.0001539		0.000152851		0.00011903		
0.00101039		0.997461		0.000355992		0.00117268		
0.000160291		0.000646393		4.87844e-05		0.999145		
0.996793		0.00117316		0.00194937		8.4499e-05		
0.998727		0.000915378		0.00026905		8.90091e-05		
0.00152651		0.996535		0.000840129		0.00109821		
0.00155894		0.996758		0.000278862		0.00140439		
0.000478482		0.000871623		0.000927238		0.997723		
0.000605774		0.0001829		0.00126992		0.997941		
0.998422		0.000591707		0.000461331		0.000525087		
0.998426		8.59223e-05		0.00097174		0.000516557		
0.000323763		0.00049675		0.999066		0.000113081		
0.000295781		0.00136657		0.000267341		0.99807		
0.000155291		0.00190556		0.00163056		0.996309		
0.000382653		0.999262		0.000335262		2.03664e-05		
0.000629027		0.00047112		0.998613		0.000286571		
0.999195		0.000420966		0.00036905		1.46717e-05		
0.999164		0.000515311		0.000210427		0.000110199		
0.998992		0.000565848		0.000267857		0.000174107		
0.000411309		0.996215		0.00207322		0.00130063		
0.997156		0.00142499		0.000940993		0.000477767		
0.000436837		0.00141348		0.997426		0.000723902		
5.90679e-05		0.00100556		0.998297		0.000638496		
0.000282426		0.999488		0.000124453		0.00010484		
0.000537659		0.000989053		0.00150063		0.996973		
0.000545246		0.000692279		0.000922631		0.99784		
0.00114941		0.997723		0.000210935		0.000917		
0.996871		0.000720311		0.00106041		0.00134819		
0.999445		0.000193296		0.000214081		0.00014731		
0.998266		0.000765713		0.000444007		0.000524655		
3.51291e-05		7.08318e-05		0.999855		3.85703e-05		
0.000126081		0.998293		0.000729289		0.000851661		
0.000334839		0.998191		0.00105781		0.000415942		
0.99791		0.000603224		0.00139942		8.71959e-05		
7.26211e-05		0.998121		0.00128473		0.000521552		
0.00029022		0.999145		4.95692e-05		0.00051568		
0.000902602		0.000388738		0.0011735		0.997535		
2.09636e-05		8.30727e-07		4.07056e-05		0.999938		
0.000425709		0.000859246		0.99816		0.000554889		
0.000915044		0.000427614		0.997578		0.00107922		
0.000816821		0.000584303		0.000505126		0.998094		
0.00181942		0.00153095		7.54162e-05		0.996574		
0.00117132		0.00154409		0.000518962		0.996766		
0.000631968		3.99739e-05		0.000402277		0.998926		
0.00124874		0.00171657		0.996512		0.000522975		
0.000254435		0.000674575		0.998059		0.0010124		
0.00168127		0.000432482		0.00158937		0.996297		
0.00132477		0.996867		0.00103743		0.000770608		
0.99784		0.000870996		0.000508081		0.00078108		
4.47406e-05		5.80842e-05		0.999332		0.000565144		
0.000307525		0.999371		0.000253793		6.7588e-05		
0.998699		0.000487416		0.000480877		0.000332489		
0.000870006		0.000726965		0.000211623		0.998191		
0.996391		0.000213458		0.00127104		0.00212487		
0.00106648		0.00110237		0.00129208		0.996539		
0.000854876		0.997625		0.00146261		5.75098e-05		
0.000216763		0.000496686		0.999027		0.000259207		
0.00191273		0.996953		0.000805143		0.000329005		
0.000843269		0.00102147		0.00131104		0.996824		
0.00257295		0.000802428		6.21235e-05		0.996563		
0.996156		0.00194226		0.000594483		0.001307		
0.000163778		3.31342e-05		0.999195		0.000607776		
0.00177904		0.996207		0.00162501		0.000388924		
0.00261117		0.000208455		0.000477251		0.996703		
0.00144485		0.00021133		0.997117		0.00122663		
0.00146343		0.000995388		0.996836		0.000705243		
0.998563		0.000786165		0.000351596		0.000299738		
0.000997085		0.000300855		0.000791904		0.99791		
5.88375e-05		0.00108036		0.00106784		0.997793		
0.99884		5.28411e-05		0.000346403		0.000760912		
3.57507e-05		0.000898534		0.000710247		0.998355		
0.999523		4.53396e-05		0.00026939		0.000161833		
2.4874e-06		7.29202e-05		6.91236e-05		0.999855		
0.996266		0.000579384		0.00154844		0.00160655		
0.99868		0.000399474		0.000559263		0.000361575		
0.000971146		0.998203		0.00059184		0.000233889		
0.00160873		0.00117712		0.000136023		0.997078		
0.000854537		0.000445515		0.000313229		0.998387		
0.000718998		0.99848		0.000305759		0.000494774		
0.00105021		0.000864406		0.997391		0.000694756		
0.00066296		0.000835713		0.000970077		0.997531		
0.00105429		0.998012		0.000217616		0.000716376		
0.000738005		0.00106921		0.00101701		0.997176		
0.000575518		0.00134447		0.996504		0.00157611		
