0.312268		0.222635		0.216853		0.248245		
0.998348		0.000358654		0.000624676		0.000669013		
0.129889		0.566052		0.2369		0.0671587		
0.99916		0.000359102		0.000105647		0.000375095		
0.256314		0.316382		0.138225		0.289078		
0.000893049		0.00113553		0.996684		0.00128782		
0.998852		0.000769461		5.67231e-05		0.000322253		
7.88378e-05		0.000385208		0.99918		0.000356267		
0.00136087		0.000374345		0.998137		0.000128065		
0.0217155		0.296417		0.156895		0.524973		
0.269019		0.120728		0.277839		0.332415		
0.101525		0.307177		0.249535		0.341763		
0.99625		0.000170997		0.00139183		0.00218717		
0.240901		0.289019		0.305367		0.164713		
0.000246016		0.996141		0.000607352		0.00300601		
0.996184		0.00017719		0.00127668		0.00236254		
0.000282675		0.000839831		0.0019439		0.996934		
0.231202		0.669009		0.0850316		0.0147576		
0.313166		0.217656		0.238965		0.230213		
0.318346		0.161142		0.205776		0.314736		
0.000251736		0.000243056		0.997422		0.00208333		
0.395677		0.000831255		0.532003		0.0714879		
0.999551		0.000196861		9.1111e-05		0.000161247		
0.000434653		0.000515251		0.000491503		0.998559		
0.997281		0.000891732		0.00152672		0.0003003		
0.000161176		0.00211831		0.00153692		0.996184		
0.0585106		0.256649		0.391622		0.293218		
2.69956e-05		3.30068e-05		4.54663e-05		0.999895		
0.176107		0.213697		0.325438		0.284758		
0.227898		0.154551		0.588736		0.0288147		
0.00038282		0.000699526		0.998875		4.2654e-05		
0.0175772		0.361045		0.382898		0.23848		
0.000669678		0.000964294		0.000491028		0.997875		
0.0025016		0.000105748		0.996996		0.000396555		
0.00107027		0.000435281		0.997406		0.0010882		
0.000173636		0.00174059		0.00105452		0.997031		
0.000829672		0.996633		0.00107736		0.00146015		
0.150911		0.336513		0.367736		0.14484		
0.366203		0.0376432		0.320786		0.275368		
0.257657		0.25071		0.228923		0.262709		
0.997578		0.00084189		0.000477455		0.00110253		
0.371278		0.34063		0.161121		0.12697		
0.147649		0.280715		0.352534		0.219103		
0.0721545		0.502541		0.268293		0.157012		
0.0012979		0.996973		0.000737894		0.000991546		
0.000648308		5.1009e-05		0.000245995		0.999055		
0.00115777		0.996902		0.000815367		0.00112452		
0.999883		4.04538e-06		5.05993e-05		6.25428e-05		
0.284149		0.0562454		0.383492		0.276114		
0.288781		0.254155		0.253463		0.203601		
0.000300945		0.000266317		0.999293		0.000139769		
0.000323303		0.998102		0.000816018		0.000759116		
0.998855		0.00055388		0.000186159		0.000404493		
0.0001043		0.000216466		0.999563		0.000116734		
0.000471708		0.997723		0.00122567		0.000579969		
0.00122658		0.00153686		0.000513903		0.996723		
0.338278		0.341534		0.125904		0.194284		
0.462185		0.0390509		0.109244		0.389521		
0.311783		0.293361		0.269378		0.125478		
0.237528		0.0944812		0.303311		0.36468		
0.184094		0.383125		0.0460234		0.386758		
0.139652		0.293498		0.282051		0.284799		
0.000120096		0.99827		0.00039304		0.00121733		
8.7074e-05		0.999691		9.88041e-05		0.000122716		
0.99975		8.49021e-05		5.47816e-05		0.000110316		
0.140845		0.17627		0.347418		0.335467		
0.0015496		0.996375		0.00049801		0.00157739		
0.000227003		0.000192207		0.999191		0.000389384		
0.30702		0.187773		0.239503		0.265704		
0.00108159		0.00194018		0.00061885		0.996359		
0.275431		0.300862		0.00603448		0.417672		
0.443018		0.404494		0.094703		0.0577849		
0.324227		0.122574		0.212437		0.340762		
6.49934e-05		6.90554e-05		0.996945		0.00292064		
0.99775		0.000111735		0.00104082		0.00109745		
0.000601918		0.999117		0.000223713		5.71822e-05		
0.000391549		0.00144492		0.997699		0.000464314		
0.000658963		0.00026407		0.00112775		0.997949		
0.07375		0.040625		0.581875		0.30375		
0.997461		1.97439e-05		0.000858859		0.00166046		
0.000651979		0.998031		0.000655538		0.000661232		
0.490471		0.290371		0.0401204		0.179037		
0.00123877		0.000471791		0.000230849		0.998059		
0.396783		0.312332		0.24933		0.041555		
0.171283		0.30978		0.346523		0.172414		
0.996191		0.00109524		0.00143091		0.00128244		
0.00137206		0.000757491		0.996355		0.00151498		
0.27907		0.308416		0.217054		0.19546		
0.289922		0.0612403		0.452713		0.196124		
0.0244499		0.477751		0.0415648		0.456235		
0.00146473		0.00101969		0.996152		0.00136323		
0.000698612		0.000392203		0.997992		0.000916998		
0.381877		0.199838		0.279126		0.139159		
0.405478		0.253256		0.20476		0.136507		
0.99791		0.000893368		0.000556361		0.000640114		
0.29196		0.168721		0.251761		0.287559		
0.306036		0.243368		0.133026		0.31757		
0.147592		0.283302		0.532208		0.0368981		
0.0005033		0.00144189		0.997359		0.000695438		
0.479297		0.136136		0.129862		0.254705		
0.000708715		9.52804e-05		0.998254		0.000942098		
0.305147		0.339154		0.292739		0.0629596		
0.00158458		0.000532595		0.000312514		0.99757		
0.000283787		0.00158529		0.996203		0.00192779		
0.000510238		0.996687		0.00156149		0.00124077		
0.000737052		0.000865635		0.997176		0.00122153		
0.000267457		0.998996		0.000624695		0.000111754		
0.29124		0.264463		0.247934		0.196364		
0.116813		0.513167		0.165429		0.204591		
0.000160805		0.000248163		0.000551969		0.999039		
0.000896199		0.000909296		0.99702		0.00117497		
0.996629		0.00174282		0.00146421		0.000164066		
0.302137		0.214812		0.224392		0.258659		
0.163479		0.134791		0.298725		0.403005		
0.999008		0.000334075		0.000305399		0.000352714		
0.134416		0.440235		0.397835		0.0275147		
0.196196		0.488587		0.036413		0.278804		
0.317763		0.145926		0.200477		0.335834		
0.00144967		0.997031		0.000916207		0.000602872		
7.9653e-05		0.99957		0.000126178		0.000223856		
0.000639251		0.00228125		0.000216217		0.996863		
0.000880048		0.000459217		0.00104355		0.997617		
0.0634654		0.285091		0.326058		0.325386		
0.338287		0.156759		0.194621		0.310333		
0.000690625		0.000589419		0.998578		0.000141831		
0.000365034		0.000353716		0.998652		0.000628906		
0.00106192		0.000953098		0.99773		0.00025451		
0.996613		0.00118445		0.00183748		0.000364793		
0.00138438		0.000267596		0.00119568		0.997152		
0.000784563		0.99727		0.000796486		0.00114942		
0.1482		0.30949		0.152875		0.389434		
5.39773e-05		0.000499432		0.999156		0.000290341		
0.0195918		0.0710204		0.700408		0.20898		
0.317901		0.173868		0.148663		0.359568		
0.17568		0.285808		0.321862		0.21665		
0.000283598		0.000931148		0.000625098		0.99816		
0.295179		0.315053		0.273463		0.116305		
0.000517331		0.395241		0.157268		0.446974		
0.268456		0.119621		0.242006		0.369917		
0.000835628		0.000363653		0.00107806		0.997723		
0.000130073		5.21614e-05		0.999395		0.000423234		
0.322751		0.206349		0.191438		0.279461		
0.273836		0.305468		0.406688		0.0140081		
0.249343		0.25798		0.335336		0.157341		
0.999234		0.000158316		0.000105371		0.000501939		
0.000172619		0.999207		0.000306648		0.000313702		
0.00132784		0.00184842		0.000483893		0.99634		
0.0741818		0.288		0.343273		0.294545		
0.000250971		0.000254223		0.999234		0.000260431		
0.00153419		0.997535		2.45339e-05		0.00090612		
0.357351		0.176856		0.253275		0.212518		
0.996922		0.000328881		0.00124187		0.00150737		
0.00124659		0.000223615		0.000604017		0.997926		
0.378003		0.0231774		0.412137		0.186684		
0.000200273		0.999258		0.000254836		0.000287078		
0.000896047		0.99673		0.00170874		0.000664742		
0.000874544		0.000315625		0.998422		0.000387956		
0.452061		0.112089		0.404817		0.0310329		
0.411563		0.129336		0.368737		0.090364		
0.103861		0.355628		0.333333		0.207178		
0.282751		0.221616		0.281659		0.213974		
0.0445205		0.478474		0.104207		0.372798		
0.99759		0.000604554		0.000523947		0.00128165		
3.02901e-05		0.999836		4.76577e-05		8.61147e-05		
0.000197021		0.000198951		0.999547		5.71531e-05		
0.00144649		0.00114692		0.99691		0.000496429		
0.412864		0.0934376		0.0903955		0.403303		
0.00123427		0.996207		3.41989e-05		0.0025245		
0.000246825		0.000164934		0.999336		0.000252303		
0.0010376		0.00106004		0.997043		0.000859387		
0.0245248		0.507051		0.462293		0.00613121		
0.174444		0.204444		0.502222		0.118889		
0.2578		0.151326		0.207098		0.383775		
0.257563		0.276159		0.260061		0.206217		
0.000125145		0.0010387		0.000863498		0.997973		
0.225719		0.294872		0.252525		0.226884		
0.0314607		0.308614		0.620974		0.0389513		
0.215013		0.150763		0.350509		0.283715		
0.00110984		0.000697465		0.997797		0.000395824		
0.997875		0.00133185		9.22619e-05		0.000700893		
0.0986372		0.141467		0.532122		0.227774		
0.294118		0.000507099		0.373225		0.33215		
0.209908		0.350966		0.187657		0.251469		
0.269716		0.19795		0.383675		0.148659		
0.106497		0.166778		0.411922		0.314802		
0.237123		0.195824		0.30116		0.265893		
0.497361		0.0451613		0.0656891		0.391789		
0.997598		0.00107891		0.000484889		0.000838541		
0.996676		0.000865379		0.00111223		0.00134661		
0.998809		8.60977e-05		0.000865631		0.000239677		
0.000483066		0.998676		0.000597513		0.000243639		
0.367598		0.280436		0.254382		0.0975841		
0.000336749		7.91761e-05		0.999199		0.000384856		
0.243243		0.300159		0.278219		0.178378		
0.999887		2.49677e-05		3.64157e-05		5.18979e-05		
0.00215343		0.000109456		0.000494931		0.997242		
0.114905		0.418551		0.29257		0.173973		
0.000200319		0.000262288		0.000205363		0.999332		
0.00162111		2.57319e-05		0.996539		0.0018141		
0.411208		0.147744		0.369723		0.0713246		
9.10163e-05		0.00164011		0.996707		0.00156184		
0.159979		0.035313		0.323167		0.481541		
0.000313694		0.000289008		0.99907		0.000326986		
0.00137645		0.00164003		0.000272587		0.996711		
0.343985		0.18985		0.326128		0.140038		
0.198282		0.267717		0.265927		0.268074		
0.000234132		0.000199364		0.00013291		0.999434		
0.0481013		0.171308		0.233755		0.546835		
0.165635		0.277029		0.252639		0.304696		
0.0678514		0.241249		0.368336		0.322563		
0.496766		0.00194049		0.458603		0.0426908		
0.000108596		0.000695393		0.997594		0.00160226		
0.17795		0.180368		0.317215		0.324468		
7.19047e-05		1.5324e-05		0.999746		0.000166678		
0.000254407		0.999301		0.000209417		0.000235394		
0.000720904		0.00102215		0.00145226		0.996805		
0.0119904		0.357314		0.218225		0.41247		
0.000976211		0.99684		0.000422468		0.00176148		
0.0897666		0.344255		0.374776		0.191203		
0.000565066		0.996484		0.000241298		0.00270926		
0.0951534		0.340596		0.393508		0.170743		
0.298487		0.445209		0.198074		0.0582302		
0.3244		0.318258		0.279732		0.0776103		
0.33618		0.213121		0.216227		0.234472		
0.00209054		0.000480224		0.000386267		0.997043		
0.000681054		0.997387		0.000780755		0.00115147		
0.46875		0.0395833		0.302778		0.188889		
0.436458		0.40483		0.108108		0.0506038		
0.289977		0.225325		0.297246		0.187452		
0.272837		0.160563		0.165795		0.400805		
0.000309518		0.00012658		0.999473		9.12452e-05		
0.0020297		0.996219		0.00105244		0.000699118		
0.0898367		0.240018		0.258621		0.411525		
0.0010897		0.000763076		0.00059254		0.997555		
0.000300824		0.000169512		0.00106482		0.998465		
5.27234e-06		4.57639e-05		0.000210683		0.999738		
0.263823		0.243345		0.214676		0.278157		
0.996992		0.00079663		0.00121823		0.000992956		
0.150132		0.28373		0.12037		0.445767		
0.000877533		0.000351381		0.000513274		0.998258		
0.225668		0.0663221		0.424634		0.283376		
8.80567e-05		0.00146119		0.00184919		0.996602		
0.0681049		0.354907		0.183164		0.393824		
0.165482		0.0991311		0.350711		0.384676		
0.998758		0.000273868		0.000449926		0.000518393		
0.369101		0.0814607		0.205618		0.34382		
0.204608		0.210599		0.203226		0.381567		
0.998672		0.00052309		0.000221659		0.000583376		
0.000314392		0.000314392		0.000168091		0.999203		
0.000212717		0.99925		0.000249133		0.00028815		
0.999836		3.64336e-05		7.77547e-05		4.98741e-05		
0.000635804		0.998781		0.000581436		1.51022e-06		
0.0765625		0.267188		0.414844		0.241406		
0.000560359		0.00200403		0.996715		0.000720767		
0.999613		2.09552e-05		0.000179072		0.000186692		
0.00216884		0.996336		0.000731		0.000764227		
0.0001897		0.00138046		0.00112906		0.997301		
0.441048		0.120087		0.220524		0.218341		
0.00084801		0.000615522		0.000927094		0.997609		
0.360044		0.326015		0.230516		0.0834248		
0.246439		0.241692		0.292188		0.219681		
0.426211		0.42792		0.0512821		0.0945869		
0.00106196		0.997102		0.000628128		0.00120835		
0.316996		0.086166		0.241897		0.354941		
1.8532e-05		2.54815e-05		2.23928e-05		0.999934		
0.00103761		0.996555		0.000858588		0.00154911		
0.139989		0.492868		0.360275		0.00686741		
0.00169568		0.00105214		0.000271717		0.99698		
0.309181		0.241663		0.241663		0.207493		
0.154769		0.602021		0.0777006		0.165509		
0.26229		0.187928		0.269757		0.280025		
0.997188		0.000347454		0.000676127		0.00178892		
0.423077		0.0631164		0.0552268		0.45858		
0.353828		0.178421		0.0337553		0.433996		
0.0691906		0.287206		0.355091		0.288512		
0.0323093		0.512712		0.0974576		0.357521		
0.337489		0.249332		0.164737		0.248442		
0.998996		0.000254841		0.000353218		0.000395847		
0.248641		0.35462		0.39538		0.0013587		
0.000112325		0.999098		0.000508672		0.000281347		
0.561844		0.200117		0.224037		0.0140023		
0.997246		0.000582609		0.000903583		0.00126771		
0.00011065		0.000282704		0.00041524		0.999191		
0.101015		0.406365		0.144834		0.347786		
0.00195546		0.000569463		0.00121727		0.996258		
0.2		0.378455		0.236179		0.185366		
0.998762		0.000593505		3.41809e-05		0.000610595		
2.917e-05		0.999824		3.19602e-05		0.000114651		
0.0322279		0.274638		0.394208		0.298926		
0.0936019		0.234005		0.395142		0.277251		
0.00122184		0.997391		0.00118547		0.000202068		
0.00084645		0.000134851		0.998199		0.00081948		
0.00037755		0.000104261		0.000115845		0.999402		
0.430488		0.0670961		0.0343532		0.468062		
0.333211		0.18789		0.325138		0.153761		
0.326009		0.319524		0.147695		0.206772		
0.189028		0.270722		0.0280262		0.512224		
0.00868056		0.046875		0.689236		0.255208		
0.386958		0.293007		0.277134		0.0429		
0.501325		0.478537		0.0148384		0.00529942		
0.218351		0.132974		0.313543		0.335132		
0.00154983		0.996488		0.00110273		0.000859162		
0.000562114		0.998711		0.000121695		0.000605254		
0.000418005		0.999156		0.000160346		0.0002654		
0.353256		0.308653		0.297948		0.0401427		
0.0683403		0.13947		0.103208		0.688982		
0.0497738		0.134238		0.576923		0.239065		
0.218553		0.307547		0.199371		0.274528		
0.000664149		0.000816143		0.00225018		0.99627		
0.280096		0.197122		0.438369		0.0844125		
0.0016806		0.997242		0.000504519		0.000572698		
0.000520539		0.000434677		1.74407e-05		0.999027		
6.99345e-05		0.000258947		0.999648		2.26815e-05		
0.146381		0.271735		0.395471		0.186413		
0.19198		0.122014		0.547782		0.138225		
0.00070343		0.000591805		0.997828		0.000876641		
0.99702		0.00115484		0.000894386		0.000931243		
0.997309		0.00050611		0.000513957		0.00167134		
0.00012173		0.00062915		0.998953		0.000295995		
0.000642425		0.000808629		0.000283321		0.998266		
0.00131865		0.996699		0.00128811		0.000694025		
0.998031		0.000651543		0.000328797		0.000988409		
0.399257		0.497398		0.0899628		0.0133829		
0.997863		0.000793476		0.00063667		0.000706572		
0.335855		0.376208		0.0836486		0.204288		
0.169374		0.281714		0.311441		0.23747		
0.996676		0.00208628		0.000149843		0.00108809		
0.0349418		0.44315		0.27787		0.244038		
0.000783452		0.997957		0.000749052		0.000510465		
0.000610718		0.99825		0.000842336		0.000296946		
0.000465927		0.000225121		0.99843		0.000879264		
0.0019734		0.00112326		0.996363		0.000540066		
0.0141143		0.553282		0.311927		0.120677		
0.167618		0.612696		0.114123		0.105563		
0.329653		0.240142		0.318218		0.111987		
0.000428664		0.000300378		0.000927208		0.998344		
0.400505		0.0671717		0.25404		0.278283		
0.00163748		0.996637		0.00021063		0.00151518		
0.000325895		0.000340312		0.998984		0.000349417		
0.000116955		0.000105935		0.999773		3.67335e-06		
0.000792325		0.99793		2.35894e-05		0.0012544		
0.142384		0.250552		0.19702		0.410044		
0.364146		0.222689		0.238095		0.17507		
0.309981		0.177063		0.078215		0.434741		
6.54922e-05		6.16712e-06		1.42782e-05		0.999914		
0.0661642		0.384422		0.360134		0.18928		
0.484531		0.0781332		0.0031463		0.43419		
0.000443555		4.33038e-06		0.998969		0.000583365		
0.000591309		0.997973		0.00129178		0.000144253		
0.0814433		0.190206		0.454124		0.274227		
0.136808		0.407166		0.0586319		0.397394		
0.997852		0.000532858		0.00101848		0.000597103		
0.404744		0.368421		0.106746		0.120089		
0.212787		0.16983		0.0749251		0.542458		
0.242588		0.448787		0.0157233		0.292902		
4.15999e-05		0.999246		5.69261e-05		0.00065538		
0.404954		0.196429		0.334677		0.0639401		
0.348854		0.267192		0.154011		0.229943		
0.598406		0.301042		0.015328		0.0852238		
0.137991		0.38164		0.403002		0.0773672		
8.34095e-05		0.99907		0.000226799		0.000619479		
0.211466		0.246481		0.244765		0.297288		
0.00116813		0.00164812		0.00018375		0.997		
0.239923		0.338196		0.227255		0.194626		
0.0812929		0.521058		0.340842		0.0568071		
0.201676		0.422346		0.144134		0.231844		
0.206878		0.453439		0.31164		0.0280423		
0.000561757		0.00116188		0.000452146		0.997824		
0.407884		0.327386		0.0846473		0.180083		
0.000255862		0.000258489		0.000196586		0.999289		
0.000137252		0.999137		0.000269044		0.000456985		
0.311628		0.182946		0.326615		0.178811		
0.12237		0.415836		0.030454		0.43134		
0.245192		0.222356		0.157051		0.375401		
0.000249269		0.999293		0.000209263		0.0002485		
0.793677		0.00998336		0.136439		0.0599002		
0.000490965		0.99848		0.000277281		0.000751286		
3.65338e-05		4.12389e-05		0.999871		5.11335e-05		
0.00083341		0.000432321		0.997457		0.00127724		
0.0852152		0.284619		0.33447		0.295697		
0.000126717		0.999777		4.67462e-05		4.9193e-05		
0.998297		0.000348728		0.000562885		0.000791512		
0.000159568		0.998926		0.000413522		0.000501128		
0.00213552		0.996547		0.000252208		0.0010654		
0.275047		0.219042		0.224642		0.281269		
0.208417		0.124749		0.273547		0.393287		
0.411312		0.0755656		0.197738		0.315385		
0.387872		0.0491991		0.0194508		0.543478		
0.0880551		0.196018		0.387443		0.328484		
0.294428		0.0165663		0.314006		0.375		
0.373556		0.292314		0.0712863		0.262843		
0.296362		0.189885		0.262644		0.251109		
0.000227878		0.000300314		0.000163214		0.999309		
0.261555		0.252889		0.237132		0.248424		
0.194343		0.290728		0.0958617		0.419068		
0.00133644		0.00124201		0.996383		0.00103874		
0.259081		0.248574		0.235965		0.256379		
0.000227533		0.000428686		0.999164		0.000179718		
0.000352191		0.996617		0.0021753		0.000855322		
0.000444366		0.00285435		0.000568469		0.996133		
0.361925		0.23431		0.387029		0.0167364		
0.283407		0.278159		0.210335		0.228099		
0.000398629		0.000484684		0.000315905		0.998801		
0.00323799		0.48354		0.0426336		0.470588		
0.165513		0.288595		0.249774		0.296118		
0.232701		0.25		0.00837054		0.508929		
0.136471		0.484706		0.218824		0.16		
1.40307e-05		0.00014951		0.999711		0.000125522		
0.000256679		0.000179439		0.999555		9.19524e-06		
0.540023		0.0661253		0.12007		0.273782		
2.26589e-06		0.00185803		0.997977		0.000163144		
0.157143		0.282353		0.208403		0.352101		
0.997578		0.00225836		0.000145004		1.85111e-05		
0.0164502		0.362771		0.402165		0.218615		
0.996457		0.0018452		0.000575435		0.00112234		
0.996867		0.00130462		0.000460285		0.00136791		
0.000649171		0.000621702		0.000651002		0.998078		
0.164239		0.317189		0.33831		0.180262		
0.0020024		0.996188		0.000940947		0.000869158		
0.373768		0.033862		0.415774		0.176597		
0.232456		0.258772		0.107456		0.401316		
0.00346981		0.476752		0.335878		0.1839		
0.436928		0.165819		0.107325		0.289929		
0.00744681		0.234574		0.487234		0.270745		
0.17525		0.00715308		0.379828		0.437768		
0.116908		0.403865		0.376812		0.102415		
0.997516		0.0010065		0.000882639		0.00059524		
5.74326e-05		9.92525e-05		0.999645		0.000198784		
0.260903		0.105585		0.377582		0.25593		
0.000304486		0.996953		0.00106873		0.00167366		
0.0444606		0.578717		0.155977		0.220845		
0.00124754		0.00131158		0.0013276		0.996113		
0.00204069		0.000660951		0.997199		9.91427e-05		
0.00054423		0.000638223		0.997984		0.000833171		
0.000815619		0.99777		0.000216389		0.00119846		
0.000262207		0.000194824		0.998676		0.000867188		
7.03125e-05		0.00053464		0.00122317		0.998172		
0.189432		0.356219		0.320273		0.134076		
0.188467		0.298875		0.0133615		0.499297		
0.996402		0.0018918		0.00132588		0.000379977		
2.00179e-06		8.9436e-07		0.999996		1.0101e-06		
0.996777		0.000393536		0.000907921		0.0019212		
0.000934671		0.000358746		0.997281		0.00142533		
0.410751		0.268091		0.0640937		0.257064		
0.0889271		0.355135		0.0195066		0.536431		
0.408457		0.0357807		0.14684		0.408922		
0.0647603		0.481077		0.143818		0.310345		
0.431288		0.428695		0.0371651		0.102852		
0.440405		0.00834327		0.363528		0.187723		
0.00106663		0.000945252		0.00106233		0.996926		
0.998488		0.000285727		0.000654538		0.000571454		
0.000353456		0.00117117		0.998437		3.78703e-05		
0.999977		8.01772e-06		1.19916e-05		3.42817e-06		
0.000457002		0.000448611		0.998715		0.000379544		
0.152785		0.192131		0.505876		0.149208		
0.00174721		0.00164898		0.000428032		0.996176		
0.205365		0.569843		0.0656799		0.159112		
4.62396e-05		0.000647354		0.000314219		0.998992		
0.224277		0.424846		0.277857		0.0730204		
0.000455273		0.998852		8.61328e-05		0.000607031		
0.00690088		0.497491		0.280427		0.215182		
0.000218061		0.000177564		0.00133484		0.99827		
0.000300005		0.999277		0.00013617		0.00028648		
0.000113853		0.000101881		1.47353e-05		0.99977		
0.045614		0.00233918		0.670175		0.281871		
0.205323		0.134462		0.32907		0.331144		
0.000361807		0.998437		0.000709309		0.000491384		
0.000411537		0.998789		0.000300458		0.000498943		
0.00130187		0.00120544		0.996332		0.00116066		
0.000283632		0.999082		0.000274865		0.000359472		
0.269147		0.289302		0.252713		0.188837		
0.99698		0.00143551		0.00095851		0.000625506		
0.00864304		0.173725		0.123596		0.694036		
0.355963		0.224497		0.0854885		0.334052		
0.307232		0.315212		0.209975		0.167581		
0.99907		0.00070941		4.85783e-05		0.000171699		
0.174265		0.18845		0.342452		0.294833		
0.999328		0.000348771		0.000170233		0.00015287		
0.347178		0.479766		0.0479233		0.125133		
3.26634e-05		0.999734		0.000149989		8.29726e-05		
1.71479e-05		0.000534883		0.999141		0.000307344		
0.622047		0.0164639		0.209019		0.15247		
0.00123494		0.000707834		0.00184238		0.996215		
0.000945142		0.996313		0.0019606		0.000781758		
0.000392414		3.64848e-06		0.999281		0.000322688		
0.264929		0.314748		0.112174		0.308149		
0.0823786		0.410256		0.304419		0.202946		
0.00119885		0.00112221		0.996676		0.00100315		
0.000532021		0.998777		0.000213139		0.000477497		
0.99782		0.000460938		0.000966146		0.000752604		
0.000155989		0.00158969		0.997062		0.00119183		
0.134401		0.00905292		0.197772		0.658774		
1.01969e-05		1.24599e-05		0.999965		1.24994e-05		
0.367766		0.229313		0.140617		0.262304		
0.00134189		0.00110282		0.000953722		0.996602		
0.000264516		0.999332		0.000367383		3.60703e-05		
0.999285		0.000351064		0.000330627		3.31535e-05		
0.000568926		0.997367		0.00101565		0.00104824		
4.19732e-05		4.99882e-05		0.000103351		0.999805		
0.000470829		0.000656641		0.997879		0.000993623		
0.328085		0.0787202		0.164551		0.428644		
0.99725		0.000651046		0.000846154		0.0012528		
0.998105		0.000684084		0.000458906		0.000751542		
0.158385		0.0975155		0.138509		0.60559		
0.342661		0.150712		0.215513		0.291114		
0.368762		0.180639		0.0703593		0.38024		
0.0015152		0.000763816		0.997469		0.000252237		
0.515507		0.381806		0.00206754		0.10062		
4.72096e-05		3.45233e-05		0.99991		8.11089e-06		
0.00075442		0.000215415		0.000291883		0.998738		
0.00108504		0.00084429		0.997383		0.000687858		
0.451729		0.324729		0.0614352		0.162106		
0.99648		0.00248554		2.84062e-06		0.00103115		
0.168192		0.122426		0.290618		0.418764		
0.00134459		0.998355		0.000248231		5.17148e-05		
0.00048748		0.998723		0.000213807		0.000576057		
0.999566		0.000175133		9.91155e-05		0.000159345		
0.00146969		0.000697042		0.000384054		0.997449		
0.124206		0.342272		0.0853917		0.44813		
0.00105146		0.996723		0.000500107		0.00172578		
0.259244		0.220168		0.393697		0.126891		
0.00052492		0.000490274		0.998879		0.000105899		
0.000251825		5.00455e-05		4.57863e-05		0.999652		
0.323592		0.246614		0.274412		0.155381		
0.999051		0.000538208		7.09535e-05		0.000340057		
0.347492		0.120266		0.380757		0.151484		
0.015797		0.454763		0.207755		0.321685		
0.000256259		0.00035768		0.000311842		0.999074		
0.290909		0.194984		0.129781		0.384326		
0.176842		0.269474		0.00491228		0.548772		
0.0458769		0.234611		0.240418		0.479094		
0.0494418		0.0318979		0.524721		0.393939		
3.50361e-05		2.53445e-05		2.16507e-05		0.999918		
0.199574		0.278891		0.229424		0.292111		
0.998613		0.000474963		0.000467716		0.00044404		
0.418301		0.165181		0.010101		0.406417		
0.000397535		0.00144242		0.99698		0.00117957		
0.455307		0.444134		0.0831006		0.0174581		
0.0738964		0.0671785		0.260077		0.598848		
0.25957		0.152194		0.537815		0.0504202		
0.000316025		0.998922		0.00035569		0.00040641		
0.319644		0.385122		0.0879504		0.207284		
0.0012415		0.000348381		0.997355		0.00105465		
0.00025773		0.999188		0.000281189		0.000273581		
0.00098785		0.00100569		2.54929e-06		0.998004		
0.370061		0.382792		0.145303		0.101844		
0.326152		0.318351		0.335067		0.0204309		
0.00101971		0.000165755		0.000693443		0.998121		
0.000797793		0.00137308		0.000680686		0.997148		
0.999309		0.000283434		0.000328287		7.96859e-05		
0.194933		0.213322		0.317123		0.274622		
3.64508e-05		0.999582		0.000341943		3.95751e-05		
0.0187815		0.44251		0.0879524		0.450756		
4.42547e-05		0.998633		0.000406767		0.000916166		
0.000645253		0.00192294		0.99718		0.000252119		
0.225029		0.243781		0.371221		0.159969		
0.383273		0.0461775		0.132376		0.438173		
0.332418		0.175824		0.423077		0.0686813		
0.334047		0.114347		0.243683		0.307923		
0.000314676		0.000224948		0.999164		0.000296313		
0.282403		0.0103004		0.323605		0.383691		
0.354649		0.160603		0.214627		0.270121		
0.000290777		0.000261135		0.998707		0.000741057		
0.00126926		0.00114197		0.000436422		0.997152		
0.00190652		0.000914643		0.000628055		0.996551		
0.534884		0.0102758		0.282315		0.172526		
0.403139		0.0529148		0.447085		0.096861		
0.176007		0.288397		0.259315		0.27628		
3.24773e-06		0.999758		0.000155891		8.3049e-05		
0.228105		0.281385		0.272727		0.217782		
0.00688705		0.407713		0.365702		0.219697		
0.385159		0.30477		0.0702297		0.239841		
0.224658		0.00767123		0.231233		0.536438		
0.152361		0.399571		0.333476		0.114592		
0.122998		0.0442024		0.494555		0.338245		
0.00062642		0.000903734		0.99816		0.000309691		
0.997453		0.00156557		0.000664492		0.000316816		
2.57311e-05		0.999949		2.13534e-05		3.69672e-06		
0.128779		0.0332527		0.493954		0.344015		
0.996305		0.000764292		0.001024		0.00190702		
0.0087963		0.396759		0.323611		0.270833		
0.168395		0.397531		0.26321		0.170864		
0.215643		0.489035		0.0899123		0.205409		
0.395687		0.0812437		0.414243		0.108826		
0.999848		5.45197e-05		3.78834e-05		5.99406e-05		
0.0943038		0.0411392		0.607595		0.256962		
0.998707		0.000235647		0.000629309		0.000428013		
0.0725646		0.50497		0.380716		0.0417495		
0.224819		0.288258		0.242627		0.244296		
0.342481		0.151515		0.13036		0.375643		
0.17762		0.314032		0.219183		0.289165		
0.497726		0.150097		0.0110461		0.341131		
0.207637		0.294153		0.130668		0.367542		
0.000475865		0.999		0.000483179		4.09556e-05		
0.000640648		0.000210918		0.998457		0.000691403		
0.305239		0.319286		0.200456		0.175019		
0.226374		0.236813		0.278571		0.258242		
0.385983		0.254707		0.0387029		0.320607		
0.99641		0.00176961		0.00085179		0.000968443		
0.00082389		0.000439408		0.000158577		0.998578		
0.000598017		0.000659298		0.998375		0.000367685		
0.996812		0.00135344		0.000421685		0.00141237		
0.99727		0.000718886		0.00116494		0.00084664		
0.000484485		0.000382979		0.998789		0.000343474		
0.000694672		0.000718337		0.000188554		0.998398		
0.997426		0.000999728		0.000294708		0.00127978		
4.77721e-05		0.000455731		0.000605872		0.998891		
0.99825		8.72818e-06		0.000410224		0.00133105		
0.99898		0.000417404		0.000595911		6.21665e-06		
0.000101912		0.00107613		0.997609		0.00121259		
0.998094		0.000692621		0.000370974		0.000842655		
0.000492554		0.0018335		0.000908322		0.996766		
0.999758		6.89279e-06		0.000101199		0.000134096		
0.000995628		0.998301		4.26104e-05		0.000660981		
0.000884948		0.00143663		0.000557329		0.997121		
0.000361939		0.000110622		0.999516		1.1814e-05		
0.000322504		0.00104596		0.000694037		0.997938		
0.000646063		0.998117		0.000221507		0.00101524		
0.997281		0.00064104		0.00146347		0.000614244		
0.000789593		0.997918		0.000731412		0.000561026		
0.00131386		0.997258		0.00121989		0.00020844		
0.00056639		0.99768		0.00104782		0.0007061		
0.000343313		0.998848		0.000274534		0.000534496		
0.000742449		0.997176		0.0010389		0.00104287		
0.000199607		0.00190964		0.00103919		0.996852		
0.998234		0.00111836		1.3405e-05		0.000633863		
0.99882		0.000259438		0.000449654		0.000470595		
0.999656		0.000122825		0.0001308		9.01247e-05		
0.997762		0.00081392		0.000576098		0.000848263		
0.000542196		0.996406		0.0013732		0.00167835		
0.000714143		0.00162212		0.00044889		0.997215		
0.000142694		0.999184		0.00039486		0.000278853		
0.000308473		0.000365232		7.23884e-05		0.999254		
0.999859		4.47237e-05		7.64484e-05		1.9453e-05		
0.00111295		0.998238		0.000120076		0.000528695		
0.000442197		0.99868		0.000343532		0.000534583		
9.71379e-05		0.996273		0.00205756		0.00157187		
0.000209175		0.999367		3.52542e-06		0.000420112		
0.998687		0.000592905		0.000640541		7.90541e-05		
0.000487467		0.000699763		0.00017605		0.998637		
0.000816395		0.997973		0.000994911		0.000216038		
0.000782068		0.000133631		5.69573e-05		0.999027		
0.00148104		0.000623688		0.0011648		0.99673		
0.000391448		0.00182749		0.00120293		0.996578		
0.00138863		0.99684		0.000850625		0.000920904		
0.00157253		0.996473		0.00167284		0.000281971		
0.000561448		0.997305		0.000962225		0.00117164		
0.00110882		0.000557826		0.998152		0.000181009		
0.000790929		0.00100817		0.997621		0.000579811		
0.000596531		0.000544306		0.00114432		0.997715		
0.999809		0.00014247		4.93855e-06		4.3998e-05		
7.48001e-05		1.30087e-05		0.999301		0.00061141		
0.000380137		0.000525205		0.998914		0.000180595		
0.998855		0.000110641		0.000147831		0.000886059		
8.05897e-06		1.08853e-05		8.39949e-06		0.999973		
0.00107337		0.997824		0.00054576		0.000556651		
0.00118505		0.9975		0.000543618		0.000771328		
0.99952		0.000223159		0.000166044		9.12655e-05		
0.000492664		0.997684		0.00104719		0.000776554		
0.000496956		0.000310467		0.998395		0.000798046		
0.0011284		0.000800398		0.997039		0.00103214		
0.00035346		0.000346636		0.997957		0.00134287		
2.78716e-06		4.69172e-05		3.62331e-05		0.999914		
0.00025137		0.000237712		8.90433e-05		0.999422		
3.34821e-05		0.999141		0.00062872		0.000197173		
0.000322108		0.00028153		0.999199		0.000197143		
4.2814e-05		2.99102e-05		3.27445e-05		0.999895		
0.000801019		0.998789		0.000173459		0.00023646		
0.000752039		0.00068924		0.997965		0.000593878		
0.000590749		0.998219		0.00101721		0.000173286		
0.998863		0.000440144		9.95107e-05		0.000597064		
0.00039435		0.000414402		0.000382654		0.998809		
0.00143346		0.00129331		0.000730255		0.996543		
7.61885e-05		4.20578e-05		0.00016691		0.999715		
0.997469		0.000644488		0.000736558		0.0011502		
0.00167991		0.997242		0.000537038		0.00054086		
0.000625665		0.00144791		0.996324		0.00160221		
0.00192784		0.996395		0.00144026		0.000237371		
0.000948051		8.27664e-05		0.997961		0.00100824		
0.997211		0.00128672		0.000623437		0.000878906		
3.20313e-05		9.76562e-06		0.999852		0.000106641		
0.00160077		0.00156978		0.996711		0.000118508		
0.00169628		0.00144145		0.996613		0.000248995		
0.996848		0.00108734		0.000816288		0.00124872		
0.000125284		5.76526e-05		0.000488939		0.999328		
0.000102777		0.0012991		0.996707		0.00189109		
0.000766869		0.997867		0.000726231		0.000639713		
0.997516		0.00135241		0.000287326		0.000844638		
2.25386e-05		0.000112464		1.71613e-06		0.999863		
0.000124306		0.000138194		0.9995		0.0002375		
0.000572273		0.00140445		0.997301		0.000722494		
0.999488		0.000213082		9.96802e-05		0.000198957		
0.996563		0.00158639		0.00162019		0.000230919		
0.000889635		0.000403646		0.00112859		0.997578		
0.000843199		0.996461		0.0020694		0.000626462		
0.000746332		0.00034861		0.000170682		0.998734		
0.000193056		0.000321759		0.00165706		0.997828		
0.00096245		0.000493417		0.000266789		0.998277		
0.998266		0.000268202		0.000315138		0.00115103		
0.000541694		0.0015741		0.997285		0.00059905		
2.32303e-05		2.48207e-05		3.0074e-05		0.999922		
0.997613		0.001434		0.000628601		0.000324122		
0.00212046		0.00103506		0.996152		0.000692138		
0.000345566		0.00124229		0.997262		0.00115043		
0.000319036		0.000803572		0.996949		0.00192817		
0.00203974		0.00119464		0.996543		0.000222648		
9.84562e-05		0.998867		0.000330451		0.000703905		
0.000278717		0.000482555		0.996285		0.00295357		
0.997055		0.000158138		0.00110696		0.00168021		
0.998387		0.000103281		0.00106681		0.000443195		
0.00106197		0.000510821		0.00163424		0.996793		
0.00132104		0.998094		0.000273558		0.000311649		
0.998844		0.000676498		0.000390586		8.9166e-05		
8.98396e-06		0.999965		1.63345e-05		9.83781e-06		
0.00029706		0.996242		0.00245075		0.00101		
0.000791263		0.000756956		0.000420531		0.998031		
0.00142376		9.49174e-05		0.000840697		0.997641		
0.00054695		0.996609		0.00112403		0.00171965		
0.99823		0.000285965		0.000650619		0.000832946		
0.000646774		0.000723146		0.00154414		0.997086		
0.00137364		3.58342e-05		3.58342e-05		0.998555		
0.997066		0.000364812		0.00131332		0.00125546		
0.000317028		0.997422		0.00105304		0.00120806		
0.999023		0.000597724		9.934e-05		0.000279499		
0.000338542		0.000382788		0.998984		0.000294296		
0.000273231		0.000229814		0.999191		0.000305549		
0.00174032		0.000872654		0.996105		0.00128156		
0.00127354		0.000987416		0.997492		0.000246854		
0.000218819		0.000249566		0.999371		0.000160521		
0.000962293		0.000819501		0.998207		1.1175e-05		
0.998348		0.000600144		0.000461799		0.000590401		
0.000859553		0.00067003		0.997105		0.00136495		
0.000574128		0.000490933		0.998363		0.000571657		
0.000223556		0.000166478		0.998492		0.00111778		
0.999738		3.40405e-05		7.71472e-05		0.000150531		
0.99991		2.2277e-05		6.23488e-05		5.21803e-06		
0.000937888		0.000309008		0.000870292		0.997883		
0.00147912		0.997566		0.000728464		0.000226005		
0.998422		0.000521022		0.000355379		0.000701724		
0.996395		0.000368491		0.00159905		0.00163793		
0.000215466		8.16158e-05		0.000605262		0.999098		
0.00023897		0.99773		0.00102552		0.00100504		
0.000433215		0.000645558		0.998109		0.000811852		
0.00275323		0.996109		0.00108324		5.41618e-05		
0.00240082		0.000384453		0.000120982		0.997094		
0.998027		0.00114822		0.000233998		0.000590436		
0.000928749		0.00196325		0.996117		0.000990818		
3.78361e-05		0.999535		0.000140534		0.000286473		
0.999223		0.000259115		0.000325271		0.000192958		
0.996914		0.00195169		0.000833086		0.000301162		
0.000934066		0.00166709		0.00125432		0.996145		
0.000204418		0.998848		0.000438751		0.000509175		
0.000199622		0.000535619		0.998621		0.000643665		
0.00126537		0.996141		0.000957576		0.00163643		
0.000278505		0.998965		0.000435681		0.00032097		
0.000831657		0.99757		0.00059323		0.0010048		
0.000548532		0.00226269		0.000536432		0.996652		
0.00131525		0.000191353		0.00206371		0.99643		
0.000266122		0.999051		0.00044504		0.000238056		
0.00151875		0.996789		0.000916406		0.000775781		
0.00013376		7.45995e-05		2.99218e-05		0.999762		
0.000741891		0.998734		7.34929e-05		0.000450241		
6.57878e-05		0.999707		0.000187424		3.97567e-05		
0.000451608		0.99784		0.00105005		0.000658503		
2.80308e-05		8.49168e-05		5.11149e-05		0.999836		
0.000870214		0.997465		0.000601031		0.00106391		
0.000823919		0.000595889		0.997285		0.00129504		
0.000930859		0.00152368		0.996758		0.00078765		
0.000141658		0.00142317		0.00106408		0.997371		
0.000458912		0.000478764		0.998574		0.000488105		
0.00161908		0.996793		0.000840678		0.000747269		
0.00135		0.00090961		0.996336		0.00140445		
0.000637444		0.000750266		0.000166977		0.998445		
0.996582		0.00057657		4.89896e-05		0.00279241		
0.00063366		0.00151103		5.06178e-05		0.997805		
0.000129635		7.17703e-06		0.999625		0.000238188		
0.996641		0.00114679		0.00181413		0.00039846		
0.000170229		6.6089e-05		0.998816		0.000947276		
0.00108283		0.000439286		0.998098		0.000380223		
0.000969587		0.000179454		0.000776741		0.998074		
0.000694145		0.998645		0.000544003		0.00011732		
0.00163845		0.000957832		0.996473		0.000931066		
0.000259619		0.000106833		0.99948		0.000153079		
0.000553513		0.00069377		0.998406		0.000346467		
0.000412824		0.996457		0.0013456		0.00178455		
0.00134002		0.997352		0.000922845		0.000385572		
0.00190806		0.996898		0.0010071		0.000186404		
0.000135091		0.0010253		0.997961		0.000878667		
0.998707		0.000741715		0.00015175		0.000399504		
0.000790623		0.00113211		0.996996		0.00108117		
6.46998e-05		0.999176		0.000217307		0.000542212		
0.000191243		0.00109571		0.000548981		0.998164		
0.00012462		0.00165487		0.996613		0.00160723		
0.000274532		0.000228276		0.999234		0.000262818		
0.000692651		0.000127137		0.998355		0.000824742		
0.00233517		0.000785187		0.996793		8.66765e-05		
0.00144695		0.996469		0.00120892		0.000875374		
9.59607e-05		5.28028e-05		5.43615e-05		0.999797		
0.999352		0.000142143		0.000236435		0.00026986		
0.00118128		0.998219		0.000479978		0.000119994		
0.000898256		0.998109		0.000534353		0.000458016		
0.000440037		0.999129		0.000409889		2.1168e-05		
0.997039		0.00130088		0.000798947		0.000861112		
0.00153716		0.00141682		0.996293		0.000753051		
0.000483502		0.997852		0.000785561		0.000879375		
0.000408893		0.000482052		0.000398118		0.998711		
0.000745801		0.996531		0.00184702		0.000875927		
0.000135432		0.00122897		0.000651224		0.997984		
0.00109779		0.00164015		0.996105		0.0011566		
0.00154109		0.996785		0.000183516		0.00149024		
0.000391586		0.000636327		0.00275334		0.996219		
0.999379		0.000129673		0.000376218		0.000115203		
0.00038596		0.999102		0.000293474		0.000219004		
0.000373173		0.000407477		0.999203		1.62249e-05		
0.000285601		0.00031117		4.77609e-05		0.999355		
0.00117389		0.000203503		0.000614793		0.998008		
0.000386813		0.000721666		0.997969		0.000922771		
0.997773		0.00113307		0.000628385		0.000465104		
4.26764e-06		0.999977		1.02479e-05		8.92199e-06		
0.998695		0.000397367		0.000703339		0.000203982		
0.00131112		0.000556954		0.00023739		0.997895		
0.00102004		0.99759		0.000738596		0.00065152		
8.56623e-05		4.37698e-05		0.999781		8.9318e-05		
0.000247531		7.58765e-05		8.28422e-05		0.999594		
0.996902		0.00121284		0.000172092		0.00171273		
0.000669372		0.00100188		0.00162562		0.996703		
0.998871		0.000200945		0.000778945		0.000149016		
0.000190873		0.000153828		0.000202174		0.999453		
0.0010147		0.00103005		0.997441		0.000513845		
0.0011476		0.996762		0.000972296		0.00111838		
0.000214889		0.998637		0.000579416		0.000568976		
0.00263951		0.000651819		6.8047e-05		0.996641		
5.40722e-05		0.000649739		0.998793		0.00050322		
0.00141985		0.0011629		0.996383		0.00103443		
0.999906		4.23132e-05		2.90001e-05		2.24367e-05		
0.000376073		0.000384593		0.000165115		0.999074		
0.998766		0.00027602		0.000287164		0.000671191		
0.00293142		0.996109		0.000294409		0.000664794		
0.999922		2.60764e-05		2.83665e-05		2.36821e-05		
0.000843759		0.00246257		0.00029133		0.996402		
0.00035992		0.00040952		0.99866		0.000570403		
0.000123384		0.99625		0.00285106		0.000775558		
0.000109314		3.62367e-06		0.000312844		0.999574		
0.000459304		0.00233566		0.000287065		0.996918		
8.99289e-05		0.000143126		9.89761e-05		0.999668		
0.0001382		0.000134013		0.999332		0.000395756		
0.000311848		0.000408609		0.998914		0.000365481		
0.000209433		0.999301		0.000177298		0.000312488		
0.000320096		0.000697196		0.997781		0.00120146		
0.00198424		0.000890324		3.95024e-05		0.997086		
0.000733898		0.99743		0.00106911		0.000767307		
0.00169531		0.000519531		0.00158594		0.996199		
0.996781		0.00159205		0.00151662		0.000110078		
0.999004		0.000469559		6.54894e-07		0.00052588		
0.997477		0.00053082		0.00132025		0.000672372		
0.000310395		0.000128297		0.998996		0.000565215		
0.999629		0.000135618		0.000109237		0.000126238		
0.0011592		0.000650282		0.00185849		0.996332		
0.000397919		0.000319756		0.000754981		0.998527		
0.000234352		0.998641		0.000623403		0.000501619		
0.999203		5.24539e-05		0.000409564		0.000334857		
0.000544892		0.000247741		0.000437836		0.99877		
0.000439489		0.000331586		0.999227		2.36284e-06		
0.000291999		0.000300676		0.999129		0.000278418		
0.00172229		0.00107296		0.000704751		0.9965		
