0.0914186		0.298774		0.267601		0.342207		
0.475013		0.0133952		0.217414		0.294178		
0.000234235		0.000972763		0.000710971		0.998082		
0.000861779		0.997488		0.000792491		0.000857449		
0.00010859		0.000147803		0.99934		0.000403764		
0.470588		0.184961		0.108551		0.235901		
0.000489333		0.000149557		0.998848		0.000513455		
0.000284831		0.999453		0.000224067		3.79774e-05		
0.999902		4.91925e-05		2.05515e-05		2.79122e-05		
0.558685		0.00469484		0.254863		0.181757		
0.999707		5.18491e-05		0.000119576		0.000121543		
0.999062		9.4473e-05		0.000462243		0.000380784		
0.0282116		0.138035		0.456423		0.37733		
0.423804		0.145466		0.398615		0.0321159		
0.234935		0.254005		0.115179		0.395881		
0.000192247		0.000187617		0.000237324		0.999383		
0.00079136		0.998078		0.000547113		0.000583401		
0.278937		0.345825		0.207306		0.167932		
0.0336359		0.138815		0.473038		0.354511		
0.0512708		0.2844		0.431201		0.233129		
0.00179162		0.000406302		0.000419269		0.997383		
0.190421		0.182343		0.234853		0.392383		
0.000572001		0.00101025		0.000702906		0.997715		
0.237473		0.372549		0.269608		0.12037		
0.000153155		7.87826e-05		0.000186031		0.999582		
0.997152		0.000163584		0.000858817		0.00182526		
0.484037		0.202884		0.174047		0.139032		
0.00103387		0.000810715		0.997086		0.00106948		
0.998477		0.000387024		0.000565809		0.000570604		
0.165286		0.386495		0.361226		0.0869925		
0.119747		0.0623588		0.368278		0.449616		
0.000530021		0.000526487		0.99652		0.00242396		
0.998098		0.00079636		0.000767497		0.000338486		
0.997578		0.000665754		2.62108e-05		0.00172991		
0.0735524		0.192879		0.366197		0.367371		
0.00169799		0.99684		0.000151753		0.00131041		
0.0254237		0.347089		0.326824		0.300663		
0.000894897		0.000205401		0.998484		0.000415326		
0.000190674		0.999355		0.000351359		0.000102498		
7.21767e-05		0.000244619		0.999422		0.00026133		
0.00207119		0.000281542		0.997547		0.000100395		
0.380503		0.128931		0.292453		0.198113		
0.000353423		0.000403686		0.000262422		0.99898		
0.997758		8.68403e-05		0.000916806		0.00123854		
0.000330905		0.000446626		0.999121		0.000101375		
0.229379		0.277966		0.0169492		0.475706		
0.230698		0.217209		0.265116		0.286977		
0.999941		2.8804e-05		1.00759e-05		1.97138e-05		
0.0228964		0.222095		0.202061		0.552948		
0.244681		0.36052		0.0325059		0.362293		
0.000258937		0.000656316		0.000295684		0.998789		
0.000194577		0.99857		0.000636734		0.000598377		
0.000709565		0.000583316		0.000593837		0.998113		
0.996973		0.00142828		0.000279627		0.00131944		
0.0615809		0.447151		0.447151		0.0441176		
0.238308		0.115494		0.281009		0.365189		
0.998207		0.000554355		0.000573111		0.000665503		
0.997117		0.000290926		0.000947163		0.00164472		
0.0434258		0.515682		0.320265		0.120627		
0.221264		0.21092		0.227586		0.34023		
0.157827		0.392216		0.40633		0.043627		
0.000311401		0.999086		0.000134785		0.000467876		
0.000470051		0.99873		0.000371222		0.000428258		
0.000296467		0.998895		0.000263177		0.000545825		
0.415028		0.0301442		0.408475		0.146352		
0.199879		0.168478		0.600242		0.031401		
0.21341		0.111752		0.038212		0.636626		
0.000451087		0.996848		0.00141294		0.00128832		
0.000119419		0.999555		0.00026892		5.69745e-05		
0.0272408		0.239016		0.407733		0.326011		
0.00201526		0.996102		0.000524572		0.0013586		
0.0994764		0.308153		0.270755		0.321616		
0.297517		0.257952		0.221877		0.222653		
0.996762		0.00139796		0.000378433		0.00146189		
0.998121		0.00080273		0.000559322		0.000516855		
0.170483		0.215558		0.316249		0.29771		
0.000605493		0.000546865		0.998422		0.000425767		
0.000277565		0.998891		4.50822e-05		0.000786728		
0.000283456		0.99618		0.00300379		0.000533067		
0.997828		0.000626126		0.000808746		0.000737003		
0.000311889		0.00105414		0.00192694		0.996707		
9.92101e-05		0.999773		7.53383e-05		5.20141e-05		
0.00102151		0.000111298		0.000566406		0.998301		
0.998676		0.000240605		0.000723597		0.000360016		
0.0438684		0.755733		0.0368893		0.163509		
0.228016		0.368093		0.231907		0.171984		
0.00195816		0.000314432		0.997129		0.000598506		
0.0768278		0.310202		0.356464		0.256506		
0.000831031		0.00212399		0.99691		0.000134822		
0.0468979		0.400098		0.206644		0.346361		
0.323833		0.05943		0.01698		0.599757		
0.00149833		0.00125301		0.000580699		0.996668		
0.035048		0.293951		0.544375		0.126625		
0.000147229		6.07128e-05		4.98712e-05		0.999742		
0.00723473		0.153537		0.654341		0.184887		
0.521164		0.0026455		0.37037		0.10582		
0.326122		0.236735		0.21551		0.221633		
0.0776699		0.234859		0.436893		0.250578		
0.00863132		0.0764488		0.630086		0.284834		
0.00186104		0.000489134		0.00127874		0.996371		
0.000490988		0.999145		0.000307039		5.74415e-05		
0.182403		0.315388		0.363198		0.139012		
0.000362847		0.00177709		0.996734		0.00112568		
0.191296		0.316127		0.180162		0.312416		
0.293205		0.116691		0.348597		0.241507		
0.301549		0.259923		0.35334		0.0851888		
0.000215485		0.000100585		0.999316		0.000367524		
0.0348028		0.159319		0.0471771		0.758701		
0.998875		3.62173e-05		7.69618e-05		0.00101182		
0.309531		0.312719		0.162576		0.215174		
0.0140252		0.34993		0.0406732		0.595372		
0.00103475		0.00111913		0.000170337		0.997676		
0.144364		0.203776		0.110494		0.541366		
0.000630612		0.998418		0.00067632		0.000275099		
0.316524		0.275795		0.252909		0.154771		
0.368638		0.0976796		0.265719		0.267964		
0.302916		0.417927		0.260259		0.0188985		
0.236707		0.0217267		0.242424		0.499142		
0.0243572		0.400541		0.328823		0.246279		
0.000404519		0.99652		0.00276355		0.000312401		
0.000746397		0.996648		0.000621195		0.00198397		
0.331683		0.337395		0.138614		0.192308		
0.0758242		0.542308		0.265385		0.116484		
0.329807		0.240272		0.369475		0.0604458		
0.225207		0.255235		0.153694		0.365863		
0.340517		0.163362		0.401293		0.0948276		
0.510996		0.00582147		0.22445		0.258732		
0.000231851		0.00115603		0.00249883		0.996113		
0.996684		0.00237078		0.000204551		0.000741078		
0.999805		0.000112127		6.47001e-05		1.84857e-05		
0.000992828		0.996812		0.00151695		0.00067772		
0.000513154		0.00131385		0.99793		0.000243306		
0.999699		4.31847e-06		0.000108394		0.000188069		
0.00113807		0.997164		0.000799975		0.000897893		
0.999949		2.44502e-05		6.58275e-06		1.97483e-05		
0.00164829		0.000848517		0.000796162		0.996707		
2.32713e-05		5.48329e-05		3.12708e-05		0.999891		
0.263827		0.161504		0.105088		0.46958		
8.94067e-05		4.98299e-05		0.999762		9.90446e-05		
0.365789		0.0586466		0.25188		0.323684		
0.000965258		0.996973		0.00122713		0.000834955		
0.000323139		0.000717019		0.998281		0.000678592		
0.999227		0.000447573		1.32505e-05		0.000312614		
0.00235237		0.00103687		3.65417e-05		0.996574		
0.000877667		0.997871		0.000631921		0.000619318		
0.00075765		0.000755537		0.000830562		0.997656		
0.000404232		0.000250448		0.998469		0.000876569		
0.15742		0.428056		0.296797		0.117727		
0.323824		0.181682		0.103103		0.391391		
0.00108645		0.000407419		0.998309		0.000197536		
0.014153		0.375055		0.175144		0.435648		
0.045991		0.2849		0.326007		0.343101		
0.00112893		0.000264562		9.08801e-05		0.998516		
0.000128687		1.4326e-05		0.000173394		0.999684		
0.997594		0.000607428		0.000522701		0.00127612		
0.252766		0.169779		0.313278		0.264177		
0.413662		0.0638836		0.446553		0.0759013		
0.363636		0.133192		0.252854		0.250317		
0.185699		0.263772		0.269974		0.280555		
0.000418232		0.000971314		0.996895		0.00171592		
0.998699		0.000587872		0.000669549		4.33594e-05		
0.0893887		0.174164		0.248558		0.487889		
0.000473609		0.997922		0.000757996		0.000846521		
0.0014353		0.99752		0.000261293		0.000783879		
0.333821		0.215356		0.247898		0.202925		
0.349007		0.286755		0.223841		0.140397		
0.000784861		0.996402		0.00107068		0.00174212		
0.258027		0.225532		0.303288		0.213153		
0.000440647		0.999172		0.000224329		0.000163149		
0.000139638		0.999613		6.25189e-05		0.000184562		
0.00619835		0.279959		0.253616		0.460227		
0.332665		0.0417335		0.324639		0.300963		
0.345033		0.118989		0.251667		0.28431		
0.000425711		0.000368638		0.998828		0.000377526		
0.438751		0.275029		0.251472		0.0347468		
0.0631939		0.34415		0.384714		0.207942		
0.14877		0.0162192		0.550336		0.284676		
0.000192764		0.999355		9.97312e-05		0.000352036		
0.269658		0.29498		0.294536		0.140826		
0.000111156		0.000441447		0.000455209		0.998992		
0.00151731		0.0013389		0.996547		0.000596919		
8.54379e-05		0.999777		0.0001028		3.44188e-05		
0.000217724		0.000418659		8.23677e-05		0.999281		
0.111628		0.0116279		0.746512		0.130233		
0.434193		0.19403		0.127996		0.243781		
3.20916e-05		0.000105392		0.999797		6.56418e-05		
0.000149175		0.000178795		0.999641		3.14052e-05		
0.000102413		0.000160743		0.999313		0.000424344		
0.195561		0.176808		0.26062		0.367011		
0.998738		0.000458709		0.000342682		0.000460328		
0.0897896		0.379169		0.276039		0.255003		
0.423451		0.346646		0.0911418		0.138761		
0.459302		0.060562		0.173934		0.306202		
0.0210868		0.17356		0.536902		0.268451		
0.000917509		0.000498311		0.997949		0.000634961		
0.996449		0.000377271		0.00140922		0.00176429		
0.22237		0.374612		0.101198		0.30182		
0.199379		0.162917		0.501164		0.13654		
0.355136		0.246891		0.364348		0.0336251		
5.33661e-06		4.74849e-06		1.33524e-05		0.999977		
0.279252		0.271411		0.218335		0.231001		
0.495818		0.350657		0.072282		0.0812425		
0.996195		0.00179161		0.00130481		0.000708266		
0.448884		0.00103788		0.354956		0.195122		
0.236071		0.214197		0.349154		0.200578		
0.268041		0.0777882		0.418932		0.235239		
0.372036		0.28659		0.077269		0.264105		
0.000595554		0.998551		0.00056762		0.000286045		
0.408759		0.0749392		0.420925		0.0953771		
0.000555854		0.000735783		0.997148		0.00155993		
0.000180569		0.000346091		0.998711		0.000762403		
0.285155		0.307793		0.00783631		0.399216		
0.000154531		0.000520195		0.000133867		0.999191		
0.215302		0.198627		0.44924		0.136832		
0.256486		0.271593		0.188177		0.283744		
0.147684		0.367302		0.190191		0.294823		
0.000665403		0.996598		0.00213117		0.000605768		
0.439135		0.240046		0.154721		0.166098		
0.0408484		0.526316		0.274941		0.157895		
0.280783		0.340925		0.228826		0.149466		
0.276058		0.213447		0.282818		0.227677		
0.0326895		0.330362		0.161466		0.475483		
0.209462		0.366654		0.336894		0.0869897		
0.000201322		0.000165712		0.999602		3.14039e-05		
0.552405		0.11512		0.164089		0.168385		
0.158548		0.0735435		0.408787		0.359121		
0.396538		0.141707		0.068438		0.393317		
0.997699		2.10839e-05		0.00144688		0.000832814		
0.00170759		0.000210355		7.4243e-05		0.998008		
0.29673		0.241017		0.229713		0.232539		
0.000333045		0.00218144		0.00023551		0.99725		
6.10502e-05		0.000322694		0.00263969		0.996977		
2.51755e-05		0.000138749		0.999656		0.000179825		
0.998434		0.000341533		0.000597683		0.00062719		
0.366068		0.0397402		0.247612		0.34658		
0.104332		0.396367		0.339544		0.159758		
0.201998		0.247893		0.308773		0.241336		
0.998582		0.000245692		0.000246645		0.000925632		
0.000726479		0.998469		0.00038782		0.000416952		
0.241923		0.30879		0.271976		0.17731		
0.284225		0.0820014		0.340862		0.292912		
0.127689		0.397641		0.108258		0.366412		
0.00145971		0.996285		0.00127354		0.000981599		
0.278109		0.244279		0.275124		0.202488		
0.492835		0.285056		0.00665302		0.215455		
0.998687		0.000252818		0.000828381		0.000231301		
0.000219168		0.000225901		0.000179931		0.999375		
0.239682		0.150671		0.394331		0.215316		
0.0587734		0.312606		0.322402		0.306218		
0.141397		0.354344		0.0295287		0.47473		
0.314669		0.278324		0.118206		0.288802		
0.997871		0.000440266		0.000765225		0.000923415		
0.000764435		0.998461		0.00043318		0.000341448		
0.00092192		0.00162271		0.000678026		0.996777		
0.398104		0.256977		0.156925		0.187994		
0.000128463		0.997258		0.0016379		0.000975823		
0.470619		0.149528		0.162644		0.217209		
0.261357		0.214807		0.0415031		0.482333		
0.000230313		0.000873125		0.998539		0.0003575		
0.040783		0.112017		0.451332		0.395867		
0.000382168		0.000445388		0.998758		0.000414632		
0.265605		0.236624		0.307006		0.190764		
0.13048		0.474948		0.212422		0.18215		
0.000248399		0.00014946		0.000156828		0.999445		
0.417276		0.436545		0.118937		0.0272425		
0.00125764		0.000142168		0.0014791		0.997121		
0.000121214		0.000137918		3.3837e-05		0.999707		
0.00135236		0.997621		0.000941743		8.48015e-05		
0.000648321		0.000391791		0.00114739		0.997812		
0.00102424		0.000449284		0.000421007		0.998105		
0.131366		0.504051		0.341435		0.0231481		
0.0520254		0.348689		0.27919		0.320095		
0.242657		0.220979		0.320979		0.215385		
0.0012579		0.000497507		0.00122115		0.997023		
0.265699		0.278766		0.299456		0.15608		
0.410095		0.0567823		0.39327		0.139853		
0.204744		0.305243		0.2603		0.229713		
0.297619		0.197751		0.271164		0.233466		
0.233363		0.0103417		0.383993		0.372302		
0.357856		0.25841		0.330499		0.0532348		
0.0409219		0.412041		0.42286		0.124177		
0.998027		0.000168067		0.000861702		0.000942887		
0.332739		0.179743		0.254636		0.232882		
0.359911		0.0938897		0.295455		0.250745		
0.322643		0.0233236		0.414966		0.239067		
0.15371		0.480565		0.0839223		0.281802		
0.101217		0.302544		0.154314		0.441925		
0.999469		0.000157857		0.000173036		0.000200357		
3.53102e-05		3.48996e-05		0.999895		3.52589e-05		
0.164352		0.277778		0.393519		0.164352		
0.0374532		0.0646067		0.463015		0.434925		
0.996543		0.00121064		0.00112443		0.00112196		
0.0948617		0.351285		0.391798		0.162055		
0.323448		0.290345		0.0806897		0.305517		
0.99675		0.00104846		0.00189856		0.000302985		
0.290789		0.33829		0.0202396		0.350682		
0.484277		0.17071		0.161725		0.183288		
0.000625057		0.00150307		0.00141875		0.996453		
0.314795		0.202139		0.201426		0.28164		
0.344274		0.090433		0.290503		0.274791		
0.584242		0.162424		0.190909		0.0624242		
0.0119048		0.171679		0.272556		0.54386		
0.165398		0.208016		0.357686		0.268899		
0.000841752		0.00124598		0.997602		0.000310703		
0.997387		0.00067095		0.00163406		0.000308275		
1.86237e-05		0.999727		8.94633e-05		0.00016535		
0.291696		0.142505		0.267417		0.298381		
0.997863		0.000526383		0.000825959		0.000784377		
0.492188		0.0136719		0.378255		0.115885		
0.000383486		0.000463529		0.000586579		0.998566		
0.999223		0.000131439		0.000250379		0.000395526		
0.0616438		0.425114		0.0730594		0.440183		
0.205263		0.123308		0.542105		0.129323		
0.00125312		0.000739791		0.997539		0.000468031		
0.000845822		0.996773		0.0013558		0.00102494		
0.398718		0.108974		0.28547		0.206838		
0.470421		0.0501656		0.11027		0.369143		
0.328453		0.185869		0.355188		0.13049		
0.0987984		0.371162		0.12016		0.40988		
0.285213		0.0432496		0.295733		0.375804		
0.00121173		0.997324		0.000829678		0.000634375		
0.00136989		0.996609		0.000545475		0.00147526		
0.000272764		0.996836		0.00141837		0.00147293		
0.441082		0.280147		0.262265		0.0165062		
0.000914073		0.000274404		0.00139746		0.997414		
0.0729271		0.315185		0.198801		0.413087		
0.00218348		0.996168		0.000628766		0.00101979		
0.00130509		0.000585042		0.99784		0.00027002		
0.340728		0.254658		0.368234		0.0363798		
0.294721		0.0865103		0.571114		0.047654		
0.997523		0.00115953		0.000431569		0.000885461		
0.351887		0.421698		0.189151		0.0372642		
0.162562		0.45977		0.323481		0.0541872		
0.00179758		0.99677		0.000691532		0.000741354		
0.0012479		0.000761681		0.996402		0.00158808		
0.00016374		0.000368415		0.99907		0.000397533		
0.999137		0.00025708		0.000337484		0.000268717		
0.00163915		0.997066		0.000113677		0.00118077		
0.000753499		0.000524222		0.997777		0.000944935		
0.000812838		0.000329711		0.000783232		0.998074		
0.384075		0.384075		0.134426		0.0974239		
0.192066		0.292231		0.204298		0.311405		
0.398471		0.232795		0.351317		0.0174172		
0.99893		0.000177705		0.000385027		0.000507581		
0.00116192		0.996938		0.00030874		0.00159184		
0.122519		0.479724		0.349439		0.0483175		
0.00114965		0.00076439		0.000339865		0.997746		
0.21963		0.211481		0.241852		0.327037		
0.289855		0.557971		0.0875604		0.0646135		
0.24192		0.421645		0.167973		0.168462		
0.700173		0.0381282		0.158579		0.10312		
0.138136		0.286441		0.264407		0.311017		
0.000589246		0.999211		0.0001505		4.93164e-05		
0.338164		0.276241		0.38296		0.00263505		
0.261613		0.345596		0.0914158		0.301375		
0.405702		0.0137061		0.533991		0.0466009		
0.00112802		0.996941		0.000513472		0.0014171		
0.000443207		0.998898		0.000492691		0.000165665		
0.287171		0.298156		0.179678		0.234994		
0.053211		0.288073		0.543731		0.114985		
0.000823489		0.00109556		0.00128017		0.996801		
0.99834		0.000137716		0.000847482		0.000674959		
0.101335		0.302791		0.323422		0.272451		
0.998035		0.000793033		0.000941205		0.000230606		
0.998594		0.000416197		0.000441004		0.000549049		
0.998672		0.000935881		0.000145658		0.000246586		
0.251729		0.358186		0.152191		0.237894		
0.164888		0.222519		0.358591		0.254002		
0.000596564		0.997824		0.000552324		0.00102689		
0.270622		0.401056		0.174319		0.154002		
0.305809		0.302392		0.288724		0.103075		
0.0156724		0.176441		0.505056		0.302831		
6.46334e-06		8.80709e-06		8.16707e-06		0.999977		
0.000657533		0.000239453		0.998457		0.000645983		
0.0664615		0.371077		0.552		0.0104615		
0.0970794		0.328671		0.266557		0.307692		
0.00031796		0.000147454		0.000233805		0.999301		
0.329114		0.103885		0.235268		0.331733		
0.224354		0.271956		0.139852		0.363838		
0.997418		0.000784464		0.000839653		0.000957914		
0.000602713		0.998223		0.000167176		0.00100745		
0.0466102		0.124697		0.460654		0.368039		
0.274629		0.00479512		0.35048		0.370096		
0.176602		0.332138		0.102645		0.388615		
0.411139		0.104592		0.292517		0.191752		
0.252632		0.286603		0.221531		0.239234		
0.000646296		0.000268903		0.998945		0.000139488		
0.404588		0.384776		0.0104275		0.200209		
0.219743		0.252874		0.239351		0.288032		
0.0413961		0.383523		0.181412		0.393669		
0.998383		0.000738906		0.000480068		0.000398213		
0.0887605		0.33771		0.375525		0.198004		
0.000785892		0.0012423		0.00105384		0.996918		
0.309409		0.36849		0.0547046		0.267396		
0.000392127		5.12695e-05		0.000435509		0.999121		
0.241798		0.333933		0.28764		0.136629		
0.000439055		0.998727		0.000482782		0.000351601		
0.397779		0.0803396		0.26192		0.259961		
0.99857		0.000429752		0.000638707		0.000361229		
0.000248572		0.000583826		0.99909		7.77584e-05		
0.266505		0.40534		0.115049		0.213107		
0.000361464		0.000337731		0.000195336		0.999105		
0.00138223		8.65758e-05		0.000285103		0.998246		
0.293248		0.563987		0.029582		0.113183		
0.996871		0.000588341		0.000227314		0.00231325		
0.226771		0.187672		0.404324		0.181233		
0.296203		0.117722		0.555063		0.0310127		
0.178517		0.361573		0.115734		0.344175		
0.23522		0.118239		0.291195		0.355346		
0.000629783		0.00030869		0.998938		0.000124027		
0.215122		0.143237		0.241747		0.399894		
0.000551314		0.000183771		0.000432884		0.998832		
0.391013		0.224681		0.00268276		0.381623		
0.366235		0.33346		0.0266768		0.273628		
0.352459		0.248634		0.226776		0.172131		
0.996246		0.0011152		0.000619065		0.00201965		
0.522992		0.182567		0.2814		0.0130405		
0.381209		0.0637417		0.398179		0.156871		
0.000683086		0.000168573		0.997867		0.00128115		
0.143939		0.397306		0.0614478		0.397306		
0.00113768		0.00081191		0.997344		0.000706663		
0.251615		0.192112		0.300918		0.255355		
0.0874855		0.0932793		0.404403		0.414832		
9.3775e-05		0.000379078		0.000327928		0.999199		
0.99948		3.9196e-05		0.000337603		0.000142732		
0.000651682		9.81839e-05		0.998395		0.000855603		
0.494939		0.115077		0.378796		0.0111881		
0.261174		0.338738		0.072305		0.327783		
0.996629		0.000249079		0.000232019		0.00289		
0.997129		0.00089306		0.000419928		0.00155811		
9.7922e-05		0.00016172		0.000263796		0.999477		
0.345093		0.0118757		0.322738		0.320293		
0.335446		0.153196		0.388801		0.122557		
0.53		0.195294		0.205882		0.0688235		
0.00117306		0.998348		2.17855e-05		0.000457495		
0.00069626		0.00027194		0.996734		0.00229742		
9.9865e-05		0.998254		0.00075568		0.000890549		
0.00104664		0.000919901		0.99743		0.000603774		
0.0975817		0.356385		0.307594		0.238439		
0.00217692		0.000854976		0.996711		0.000257169		
5.03343e-06		8.25948e-06		2.33209e-06		0.999984		
0.236057		0.581064		0.106355		0.076524		
0.258065		0.423963		0.0445469		0.273425		
0.997016		0.000673194		0.00211678		0.000194398		
0.132796		0.410692		0.241409		0.215104		
0.27783		0.27783		0.266228		0.178112		
0.788845		0.0866534		0.0926295		0.0318725		
0.997547		0.00161533		7.83553e-05		0.000759444		
0.000824011		0.000128034		0.00028233		0.998766		
0.198648		0.244688		0.235995		0.32067		
0.0230769		0.241453		0.398291		0.337179		
0.0874036		0.508997		0.19126		0.212339		
0.198358		0.371219		0.352204		0.0782195		
0.343039		0.178401		0.464796		0.0137639		
0.137102		0.306007		0.115194		0.441696		
0.346075		0.244143		0.02836		0.381422		
0.23368		0.157994		0.240303		0.368023		
0.452933		0.205321		0.31719		0.0245566		
0.00125971		0.000566531		0.000517504		0.997656		
0.000575689		0.998375		0.00039573		0.000653581		
0.154317		0.60707		0.112848		0.125765		
0.000309405		4.70833e-05		0.999559		8.49182e-05		
0.000584773		0.00064115		0.000977201		0.997797		
0.00137353		0.00188139		0.000526328		0.996219		
0.208556		0.368984		0.140107		0.282353		
0.000754653		0.00114125		0.997762		0.000342376		
0.998684		0.000183817		0.00107779		5.48027e-05		
0.0495595		0.112335		0.146476		0.69163		
0.0415094		0.322642		0.614465		0.0213836		
0.000147049		0.00213555		0.996391		0.00132678		
0.269608		0.231793		0.255252		0.243347		
0.997613		0.00179903		3.29823e-05		0.000554702		
0.0010715		0.997953		0.000146543		0.000828835		
0.000627067		0.000239351		1.63939e-05		0.999117		
0.329132		0.405235		0.00920989		0.256423		
0.000683382		0.000858073		0.997426		0.00103276		
0.269644		0.170153		0.376484		0.18372		
0.352237		0.448491		0.094693		0.104579		
0.000265425		0.000304171		0.999164		0.000266341		
0.0717432		0.325362		0.471366		0.131529		
0.000578711		0.99634		0.00127767		0.00180377		
0.000167674		0.999437		0.000112727		0.0002821		
0.355647		0.0718686		0.349487		0.222998		
0.000418726		0.998496		0.000656589		0.000428591		
0.996297		0.00232927		0.000439354		0.000934499		
0.148796		0.373085		0.204048		0.27407		
0.00150203		0.996504		0.000504991		0.00148908		
0.000506329		0.99907		7.3751e-05		0.000349608		
0		0.570968		0.324731		0.104301		
0.260405		0.242775		0.251156		0.245665		
0.0752409		0.338399		0.349518		0.236842		
0.354108		0.00679887		0.22153		0.417564		
0.216652		0.381826		0.133393		0.268129		
0.0016488		0.996531		0.000831632		0.000988317		
0.147752		0.125482		0.386724		0.340043		
0.000541899		4.1738e-06		0.999391		6.33027e-05		
0.111066		0.158197		0.39918		0.331557		
0.996148		0.0028008		0.000916148		0.000134618		
0.249234		0.275132		0.257588		0.218045		
0.414582		0.05522		0.287748		0.24245		
0.134367		0.351852		0.418174		0.0956072		
0.370416		0.000611247		0.599022		0.0299511		
0.997645		0.000389645		0.000960287		0.00100554		
0.00159976		0.996234		0.000632381		0.00153348		
0.000643722		0.998668		0.000171381		0.000516928		
0.998965		0.000369155		0.000365984		0.000300018		
0.166117		0.491749		0.174917		0.167217		
0.26301		0.39428		0.17909		0.163619		
0.0942912		0.0955741		0.513149		0.296985		
0.999824		7.56268e-05		5.43112e-05		4.58433e-05		
0.000177446		0.00113828		0.000488961		0.998195		
0.327485		0.220029		0.451023		0.00146199		
0.000985504		0.998375		0.000200808		0.000438688		
0.00103894		0.000262323		0.000952646		0.997746		
0.260366		0.327387		0.240598		0.171649		
2.6468e-05		4.00228e-05		0.999855		7.80405e-05		
0.198585		0.188248		0.522851		0.0903156		
0.602332		0.108808		0.0647668		0.224093		
0.0352505		0.552257		0.284477		0.128015		
0.999082		0.000211601		0.000334229		0.000372139		
0.27369		0.409778		0.0740927		0.24244		
0.000727948		0.000352032		0.000345801		0.998574		
0.000847427		0.000992535		0.997324		0.000835819		
0.000848645		0.00118687		0.996938		0.00102698		
0.000216689		0.998437		0.000305707		0.0010401		
0.189304		0.277589		0.502547		0.0305603		
0.236637		0.132517		0.106904		0.523942		
0.255043		0.131604		0.340538		0.272815		
0.00107694		0.997477		0.00095248		0.00049402		
0.00122573		0.00160243		0.000640591		0.996531		
0.999906		6.37697e-05		8.96953e-06		2.10108e-05		
1.63932e-05		1.92631e-05		3.46562e-05		0.99993		
0.9985		0.00110848		2.44698e-05		0.000367047		
0.996367		0.000512057		0.00144866		0.0016721		
0.000238818		0.000356034		0.000389524		0.999016		
0.306401		0.12347		0.308849		0.26128		
0.130658		0.303371		0.255859		0.310112		
0.152091		0.0735108		0.15526		0.619138		
2.83203e-05		3.51562e-05		0.000131836		0.999805		
0.99727		0.000194504		0.00132633		0.00120963		
0.000295438		0.00127533		0.997395		0.0010347		
0.11432		0.313478		0.212996		0.359206		
0.0655667		0.397308		0.214503		0.322623		
0.102018		0.0807175		0.659193		0.158072		
5.70458e-05		0.00143118		0.997477		0.00103521		
0.000394949		0.998789		0.00049841		0.000317579		
8.38047e-05		4.04058e-05		0.000371883		0.999504		
0.00167122		0.000546001		0.997031		0.00075153		
0.186494		0.204156		0.385455		0.223896		
0.399367		0.0881954		0.150158		0.36228		
0.217673		0.169842		0.269153		0.343332		
8.63245e-05		0.999598		0.000149793		0.000166227		
0.33568		0.106336		0.227492		0.330493		
0.266796		0.450258		0.200904		0.0820413		
0.997383		0.00105068		0.00107683		0.000489683		
0.288701		0.395907		0.213078		0.102313		
0.371074		0.369421		0.258678		0.000826446		
0.99852		0.000159059		0.000288085		0.00103332		
0.335075		0.202612		0.109328		0.352985		
0.000524488		0.998664		5.06402e-05		0.000760809		
0.998109		0.00147105		0.000275185		0.000144387		
0.997496		0.000280082		0.00136368		0.000860144		
0.221519		0.238698		0.488246		0.0515371		
0.000213404		6.62746e-05		0.99941		0.000310165		
0.376702		0.204992		0.056354		0.361952		
0.997875		0.000972561		0.000579268		0.000573171		
0.00131198		0.00114691		0.996508		0.00103329		
0.5166		0.0292165		0.204515		0.249668		
0.313958		0.290633		0.0255461		0.369863		
0.000281154		0.999102		0.0003055		0.000311783		
0.000610609		0.00115485		0.99652		0.00171501		
5.08494e-05		4.14824e-05		0.000560012		0.999348		
0.00135881		0.00118469		0.00116353		0.996293		
0.322034		0.265537		0.242232		0.170198		
0.000111299		0.000122443		0.000141258		0.999625		
0.000676382		0.000301118		0.997844		0.00117875		
0.00131831		0.99666		0.000939925		0.0010816		
0.000790827		0.00120482		0.997145		0.000859825		
0.997773		0.00141652		0.000556116		0.000253925		
0.000274482		0.99923		8.47955e-05		0.000410253		
0.00106538		0.997145		0.00138515		0.00040494		
0.998902		0.000515655		0.000217516		0.000364486		
0.996344		0.000980995		0.000944208		0.00173105		
0.99809		0.000651711		0.000500257		0.000758188		
0.997117		0.000465426		0.001506		0.000911386		
0.00048692		0.00146076		0.996617		0.00143513		
0.000105569		0.999758		0.000134667		1.95169e-06		
0.00135304		0.996707		0.000661965		0.00127796		
0.00118011		0.00126161		0.997145		0.000413745		
0.00144672		0.000876913		0.996215		0.00146152		
0.000404201		0.000386344		0.998988		0.000221174		
0.99877		0.000244734		0.000270227		0.000715507		
0.00157163		0.997164		0.000401267		0.000863042		
0.00112803		0.00141268		0.00130304		0.996156		
0.000271883		0.999219		0.000130319		0.000379048		
2.47897e-05		0.998809		0.000601713		0.000564904		
0.000138107		0.00201814		0.00107812		0.996766		
0.000403442		1.25655e-05		0.999379		0.000205087		
0.998859		3.94875e-05		0.000295592		0.000805545		
0.998578		0.000385928		0.000455354		0.000580593		
0.00172372		0.996789		4.54807e-06		0.00148267		
2.52976e-05		0.000194074		0.000311878		0.999469		
0.00153565		0.00177487		0.000470727		0.996219		
0.998449		0.00071399		0.000827011		9.78068e-06		
0.00116672		0.000800795		0.996945		0.00108717		
0.997633		0.000743808		0.000743808		0.000879571		
0.00196187		0.00120876		0.000477809		0.996352		
0.000163507		0.000153851		0.000147486		0.999535		
0.00103322		0.00141216		0.996641		0.000914		
0.99766		0.00106265		0.000230185		0.00104701		
0.000116109		3.11403e-06		0.999715		0.000165933		
0.00154559		0.000714542		0.00105628		0.996684		
0.996781		0.00234728		0.000850725		2.07494e-05		
0.00021746		0.000470183		0.000753763		0.998559		
0.998691		0.000468595		0.00035157		0.000488429		
0.000812832		0.99757		0.000824156		0.0007927		
2.48162e-05		1.36669e-05		0.000102142		0.999859		
0.000649005		0.000450496		0.998406		0.000494249		
0.000682335		0.996117		0.000890827		0.00230965		
0.999254		0.000201913		0.000232077		0.000312104		
0.000261907		0.000178221		0.000192685		0.999367		
0.000211964		0.00205866		0.00110047		0.996629		
0.000160065		0.998875		0.000576597		0.000388339		
0.99877		0.000647336		3.83901e-05		0.000544742		
0.000904879		0.997117		0.00125378		0.000724154		
0.998297		0.000739179		0.000766986		0.00019696		
0.000917259		3.49628e-05		0.998816		0.000231371		
0.000475182		0.00051716		0.997367		0.00164047		
5.90924e-05		0.997617		0.000752559		0.00157116		
0.000249469		0.996148		0.00185581		0.00174629		
0.000662344		0.00114574		0.997332		0.000859885		
0.000730414		0.998547		6.03329e-05		0.000662379		
0.00123087		0.997238		0.000918779		0.000612071		
0.000206502		0.000133619		0.0034255		0.996234		
0.999145		0.000153074		0.000573542		0.000128853		
0.000336968		0.000838008		0.000758618		0.998066		
0.000576783		0.00107401		0.000954676		0.997395		
0.996332		0.0010666		0.00142528		0.00117609		
0.000716005		0.000421553		0.998047		0.000815567		
0.999605		6.35542e-05		0.000241561		8.94161e-05		
0.000775418		0.000408451		0.000741912		0.998074		
0.00162259		0.000836967		0.000267008		0.997273		
0.99643		0.00205838		0.00101449		0.000497442		
0.997605		0.000629823		0.000291613		0.0014731		
0.999113		0.000258569		0.000311662		0.000316488		
8.86448e-05		9.9315e-05		0.000558134		0.999254		
0.000396602		0.999348		0.000126428		0.000129314		
0.999641		0.000228168		1.42327e-05		0.000116975		
0.999949		2.23172e-05		2.01518e-05		8.3122e-06		
0.00212682		0.000469118		0.997129		0.000275156		
0.00089269		0.997141		0.000643782		0.0013229		
0.000800607		0.000352956		0.998648		0.000198		
1.02586e-05		0.000103793		0.000323448		0.999563		
0.997242		0.000749772		0.00102867		0.000979374		
0.000351153		0.996574		0.00068189		0.00239274		
0.999891		4.28585e-05		2.13721e-05		4.51443e-05		
0.000514748		0.997574		0.000911378		0.000999656		
0.998996		0.000621308		0.000278494		0.000104104		
0.996793		0.00148938		0.000932484		0.000785164		
0.000374231		0.000645548		0.000753659		0.998227		
9.58644e-07		0.999996		1.11991e-06		1.82769e-06		
0.996512		0.001153		0.00185598		0.000479306		
0.000325161		0.99848		0.000632024		0.000562346		
0.000543834		0.000280618		0.000144297		0.999031		
0.000178722		0.000885753		0.997172		0.00176365		
7.84973e-05		0.000427628		8.76249e-05		0.999406		
0.00150201		0.996172		0.000807652		0.00151846		
0.00167462		0.000141253		0.000512256		0.997672		
0.998895		0.000301057		8.44234e-05		0.000719988		
0.00175985		0.000105208		0.996473		0.00166229		
0.000211899		0.999418		0.000206788		0.000163344		
0.000946242		0.000137762		0.998035		0.00088084		
0.00068758		0.000600334		0.99848		0.000231617		
1.50501e-05		0.000689649		0.000877332		0.998418		
0.00161556		0.000261909		0.00113034		0.996992		
0.00269482		8.64448e-05		0.996324		0.000894515		
0.999004		0.000381431		0.000260766		0.000353897		
9.99701e-05		0.997758		0.00139958		0.000742635		
9.59122e-05		0.000205084		0.000132597		0.999566		
0.000781849		0		0.998305		0.000913463		
0.997629		0.000538168		0.00138483		0.000448098		
0.000338627		0.999234		4.77049e-05		0.000379293		
0.00136191		0.996711		0.00104591		0.000881237		
0.000189506		0.998605		0.000684969		0.000520056		
0.00109019		0.000340264		0.00031564		0.998254		
0.999625		0.000142562		0.00022314		9.29752e-06		
0.996703		0.000751432		0.00133927		0.00120617		
0.000843453		0.000554269		0.000789778		0.997812		
0.00195575		0.000265471		0.997691		8.73704e-05		
0.000757416		0.000877151		0.000877151		0.997488		
0.00101771		0.996633		0.00116382		0.00118565		
0.000784161		0.998449		0.000485973		0.000280647		
0.000122315		0.000221585		0.000273288		0.999383		
0.996762		0.000256498		0.000206623		0.00277516		
0.000594584		0.000186362		0.997258		0.00196124		
0.00122016		0.997023		0.00104452		0.000711873		
0.000925084		0.00136399		0.00134374		0.996367		
3.84504e-05		0.000149622		0.999008		0.000804115		
0.000264168		0.000336666		0.998887		0.000512447		
0.000114926		0.99859		0.000499972		0.000795258		
0.000917201		5.6969e-05		0.000635205		0.998391		
0.0010474		0.000761019		0.997891		0.00030096		
0.000830414		0.00160303		0.000851707		0.996715		
0.997406		0.000843351		0.00116693		0.000583466		
0.000935002		0.000972954		0.00149048		0.996602		
0.0021367		0.996508		0.00109509		0.000260403		
0.000888755		0.00150551		0.997191		0.000414331		
0.00123629		0.000687982		0.997074		0.00100151		
0.00097669		0.000675749		0.00202725		0.99632		
0.996602		0.00199493		3.08949e-05		0.00137262		
0.000486861		0.000624888		0.000673407		0.998215		
0.000324112		0.999102		0.000356644		0.000217681		
0.000200242		0.00171607		0.001654		0.99643		
0.000556271		0.000643065		0.000581914		0.998219		
0.996418		0.0022343		0.00129768		5.00483e-05		
0.000393674		0.997902		0.00100815		0.000695829		
0.000795037		0.997508		0.000820468		0.000876682		
0.00129424		0.000863719		0.000681883		0.99716		
0.000528646		0.998852		0.000301854		0.000317938		
0.0013028		0.000419791		0.000648504		0.997629		
0.000187528		0.00128416		0.000770497		0.997758		
0.00104177		0.00121391		0.000576352		0.997168		
0.000187633		0.00087164		0.998195		0.000745414		
0.996281		0.000497303		0.00184713		0.00137432		
0.000695809		0.998141		0.000334588		0.000828978		
0.00100872		0.0012823		0.997195		0.000513665		
0.00104703		0.000281067		0.000414091		0.998258		
0.999027		0.000282476		0.000502337		0.000187843		
0.999594		6.23067e-05		0.000234153		0.000109791		
0.000939142		5.05542e-05		0.998695		0.000314992		
0.997105		0.00160893		0.000515014		0.000770584		
0.000960872		0.997422		0.000551532		0.00106572		
0.000137335		0.000968685		0.998246		0.000647886		
0.000374086		0.000283854		0.000193622		0.999148		
0.00101849		0.000569644		0.997578		0.000833741		
0.0017343		0.000206391		0.997406		0.000653058		
0.999086		0.000152848		0.000386913		0.000374302		
5.80422e-05		0.996418		0.00183869		0.0016853		
0.99959		0.000174063		0.000179016		5.70775e-05		
0.000574368		0.998516		0.000251729		0.000658278		
0.000383211		0.000183275		0.00059367		0.99884		
0.000701399		0.000517354		0.000519528		0.998262		
0.000753812		0.000919338		0.996273		0.00205341		
0.00204594		0.000439497		0.996473		0.00104191		
0.00060186		0.000479031		0.998418		0.00050114		
0.997203		0.000968576		8.21957e-05		0.0017461		
0.00079448		0.000480786		0.998488		0.000236452		
0.00122584		0.000639571		0.997828		0.000306461		
0.000610016		0.998473		0.000593113		0.000324215		
0.00116878		0.00086508		0.997695		0.00027083		
0.000267597		0.999289		0.000348427		9.49141e-05		
0.997434		0.000143642		0.000679906		0.00174286		
0.000540957		0.997687		0.0017608		1.07475e-05		
0.000928692		0.000707275		0.000953877		0.99741		
0.000674894		0.000727506		0.998559		3.9006e-05		
0.00127434		0.00197264		0.000596765		0.996156		
0.000359835		0.00105152		0.00198709		0.996602		
0.00118345		0.000352426		0.000413339		0.998051		
0.000933857		9.70675e-05		0.000734701		0.998234		
0.999605		0.000181674		0.000118495		9.43621e-05		
0.99848		0.000453722		0.00086178		0.000204029		
0.000450139		0.998715		0.000420576		0.000414441		
0.999016		0.000539345		2.30549e-05		0.000421975		
0.00117925		0.000621916		0.997152		0.00104649		
0.000360972		0.000905835		2.72432e-06		0.99873		
0.996578		0.00172439		0.000722465		0.000975017		
0.000334066		4.50037e-05		0.00135531		0.998266		
0.00119531		0.0020738		0.00031683		0.996414		
0.000671527		0.998801		0.000184288		0.000343404		
0.000192564		0.00160759		0.00109048		0.997109		
0.000123523		0.000242085		0.999316		0.000317985		
0.000977501		0.000915752		0.000919247		0.997188		
0.997484		0.000352059		0.000166428		0.00199714		
0.00109802		0.998527		0.000287137		8.74967e-05		
0.000497085		0.00192861		0.996395		0.00117978		
0.996406		0.000907738		0.000808532		0.00187748		
1.4752e-05		1.50727e-05		3.26753e-05		0.999938		
0.000390387		0.000217038		0.000248044		0.999145		
0.000751407		0.000528712		0.000536287		0.998184		
0.0010869		0.000399645		6.81475e-05		0.998445		
0.000102596		0.000111809		0.99975		3.55946e-05		
0.00101356		0.00086405		0.000774733		0.997348		
8.77857e-05		0.000124684		0.000123468		0.999664		
0.00108418		0.000949234		0.996992		0.000974394		
0.00032237		0.998742		0.000309378		0.000626064		
0.00206148		0.00158349		0.000132366		0.996223		
0.00104849		0.000459731		0.99823		0.000261309		
0.996652		0.000694474		0.00026165		0.00239153		
9.21057e-05		0.999785		2.20887e-05		0.000100649		
0.998598		0.000626502		0.000197603		0.000578239		
0.00170016		0.997523		0.000171556		0.000604844		
4.26161e-05		5.88937e-05		7.42715e-05		0.999824		
3.49053e-05		1.55709e-05		8.11752e-06		0.999941		
0.00127436		0.00096067		0.00120247		0.996563		
0.998422		0.000660945		4.66972e-05		0.000870483		
0.997371		0.000322206		0.000377127		0.00192957		
0.000265619		6.60313e-05		0.999418		0.000250381		
0.000970288		0.996371		0.00125407		0.00140455		
0.997598		0.000919082		0.000908474		0.000574788		
0.000707607		0.996746		0.00165048		0.00089582		
3.82518e-05		0.0011348		0.00153007		0.997297		
0.000527241		5.85824e-05		0.996824		0.00258996		
0.0011242		0.00264571		0.996098		0.000132439		
0.00217981		0.996848		0.000592462		0.00038007		
0.00147595		0.000770478		0.00128092		0.996473		
0.99775		0.000330247		0.000850309		0.00106944		
0.00081855		0.000320738		0.000286493		0.998574		
0.000985738		0.997129		0.00125337		0.000631985		
0.00200338		0.0005368		0.997055		0.000405132		
0.997785		0.000894738		0.000181515		0.00113859		
0.0013384		0.000386031		0.000127136		0.998148		
0.00152894		0.00082293		0.000265316		0.997383		
0.997211		0.00118058		0.000894028		0.000714458		
0.00041271		7.91729e-05		0.999008		0.000500305		
0.00024951		9.94848e-05		0.999504		0.000147099		
0.000275804		0.000864946		0.000804563		0.998055		
0.000978171		0.99748		0.00136499		0.000176367		
0.00111383		0.000439617		0.997469		0.000977804		
0.000619239		0.000449067		0.000146538		0.998785		
0.00130342		0.00099563		0.996723		0.00097829		
0.0011594		0.997797		9.4645e-05		0.000949079		
0.996379		0.00194268		0.000907795		0.000770617		
0.00102254		0.997203		0.000246125		0.00152821		
0.000555156		0.00102679		0.997727		0.000691489		
7.19965e-06		5.78622e-06		0.999984		2.63913e-06		
0.000221933		0.000404059		0.000448227		0.998926		
0.99725		0.00192238		1.43105e-05		0.000813313		
0.00185095		0.997199		0.000411593		0.000538237		
0.000326735		0.00171589		0.00112144		0.996836		
0.000499344		0.000664299		0.998645		0.000191826		
7.1059e-05		0.99975		0.000104839		7.41023e-05		
0.00106059		0.997301		0.00118282		0.000455811		
0.999836		6.36456e-05		5.76914e-05		4.27254e-05		
0.00201966		0.996961		0.000823179		0.000196223		
0.000182786		0.000329705		0.000241416		0.999246		
0.000260191		0.000652096		0.998363		0.000724432		
0.000292702		0.99932		0.000339492		4.74937e-05		
3.39261e-05		0.999945		2.8311e-06		1.79303e-05		
0.998293		0.000181154		0.000741538		0.000784339		
0.000597426		0.997969		0.000161104		0.00127272		
0.0023057		0.000270037		0.996469		0.000955515		
6.62198e-05		4.5639e-05		5.61099e-05		0.999832		
0.000189065		0.998629		0.000442144		0.000739884		
0		0.000473598		0.000397495		0.999129		
4.03708e-06		0.999883		3.43152e-05		7.88352e-05		
0.99973		0.000101196		4.81653e-05		0.00012017		
0.000126542		0.999605		0.000119254		0.000148736		
0.000699719		0.998055		0.000836883		0.00040871		
0.00175217		0.000550996		0.00106012		0.996637		
0.000750665		0.000718722		0.997336		0.00119468		
0.997777		0.000482231		0.000733176		0.00100725		
0.00138853		0.996363		0.000481122		0.00176706		
3.66379e-05		0.000305316		0.99927		0.000388515		
7.75592e-05		0.996133		0.00192174		0.00186788		
0.000281625		0.00066054		0.00156174		0.997496		
0.000108302		0.000645479		0.998625		0.000621219		
0.00144661		0.996555		0.00137494		0.000623766		
0.00109592		0.996828		0.00144533		0.000630625		
0.00049468		0.000489404		0.00032451		0.998691		
0.000397206		0.99923		0.000128328		0.000243998		
0.999313		9.29682e-07		0.0003226		0.000363971		
0.00042846		0.997441		0.000879897		0.00125024		
3.61125e-05		9.10441e-05		6.81559e-05		0.999805		
0.000885423		0.998		0.000507499		0.000607079		
0.996207		0.00127245		0.000434992		0.00208552		
