0.229215		0.0519063		0.291686		0.427193		
0.999246		0.000191208		0.000321902		0.000240796		
0.213039		0.102388		0.259871		0.424702		
0.000404339		0.00111443		0.00106326		0.997418		
0.155746		0.0131048		0.339214		0.491935		
0.32376		0.261423		0.245431		0.169386		
0.000401739		0.000410023		0.999152		3.58942e-05		
8.4351e-05		1.59505e-05		0.999809		9.11048e-05		
0.246182		0.331636		0.171273		0.250909		
0.309459		0.227326		0.103931		0.359284		
0.133729		0.272022		0.396623		0.197627		
3.69345e-05		0.999914		3.06952e-05		1.83078e-05		
0.999		0.000519424		0.000194245		0.000286331		
0.00141131		0.996652		0.00107253		0.000863808		
0.313738		0.146326		0.35655		0.183387		
0.430585		0.293319		0.0302714		0.245825		
0.99891		0.000566437		0.000212326		0.000311082		
0.0017167		0.000623519		0.00146837		0.996191		
0.00105743		0.000627793		0.998043		0.00027181		
0.000681951		0.99852		0.000607264		0.000191253		
0.495618		0.0847128		0.350536		0.0691334		
0.31621		0.355403		0.295282		0.033105		
0.0373062		0.426357		0.340601		0.195736		
0.00059821		0.000429579		0.000300336		0.998672		
0.000900344		0.000567229		0.00108321		0.997449		
0.998188		9.61018e-05		0.00103232		0.000684079		
8.83872e-05		0.997219		0.00263688		5.59785e-05		
0.99616		0.000994734		0.00090622		0.00193889		
0.998863		0.00034107		0.00033401		0.000461639		
0.99909		4.69918e-05		1.48395e-05		0.000848325		
0.310969		0.304561		0.038447		0.346023		
0.260395		0.153374		0.296864		0.289366		
0.00178926		0.997004		0.000285609		0.000921229		
0.193529		0.0860806		0.1337		0.586691		
0.125394		0.362949		0.0907372		0.42092		
0		0		0		1		
0.330921		0.0598684		0.173026		0.436184		
0.279561		0.346907		0.159749		0.213782		
0.28181		0.240591		0.0479391		0.429659		
0.99834		0.000379981		0.000436526		0.000843649		
0.161939		0.124807		0.467767		0.245487		
0.000867301		0.997676		0.000540559		0.000916359		
0.0204082		0.45805		0.344671		0.176871		
0.000815858		0.00100193		0.997289		0.000893149		
0.00151946		0.000612003		0.00102088		0.996848		
0.000709283		0.996211		0.0013299		0.00174987		
0.0943239		0.808848		0.00500835		0.0918197		
0.532805		0.256222		0.0294118		0.181561		
0.318519		0.205556		0.270741		0.205185		
0.000458459		0.000663284		0.998824		5.40389e-05		
0.219885		0.205864		0.270236		0.304015		
0.408656		0.190595		0.105701		0.295048		
0.000547918		0.000298978		0.000586698		0.998566		
0.44186		0.162316		0.233507		0.162316		
0.000148548		0.998437		0.000415383		0.00099857		
0.302853		0.307242		0.284199		0.105706		
0.00148962		0.996973		0.000698481		0.000839246		
0.413422		0.220795		0.214167		0.151616		
0.99709		0.00198981		0.000624437		0.000295909		
0.00103361		0.997027		0.000706988		0.00123206		
0.996816		0.000899507		0.00100939		0.00127469		
0.000976554		0.000860103		0.996359		0.00180397		
0.00015129		0.000532597		0.999043		0.000273144		
0.319963		0.06639		0.360996		0.252651		
0.162229		0.460681		0.325697		0.0513932		
0.000887903		0.998473		0.000259812		0.000379629		
0.00047351		0.000234339		0.999215		7.73077e-05		
0.000325425		0.000240365		0.000442023		0.998992		
0.997527		0.0010455		0.000406515		0.00102064		
0.000510404		0.000279425		0.999113		9.68902e-05		
0.0750444		0.379663		0.157194		0.388099		
0.00561798		0.404494		0.210273		0.379615		
0.000274399		0.000103882		0.999613		8.43856e-06		
0.000453166		0.00166686		0.00124325		0.996637		
0.246948		0.212207		0.187324		0.353521		
0.0017409		0.996137		4.85511e-05		0.00207383		
0.18539		0.237783		0.387909		0.188917		
0.00082232		0.9985		0.000488537		0.000189144		
0.999246		6.25154e-05		4.01885e-05		0.000651202		
0.000397308		0.000419411		0.000167656		0.999016		
0.000434246		0.00108735		0.996547		0.00193153		
0.328644		0.0959596		0.309885		0.265512		
0.997711		0.00015994		0.00100698		0.00112214		
0.000521143		0.996195		0.00184955		0.001434		
0.335074		0.037859		0.353351		0.273716		
0.00137164		0.99632		0.000782538		0.00152551		
0.395218		0.11955		0.131271		0.353962		
0.242349		0.416091		0.129319		0.212241		
0.412388		0.121094		0.0764509		0.390067		
0.000119754		0.999523		0.000244419		0.000112389		
0.384285		0.225176		0.0746677		0.315872		
0.263617		0.257081		0.0266885		0.452614		
0.00168205		0		0.996512		0.00180623		
0.000948917		0.000576128		0.996707		0.00176792		
0.191814		0.00963082		0.225522		0.573034		
0.0313316		0.265448		0.427328		0.275892		
0.191292		0.282825		0.258142		0.267741		
0.0946003		0.347844		0.205944		0.351612		
0.000154242		0.00180626		0.996367		0.00167231		
0.353247		0.429437		0.161472		0.0558442		
0.000620425		0.000558895		0.997605		0.00121521		
0.000809531		0.99634		0.00169196		0.00115867		
0.29678		0.179655		0.423705		0.09986		
0.00129042		0.00136656		0.997062		0.000280525		
0.00175442		0.996387		0.00131183		0.000547038		
0.134256		0.0234798		0.410596		0.431668		
0.221472		0.262577		0.333129		0.182822		
0.998762		0.000351692		0.000749185		0.000137405		
0.0792079		0.171917		0.331233		0.417642		
0.0008507		0.000414819		0.998516		0.000218856		
0.00106263		0.996891		0.00098221		0.00106454		
0.225103		0.112346		0.288889		0.373663		
0.20251		0.189281		0.298168		0.310041		
0.1648		0.442667		0.138133		0.2544		
0.000551656		0.996117		0.00150838		0.00182278		
0.000121886		4.48367e-05		0.999754		7.9371e-05		
0.142576		0.270696		0.478975		0.107753		
0.000669053		0.000585036		0.998617		0.000128723		
0.415475		0.0526658		0.336801		0.195059		
0.0952733		0.0952733		0.458641		0.350812		
0.000424869		0.000140074		0.998988		0.000446776		
3.25462e-05		6.48672e-05		0.000101805		0.999801		
0.997434		3.53987e-05		0.000917838		0.00161317		
0.000191204		0.99952		0.00022042		6.8845e-05		
0.0350679		0.482466		0.373869		0.108597		
0.000152716		0.000176072		0.998094		0.00157746		
0.000238608		0.999516		0.000156459		8.93077e-05		
0.997207		0.00101766		0.00124894		0.000526373		
0.378922		0.104412		0.0607843		0.455882		
0.99907		0.000492111		0.000423943		1.36337e-05		
0.354149		0.354987		0.10855		0.182313		
0.00125906		0.00112667		0.997227		0.000387714		
0.000839844		0.99748		0.00049322		0.00118647		
0.316699		0.350608		0.161228		0.171465		
0.281903		0.212684		0.131477		0.373937		
0.998242		0.000141684		0.000344089		0.00127204		
0.00126079		0.99675		0.000737956		0.00125126		
0.001812		0.000801753		0.997156		0.000229993		
0.000329305		0.997137		0.00127257		0.00126141		
0.364105		0.145556		0.31945		0.170889		
0.35725		0.234822		0.0647265		0.343201		
0.361856		0.258763		0.103608		0.275773		
0.138043		0.466304		0.0282609		0.367391		
0.00132387		0.997719		0.000107206		0.000850171		
0.220827		0.230322		0.258806		0.290046		
0.0357143		0.22205		0.397516		0.34472		
0.000954727		0.99775		0.000310674		0.000984599		
0.00103846		0.000589973		0.997023		0.00134813		
0.000255423		0.000142507		0.000566914		0.999035		
0.000934678		0.997738		0.000735115		0.000591925		
0.000326979		0.996285		0.00267487		0.000712996		
0.289869		0.23426		0.24992		0.225951		
0.26826		0.24834		0.0478088		0.435591		
0.000338879		0.000666989		0.998715		0.000279288		
0.273908		0.27745		0.215466		0.233176		
0.12263		0.0297092		0.486094		0.361568		
0.000112423		0.999758		6.82909e-05		6.14738e-05		
0.141067		0.137355		0.420418		0.30116		
0.00164269		0.996801		0.000336321		0.00122021		
0.265772		0.322148		0.0778523		0.334228		
0.997484		0.00132162		0.000760076		0.000433924		
0.118034		0.339783		0.263932		0.278251		
0.251415		0.117219		0.299515		0.331851		
0.999855		4.02227e-05		4.35351e-05		6.07734e-05		
0.304404		0.0272021		0.642487		0.0259067		
0.359494		0.122785		0.451899		0.0658228		
0.340619		0.16		0.299794		0.199588		
0.000781617		0.000106773		0.9985		0.00061161		
0.000814725		0.00102546		0.00106998		0.99709		
0.286484		0.163898		0.395599		0.154019		
0.000875455		0.000597147		0.00205084		0.996477		
0.996348		0.00150378		0.00161407		0.000534489		
0.999043		0.000105451		0.000587952		0.000263628		
0.541466		0.0949519		0.223558		0.140024		
8.67687e-05		0.000114281		0.998379		0.00142004		
0.000363656		0.00194432		0.000617803		0.997074		
0.283516		0.0684488		0.277035		0.371		
0.433301		0.507303		0.0185005		0.0408958		
0.142751		0.263197		0.466914		0.127138		
0.0666023		0.262548		0.405405		0.265444		
0.0899015		0.364532		0.441502		0.104064		
0.996801		0.000790796		0.00152153		0.000886892		
0.00149914		0.996828		0.0013183		0.00035444		
0.000348438		0.000232813		0.000395312		0.999023		
0.131062		0.285758		0.301412		0.281768		
0.299273		0.170182		0.178182		0.352364		
0.000240901		2.3313e-05		0.000548286		0.999188		
0.000205149		0.000238505		9.93144e-05		0.999457		
0.311927		0.27156		0.287156		0.129358		
0.150051		0.371312		0.467447		0.0111902		
0.887265		0.00417537		0.0782881		0.0302714		
0.478632		0.277244		0.079594		0.16453		
0.326531		0.479082		0.0540816		0.140306		
0.19081		0.549844		0.105919		0.153427		
1.83911e-05		0.999473		0.000304252		0.000204701		
0.000152541		0.000524742		0.998406		0.000916467		
0.343969		0.0782343		0.155594		0.422203		
0.326493		0.0429104		0.274254		0.356343		
0.014876		0.0336088		0.404959		0.546556		
0.333614		0.201935		0.360118		0.104333		
9.56722e-05		0.000124545		0.999668		0.000111814		
0.000165934		0.999254		0.000179965		0.000400194		
0.335456		0.00849257		0.0184006		0.63765		
0.998074		0.000463042		0.00142712		3.56186e-05		
0.997313		0.000950179		0.000865026		0.000872295		
0.0687606		0.685908		0.177419		0.0679117		
0.999383		0.000174502		0.00032237		0.000120315		
0.000163765		0.00210591		0.996105		0.00162485		
0.00120791		0.00147518		0.000145032		0.997172		
0.000111801		8.54037e-05		0.999687		0.000115295		
0.0009417		0.997531		0.000492633		0.00103442		
0.334968		0.0416871		0.419814		0.203531		
0.266289		0.237394		0.0770538		0.419263		
0.362434		0.274754		0.349584		0.0132275		
7.95312e-05		0.00131558		0.000593171		0.998012		
0.370906		0.23572		0.247144		0.14623		
5.39279e-05		0.000772966		0.000602794		0.99857		
0.000913607		0.00160389		0.000334067		0.997148		
8.54136e-06		0.99998		1.09785e-05		1.13885e-08		
0.153141		0.416667		0.233857		0.196335		
0.000142517		0.0010587		0.996352		0.00244722		
0.00185784		0.996109		0.00141679		0.000615995		
0.0464839		0.196663		0.286651		0.470203		
0.284096		0.392554		0.0372319		0.286119		
0.00046578		0.000108469		0.000183563		0.999242		
0.000642853		0.997039		0.000119854		0.00219823		
0.276211		0.171789		0.277474		0.274526		
0.00193652		0.000369821		0.00068585		0.997008		
0.396586		0.177451		0.147678		0.278285		
0.000771577		0.996812		0.000763145		0.00165278		
0.290837		0.254482		0.109064		0.345618		
0.000910866		0.000145371		0.998219		0.000725013		
0.0488459		0.213634		0.277509		0.460011		
0.194106		0.190041		0.143801		0.472053		
0.372959		0.153571		0.217857		0.255612		
0.00131166		0.00051079		0.000286925		0.997891		
0.000426115		0.996738		0.00202598		0.000809619		
3.40756e-05		0.99993		9.86968e-06		2.63672e-05		
0.000250618		0.999441		0.000135644		0.000172332		
0.490566		0.239197		0.204504		0.0657334		
0.00106883		0.00105682		0.99673		0.00114389		
0.000112143		0.000496634		0.00032091		0.99907		
0.268577		0.408936		0.228266		0.0942205		
0.000725441		0.00132673		0.997094		0.000854076		
0.46789		0.146177		0.0366972		0.349235		
0.000530339		0.000386541		0.000633901		0.998449		
0.997488		0.00111304		0.00108472		0.000313965		
0.99659		0.001365		0.00183334		0.000211811		
0.000378523		0.00156594		0.00185632		0.996199		
0.268057		0.266022		0.076297		0.389624		
0.0586836		0.315623		0.263283		0.362411		
0.000204639		0.000443222		0.000410732		0.998941		
0.382764		0.218584		0.388541		0.0101107		
0.997113		0.00134105		0.00133428		0.000211388		
0.00118023		0.996348		0.000853277		0.00161883		
0.350362		0.159642		0.383993		0.106003		
4.26599e-05		0.00114382		0.00110649		0.997707		
0.416397		0.0156419		0.0722762		0.495685		
0.342556		0.342191		0.0673462		0.247907		
0.000271775		0.000880153		0.998711		0.000137134		
0.0766088		0.220123		0.463739		0.23953		
0.998891		0.000180133		0.000659909		0.000269333		
0.478025		0.101746		0.270319		0.14991		
0.235005		0.188299		0.104228		0.472468		
0.314446		0.0909091		0.442092		0.152553		
0.164808		0.252478		0.274783		0.307931		
0.229817		0.250442		0.0135533		0.506187		
0.000674607		0.000880864		0.00101875		0.997426		
0.313466		0.229029		0.364238		0.0932671		
8.876e-05		0.999461		0.000146633		0.00030367		
0.996293		0.00082697		0.00171569		0.00116437		
0.349974		0.274829		0.34577		0.0294272		
4.97921e-06		6.22401e-06		0.000117703		0.999871		
0.000340192		0.996805		0.00131446		0.00154066		
0.3882		0.395468		0.145789		0.070543		
0.000971709		0.00106031		0.00106173		0.996906		
0.00163027		0.000922276		0.000853705		0.996594		
0.320352		0.270572		0.336607		0.0724687		
0.0809129		0.134855		0.348548		0.435685		
0.998598		0.000462164		0.000686539		0.000253641		
0.414489		0.171022		0.392022		0.0224668		
0.000383438		0.00168356		2.67515e-05		0.997906		
0.267484		0.270771		0.205918		0.255828		
0.000220084		9.33689e-05		0.996719		0.0029678		
0.106003		0.0540833		0.539751		0.300162		
0.00088099		4.9185e-05		0.998527		0.000542481		
0.996523		0.00112044		0.00108018		0.00127594		
0.000151503		8.60752e-05		0.999711		5.14842e-05		
0.168893		0.378817		0.0906489		0.361641		
0.229913		0.300581		0.144724		0.324782		
0.290039		0.22168		0.462891		0.0253906		
0.084264		0.0619289		0.430457		0.42335		
0.150602		0.168675		0.326054		0.354669		
0.371379		0.327713		0.223087		0.077821		
0.00024731		0.99952		0.000202023		3.11349e-05		
0.0201049		0.310315		0.355769		0.313811		
0.0737052		0.197211		0.404382		0.324701		
9.21527e-05		5.52199e-05		0.999828		2.45023e-05		
0.0135135		0.352063		0.282717		0.351707		
0.284611		0.260422		0.0149254		0.440041		
0.310606		0.381734		0.232323		0.0753367		
0.000957024		0.99766		0.00128549		9.73245e-05		
0.393964		0.402121		0.0766721		0.127243		
0.000157986		0.000121297		7.61852e-05		0.999645		
0.335433		0.106037		0.117585		0.440945		
0.0616541		0.654135		0.23609		0.0481203		
0.999137		0.000249189		0.000326331		0.00028776		
0.996566		0.000301581		0.00257312		0.000558893		
0.0900833		0.389856		0.0946253		0.425435		
0.00121318		0.000696644		0.996211		0.00187924		
0.251613		0.231085		0.217009		0.300293		
0.997324		0.000760735		0.00119657		0.000718472		
0.996477		0.000543718		0.000475753		0.00250397		
0.0289593		0.408597		0.320362		0.242081		
0.00101342		0.996742		0.0022141		3.02924e-05		
0.000667294		0.99859		0.000533026		0.000209837		
0.000553005		0.000810702		0.00119098		0.997445		
0.212511		0.122005		0.247116		0.418367		
0.000105801		0.000276115		0.0023173		0.997301		
0.996117		0.0025666		0.00121475		0.000101458		
0.000873923		0.0013948		0.00087971		0.996852		
0.0240623		0.577495		0.176929		0.221515		
0.115796		0.327879		0.546885		0.0094399		
0.00102789		0.0014651		0.996961		0.000546068		
0.996375		0.000139796		0.00179017		0.00169503		
0.000935664		0.00108471		0.997199		0.00078041		
0.0962588		0.32463		0.332034		0.247077		
5.11733e-05		0.000152092		0.000195172		0.999602		
0.000596339		0.997445		0.00101493		0.000943415		
0.000396306		0.000489903		0.000172384		0.998941		
0.300946		0.00128977		0.284179		0.413586		
0.226391		0.142917		0.300169		0.330523		
0.300372		0.409357		0.28017		0.010101		
4.96421e-05		0.000181132		0.999633		0.000136413		
0.222003		0.310804		0.0537741		0.413419		
0.173821		0.26868		0.0423953		0.515103		
0.079784		0.584883		0.278344		0.0569886		
0.000704225		0.554225		0.348592		0.0964789		
0.998391		0.00018551		0.000761467		0.000662398		
0.338593		0.39403		0.0716418		0.195736		
0.00107718		0.996211		0.00145969		0.00125219		
0.574377		0.1092		0.214101		0.102322		
0.000484638		0.000491464		0.00127781		0.997746		
8.72663e-05		0.000536853		0.999191		0.000184474		
0.284104		0.00601278		0.370913		0.33897		
0.000798907		0.000892238		0.99802		0.000289324		
0.197795		0.139214		0.00482426		0.658167		
0.336097		0.236042		0.325594		0.102266		
0.000187585		0.998844		0.000496253		0.000472413		
0.312995		0.239116		0.233179		0.21471		
0.0920245		0.782822		0.106748		0.0184049		
0.226976		0.22556		0.276282		0.271182		
0.209485		0.174343		0.301604		0.314568		
0.000988197		0.998074		0.000857871		7.97137e-05		
0.226504		0.280771		0.224931		0.267794		
0.379505		0.329136		0.0633956		0.227964		
0.27829		0.250121		0.0145702		0.457018		
0.00184223		0.99675		0.000262909		0.00114487		
0.00108094		0.00104145		0.000424479		0.997453		
0.355273		0.136		0.233091		0.275636		
0.00136902		0.00110719		0.000285503		0.997238		
0.229264		0.0641628		0.535211		0.171362		
0.261426		0.0585009		0.351371		0.328702		
0.65		0.0273973		0.14726		0.175342		
0.999742		4.54963e-05		7.77229e-05		0.000134593		
0.0607808		0.31189		0.432564		0.194765		
0.00111154		0.000429051		0.00102972		0.99743		
0.254717		0.172384		0.361921		0.210978		
0.997727		0.00097433		0.00034355		0.000955557		
0.154084		0.296167		0.369725		0.180023		
0.000421227		0.000180777		0.000159715		0.999238		
0.357005		0.0753623		0.375362		0.192271		
0.260523		0.365946		0.0360258		0.337505		
0.310196		0.317855		0.243657		0.128291		
0.000102286		7.58302e-05		9.14154e-05		0.99973		
0.177411		0.00257865		0.513667		0.306343		
0.000298584		0.00029115		0.999125		0.000285265		
0.000192393		6.44494e-06		0.000176162		0.999625		
0.205095		0.423143		0.166667		0.205095		
0.9965		0.00115886		0.00061845		0.00172269		
0.26915		0.280565		0.272154		0.178132		
0.120453		0.254606		0.232404		0.392537		
0.000798307		0.00187939		0.000478549		0.996844		
3.17269e-05		4.95889e-05		4.62164e-06		0.999914		
0.000282183		0.000249534		0.999297		0.000171409		
0.000897406		0.997086		0.0011081		0.000908554		
0.000523591		0.000208452		0.00156093		0.997707		
0.000521091		0.00122924		0.00186295		0.996387		
0.149227		0.358864		0.160014		0.331895		
0.997973		0.000510765		0.000108439		0.00140814		
0.287149		0.131325		0.341767		0.239759		
0.996695		0.000821674		0.00117703		0.00130598		
0.132265		0.411824		0.361222		0.0946894		
0.000597957		0.00191711		0.996113		0.00137165		
0.997512		0.00118559		0.0004596		0.000843088		
0.00012274		0.999117		0.000192972		0.0005671		
0.500843		0.195616		0.133221		0.17032		
0.225845		0.318237		0.0700483		0.38587		
0.45593		0.0979325		0.345484		0.100653		
0.00227096		0.996496		0.00119772		3.52269e-05		
0.998957		0.000111837		0.000295691		0.00063544		
0.22408		0.0183946		0.369983		0.387542		
0.128289		0.282895		0.324013		0.264803		
0.0488007		0.247725		0.364764		0.33871		
0.0381773		0.280172		0.200739		0.480911		
0.99725		0.000478845		0.000158869		0.00211229		
0.202669		0.357798		0.151793		0.28774		
6.83694e-05		7.12181e-05		0.999723		0.000137756		
0.996613		0.000721526		0.00135041		0.00131478		
0.000646018		0.000238938		0.9975		0.00161504		
0.000265625		0.99927		0.000144886		0.000319957		
0.463492		0.372222		0.153968		0.0103175		
0.997891		0.00104611		0.000690875		0.000372387		
0.4249		0.0327869		0.285335		0.256978		
0.37606		0.158603		0.0932668		0.37207		
0.000758842		0.997324		0.00065263		0.00126431		
0.146672		0.236179		0.244829		0.37232		
0.34757		0.135493		0.166421		0.350515		
6.26834e-05		9.5601e-05		5.77808e-06		0.999836		
0.000407723		0.997578		0.000735532		0.00127862		
0.000382489		0.00173532		0.996129		0.00175329		
0.997898		0.000680446		0.000835052		0.000586064		
0.000738899		0.99641		0.00144291		0.00140803		
0.26943		0.25541		0.294118		0.181042		
0.259259		0.195556		0.264444		0.280741		
0.000370194		7.14987e-05		0.000187214		0.999371		
2.31799e-05		0.999297		5.48592e-05		0.000625086		
0		0		1		0		
0.0378274		0.401067		0.0945684		0.466537		
0.000560501		0.998		0.00119889		0.000240612		
0.997684		0.000499904		0.000844161		0.000972341		
0.0903253		0.350599		0.132705		0.42637		
0.16851		0.356479		0.306502		0.16851		
0.99768		4.24447e-05		0.00111771		0.00116016		
0.165259		0.239445		0.12123		0.474065		
0.997641		0.00106268		8.6958e-05		0.00120974		
0.257919		0.306938		0.0799397		0.355204		
0.00178174		0.996387		0.000883492		0.000948048		
0.00013871		0.000170497		0.000362668		0.999328		
0.000224262		0.00029101		0.999227		0.000258166		
0.0015085		0.996238		0.0018342		0.000419027		
0.99898		0.00038267		1.38148e-05		0.000623047		
0.996133		0.00092907		0.00173996		0.00119816		
0.000316921		0.000615268		0.000759217		0.998309		
0.368896		0.32006		0.0792637		0.231781		
0.000701233		0.998852		2.47661e-05		0.000422438		
0.191585		0.607814		0.162284		0.0383171		
7.50849e-05		0.000462491		0.999074		0.000388205		
0.379812		0.212575		0.269889		0.137725		
0.998996		0.000416372		8.13322e-05		0.000506202		
0.00101696		0.000615198		0.0010905		0.997277		
0.000685207		0.998523		0.000501429		0.000289926		
6.13324e-06		9.14653e-05		0.999855		4.69327e-05		
0.0001795		0.000247863		0.999293		0.000279669		
0.330848		0.174278		0.309879		0.184995		
0.000639873		0.00204135		0.000642994		0.996676		
0.000913597		0.997602		0.000515995		0.000968846		
0.996527		0.000982396		0.00105746		0.0014328		
0.000287636		0.00160231		0.996672		0.00143818		
0.0671401		0.450613		0.17366		0.308586		
0.0113852		0.214421		0.358001		0.416192		
0.997766		0.000755545		0.000913445		0.000565385		
0.0366146		0.189676		0.592437		0.181273		
0.00129204		0.000938053		0.9975		0.000269912		
6.64244e-05		0.999355		0.000310266		0.00026784		
0.14192		0.187039		0.377358		0.293683		
0.314447		0.140338		0.259287		0.285929		
0.214411		0.13181		0.405975		0.247803		
0.384665		0.586745		0.00974659		0.0188434		
0.000790618		0.996117		0.000777441		0.00231475		
0.00086059		0.00137858		0.997273		0.000487396		
0.000237522		7.91741e-05		0.000198929		0.999484		
0.404504		0.193078		0.0642202		0.338198		
0.0605364		0.287356		0.634483		0.0176245		
0.996707		0.000852644		0.000926147		0.00151418		
0.263196		0.306452		0.14846		0.281891		
0.000278386		0.999301		0.000102726		0.000318107		
0.99809		0.00044812		0.000832053		0.000629983		
0.000464905		0.999191		0.000310586		3.31032e-05		
0.274844		0.290644		0.407069		0.0274428		
0.303384		0.218786		0.33839		0.13944		
0.998684		0.000420608		0.000465023		0.000430775		
0.000314143		1.1382e-05		0.99934		0.000334631		
0.997227		0.00147479		0.000803073		0.000495577		
0.00185358		0.0011256		0.996457		0.000563789		
0.00244925		0.00112374		0.000282486		0.996145		
0.00127281		0.996383		0.00122637		0.00111801		
0.240942		0.0619565		0.356159		0.340942		
0.227796		0.489309		0.199836		0.0830592		
0.000562015		0.000967403		0.000474488		0.997996		
0.147364		0.212187		0.346586		0.293863		
0.000592424		0.00128978		0.000426386		0.997691		
0.0384615		0.235653		0.535409		0.190476		
0.246761		0.181986		0.212832		0.358421		
0.996328		0.000956006		0.000968685		0.00174718		
0.453828		0.214385		0.0941995		0.237587		
0.0369478		0.252209		0.671486		0.0393574		
0.124327		0.266416		0.312164		0.297094		
0.0014929		0.000481936		0.00053688		0.997488		
0.414886		0.026878		0.195727		0.362509		
0.000269909		5.67036e-05		9.52621e-05		0.999578		
0.292124		0.385203		0.265871		0.0568019		
0.000501337		0.000266491		0.000103265		0.999129		
0.00011973		7.99171e-06		0.000106653		0.999766		
0.228535		0.270202		0.301768		0.199495		
0.00119169		0.000590524		0.997023		0.00119435		
0.000285929		0.000464116		0.998547		0.00070308		
0.000351072		0.000790171		0.000640007		0.998219		
0.359033		0.272109		0.220333		0.148526		
6.93801e-05		0.00212363		0.00167417		0.996133		
0.0163399		0.0187908		0.502451		0.462418		
0.477765		0.00912201		0.192702		0.32041		
0.00156059		3.77344e-05		0.00190559		0.996496		
0.179644		0.239186		0.13486		0.44631		
0.99868		0.000567888		0.000257033		0.000495392		
0.000302508		0.000415949		0.000289356		0.998992		
0.340197		0.0439869		0.351427		0.264389		
5.01427e-05		9.41569e-05		0.000203357		0.999652		
0.000969011		0.998625		7.40483e-05		0.000331941		
0.996348		0.00129675		0.000717392		0.0016382		
0.119493		0.541943		0.124925		0.213639		
0.00157316		0.00149343		0.996227		0.000706846		
0.288144		0.373642		0.129428		0.208786		
0.324153		0.277542		0.230403		0.167903		
0.000786533		0.000783985		0.000562295		0.997867		
0.000798288		0.997512		0.000829427		0.000860566		
0.431917		0.171024		0.336057		0.0610022		
0.000505314		0.99727		0.0019592		0.000265955		
0.133221		0.473862		0.289207		0.10371		
0.999492		0.000402822		1.55343e-05		8.94564e-05		
0.0010857		0.996281		0.00187529		0.000757759		
0.124382		0.59788		0.0508834		0.226855		
7.07166e-06		0.999836		8.7335e-05		6.96558e-05		
0.293483		0.333333		0.309423		0.06376		
0.190145		0.327263		0.033744		0.448848		
0.115782		0.597519		0.150241		0.136458		
0.170805		0.230736		0.325342		0.273116		
0.179663		0.301934		0.137867		0.380536		
0.148086		0.22241		0.428491		0.201014		
5.97866e-05		0.000506356		0.00100417		0.99843		
0.000593506		0.00128906		0.00112524		0.996992		
0.00028737		0.999301		0.000124479		0.00028737		
0.000195497		0.000172931		0.999566		6.51657e-05		
0.99859		4.5106e-05		0.000898559		0.000466491		
0.115572		0.180049		0.0997567		0.604623		
0.322638		0.186453		0.244207		0.246702		
0.283209		0.232793		0.406401		0.0775975		
0.997125		0.000153007		0.00120569		0.0015163		
0.323022		0.376268		0.0922921		0.208418		
0.001361		0.99682		0.00134655		0.000472135		
0.000696243		0.000850812		0.997238		0.00121466		
0.199482		0.375648		0.226684		0.198187		
0.147715		0.256642		0.401169		0.194474		
0.484437		0.0871534		0.00113186		0.427278		
0.267121		0.335963		0.198638		0.198279		
0.17451		0.0578431		0.32451		0.443137		
0.00128287		0.000689543		0.000847898		0.99718		
0.385343		0.209811		0.221631		0.183215		
0.00277778		0.441111		0.154444		0.401667		
0.175393		0.299738		0.209424		0.315445		
0.000162654		0.000472221		0.998996		0.000369032		
0.427059		0.298205		0.248044		0.0266912		
0.000110937		0.000337855		0.998336		0.00121527		
0.499176		0.247666		0.209226		0.0439319		
0.000154229		0.000284396		0.999316		0.000244969		
0.227503		0.202123		0.224273		0.346101		
0.285554		0.209033		0.224711		0.280702		
0.000431394		0.000489861		5.53069e-05		0.999023		
0.0357143		0.570513		0.29304		0.100733		
0.00131311		0.000790048		0.000908556		0.996988		
0.383788		0		0.430108		0.186104		
0.300219		0.222814		0.186462		0.290505		
0.000205725		0.000352924		0.999395		4.68201e-05		
0.00176049		0.996512		0.00133536		0.000392432		
0.0757083		0.117975		0.372503		0.433813		
0.270004		0.305252		0.269299		0.155446		
0.00151471		0.997016		0.00101592		0.000453745		
0.126082		0.340544		0.0939431		0.439431		
0.247297		0.238514		0.191216		0.322973		
0.00175624		0.000369386		0.997379		0.000495464		
0.348222		0.0215054		0.20182		0.428453		
0.000141618		0.000191644		9.64259e-05		0.99957		
0.0551509		0.00936524		0.544225		0.391259		
0.0540346		0.380403		0.199568		0.365994		
0.513853		0.0386827		0.297439		0.150026		
0.540206		0.0845361		0.272165		0.103093		
0.0273264		0.0930576		0.468981		0.410635		
0.000105034		0.000167117		0.000110661		0.999617		
0.000254163		0.000509843		0.000392245		0.998844		
0.00103428		0.000633544		0.99784		0.000492332		
0.0384615		0.18435		0.351459		0.425729		
0.0532011		0.0568079		0.802525		0.0874662		
0.314782		0.00299222		0.308797		0.373429		
2.65858e-05		0.000171074		9.92152e-05		0.999703		
0.00155346		0.000547516		0.000149028		0.99775		
0.346023		0.346591		0.132955		0.174432		
8.79583e-08		5.77818e-06		0.999988		5.85261e-06		
0.0322903		0.32024		0.322903		0.324567		
0.193241		0.238171		0.344732		0.223857		
1.06182e-05		6.94444e-06		5.87488e-06		0.999977		
0.00126821		0.00163787		0.997035		5.87661e-05		
0.234009		0.358814		0.171087		0.236089		
0.99866		1.6046e-05		0.000673933		0.000649864		
0.998477		0.00068845		0.000606195		0.000228792		
0.375533		0.237553		0.104789		0.282124		
0.000553638		0.0010507		0.00100894		0.997387		
0.997484		0.00140063		0.000187145		0.000927846		
0.366111		0.39293		0.156034		0.0849248		
0.0583178		0.361495		0.244486		0.335701		
0.492051		0.0961393		0.0234671		0.388342		
0.390977		0.0384785		0.383459		0.187085		
0.0010522		0.000349156		0.997867		0.000731453		
0.162111		0.124905		0.372058		0.340926		
0.000380339		0.000367882		0.99909		0.000161935		
0.00168393		0.997023		0.000897446		0.000395188		
0.000757507		0.996703		0.000232417		0.00230695		
0.202654		0.366707		0.153197		0.277443		
0.00030161		0.000655587		0.000245928		0.998797		
0.00139213		0.997219		0.000786464		0.000602654		
0.00100556		0.000903461		0.997371		0.000719881		
0.00288962		0.00032392		0.996309		0.000477862		
0.000818735		0.00143555		0.00119103		0.996555		
0.997195		0.00042386		0.00116637		0.00121446		
0.00012338		0.000591649		0.00057794		0.998707		
0.997945		0.000448046		0.000607234		0.000999407		
0.000309642		0.999051		0.00027958		0.000359997		
0.00010219		0.997551		0.0014893		0.000857729		
0.00129132		0.996254		0.0015662		0.000888579		
0.000131814		0.000138114		0.000245697		0.999484		
0.998387		0.000842569		0.000419546		0.000351167		
0.000753669		0.00258075		0.000239804		0.996426		
0.998879		0.000581649		0.000458873		8.05714e-05		
0.000286128		0.000165653		0.998695		0.000852907		
0.00238485		0.000116706		0.996504		0.000994535		
0.000252619		0.000229627		0.999512		6.03526e-06		
0.000203717		0.00033057		0.000313369		0.999152		
0.00140816		0.00129843		0.000816852		0.996477		
4.61587e-06		1.26937e-05		0.999773		0.000209253		
0.000480592		0.000443372		0.998902		0.000173692		
0.997172		0.00168383		0.000172791		0.000971507		
0.00184242		0.000655498		0.997277		0.000224742		
0.00033345		0.000236194		0.999035		0.0003952		
0.997301		0.000434834		0.00058459		0.00167979		
0.000309585		7.30699e-05		0.999379		0.000238438		
0.000245336		0.998879		0.000330738		0.000545019		
0.00131441		4.72025e-05		0.997012		0.00162667		
0.997379		0.00147652		0.000566808		0.000577768		
0.997316		0.00209504		0.000101725		0.000486825		
0.00177239		3.57696e-05		0.000355908		0.997836		
3.00874e-05		4.3013e-05		0.999895		3.23684e-05		
0.996855		0.00104397		0.00120032		0.000900239		
0.00093582		0.00187907		0.996512		0.000673394		
0.000176551		0.000537637		0.99841		0.000875656		
0.996363		0.00143463		0.0014559		0.000746188		
0.00124426		0.000903144		0.00078619		0.997066		
0.00013416		0.000447858		0.000292982		0.999125		
0.000137554		0.000339872		0.999109		0.000413199		
0.00044698		0.00074734		0.00112599		0.99768		
0.000491133		0.997523		0.00150893		0.000476503		
0.997027		0.00102781		7.72788e-06		0.00193712		
0.000129066		0.000156174		0.999457		0.000257728		
0.00156138		0.00163108		0.000299729		0.996508		
0.00149049		0.000210099		0.0008541		0.997445		
0.998449		0.000235801		0.000258177		0.0010568		
0.000721793		0.00100633		0.00191641		0.996355		
0.00226562		0.996328		0.0011875		0.00021875		
0.000955729		0.0014375		0.996422		0.0011849		
0.0011941		0.99709		0.000835625		0.000880434		
0.998812		0.000154241		0.000464298		0.000568961		
0.000886546		0.000464986		0.000300811		0.998348		
7.44183e-05		0.998594		0.000611599		0.000720233		
4.82248e-05		0.999855		2.68313e-05		6.94752e-05		
0.999152		0.000256087		0.000249082		0.000342487		
0.000606455		0.000123922		0.000558686		0.998711		
0.000667498		0.00100996		0.997906		0.000416289		
1.46371e-05		1.49856e-05		0.999961		9.43985e-06		
0.999191		0.000500374		0.000256635		5.15849e-05		
0.00149241		0.000335102		0.996414		0.00175842		
0.000440738		1.79893e-06		0.999043		0.000514494		
2.49788e-05		4.73776e-05		9.17061e-05		0.999836		
0.00150617		0.997043		0.000425142		0.00102572		
0.998793		0.000836942		0.000216468		0.000153622		
0.997465		0.000888407		0.00148141		0.000165336		
0.000970212		0.997852		0.000633354		0.000544871		
0.99852		0.000608255		0.000230965		0.00064125		
0.99641		0.000432893		0.000661657		0.00249529		
0.00160907		0.000823202		0.99668		0.000888036		
0.000198033		0.999543		0.000110473		0.000148525		
0.000785381		0.998004		0.000853632		0.000357081		
0.000378707		0.00139701		0.00196647		0.996258		
0.000507347		0.003395		0		0.996098		
0.00049182		0.000113119		0.998168		0.00122709		
0.000758142		0.00106924		0.000528085		0.997645		
0.997887		0.00134366		0.00051054		0.00025908		
0.000173377		0.998684		0.000630745		0.000512284		
0.000174146		0.999645		0.00010621		7.51125e-05		
0.000531401		0.998965		0.000274147		0.000229608		
0.00119588		0.000382099		0.996246		0.00217592		
0.000606439		0.997617		0.000628563		0.00114781		
0.00128764		0.99732		0.000266126		0.00112592		
0.000214725		0.999152		0.000582342		5.05896e-05		
0.00113006		0.998004		0.000292472		0.000573564		
0.000457248		0.997984		0.00101922		0.000539159		
0.000255186		0.000795496		0.997746		0.00120322		
0.000456422		0.00148375		0.997582		0.000477793		
0.996148		0.000162081		0.00181062		0.00187886		
0.00061027		0.998211		0.000866903		0.000311889		
0.000859375		0.998047		0.00036951		0.00072424		
0.000663256		0.000229174		0.00258023		0.996527		
0.00185976		0.99673		0.000493063		0.000916713		
0.998203		0.000617648		0.000797606		0.000381621		
0.99852		0.000388717		0.000526556		0.000565196		
0.00044901		0.000495158		0.00104021		0.998016		
0.00249394		0.00022239		0.000545385		0.996738		
0.997801		0.000881724		0.000304429		0.00101307		
0.00100351		0.000915005		0.00104633		0.997035		
0.000585358		0.998547		0.000467259		0.000400508		
0.000377028		0.000677235		0.998789		0.000156674		
0.997258		9.51548e-05		0.0023212		0.000325833		
0.000139542		4.98921e-06		0		0.999855		
0.00106739		8.12027e-05		0.000191254		0.99866		
1.10832e-05		9.9957e-06		1.40774e-05		0.999965		
7.73748e-05		0.000731286		0.000449151		0.998742		
0.99834		0.000779294		0.000287629		0.000593234		
0.000703539		0.000742041		0.998316		0.000238013		
0.0002172		0.000583362		0.999094		0.000105688		
0.00104613		0.00105262		0.997152		0.000748905		
6.51995e-05		0.99843		0.000749241		0.000755872		
0.99868		0.000422953		0.000350917		0.000546443		
0.000364819		0.00054889		0.000402697		0.998684		
5.59877e-05		3.83074e-05		0.999844		6.19549e-05		
0.00180929		0.996098		0.00127395		0.00081911		
4.39179e-05		8.53105e-05		0.999824		4.65529e-05		
0.000537821		0.000978854		0.997891		0.0005927		
0.998184		0.000502608		0.000595492		0.000718306		
0.000810009		0.000505808		0.998363		0.000320902		
0.000185578		0.996754		0.000818369		0.00224215		
5.76097e-05		7.86419e-05		0.99982		4.34359e-05		
0.000111794		0.000126158		0.99957		0.000191736		
0.00115747		0.00187855		0.000737419		0.996227		
0.000321626		0.000790281		0.000782624		0.998105		
0.99768		0.00123586		0.00107081		1.36409e-05		
0.000331263		8.02527e-05		0.999363		0.000225203		
0.000213765		0.00121318		0.00155743		0.997016		
0.0012082		0.000313883		0.00212245		0.996355		
0.000968388		0.997313		0.00115496		0.000564153		
0.00116773		0.0012444		0.000900371		0.996687		
0.999418		0.000165501		0.000116097		0.000300433		
0.998074		0.000152002		0.00116828		0.000605497		
0.000556783		0.99916		0.000244984		3.80767e-05		
0.00228022		7.07828e-05		0.000672437		0.996977		
0.000305769		0.000490825		0.999105		9.79372e-05		
0.99991		5.04237e-05		4.05083e-06		3.53692e-05		
0.000311821		0.000168962		0.000257499		0.999262		
0.000367119		0.000970158		0.000318973		0.998344		
0.000579341		0.00170108		0.000243012		0.997477		
0.0014326		0.997273		0.00110622		0.00018774		
0.000637896		0.998801		0.000510057		5.12653e-05		
0.00208636		0.000112219		0.000707668		0.997094		
0.000981985		2.17735e-05		0.000437648		0.998559		
0.000514775		0.000171001		0.000470474		0.998844		
0.997375		0.000239696		0.00125174		0.00113356		
0.997629		0.00167424		0.000480651		0.000216204		
0.997508		0.000665273		0.00113407		0.000692849		
0.00036394		0.000434976		0.999039		0.000162021		
0.996625		0.000390075		0.00167563		0.0013093		
0.000205077		3.19571e-05		0.999586		0.000177028		
0.999766		0.00011293		3.89273e-05		8.25178e-05		
0.00136665		0.997742		0.000488291		0.000402876		
0.999461		0.000182099		0.000189335		0.000167628		
0.996883		0.000374721		0.00110357		0.00163889		
0.998363		0.000605459		0.000267364		0.000763896		
0.999027		0.000440784		0.000461724		7.01485e-05		
0.997207		0.00033784		0.000474365		0.00198076		
0.99893		0.000466998		0.000276546		0.000326768		
0.00207789		0.99625		0.000883862		0.000788246		
0.000661908		0.000710993		0.99791		0.000716943		
0.00132476		0.000873174		8.33181e-05		0.997719		
0.999004		0.000614653		0.000280645		0.000100795		
0.000646705		0.000403271		0.998625		0.000325024		
0.000167072		0.000140746		0.000543744		0.999148		
0.000839352		0.000799688		0.000942992		0.997418		
0.998777		0.000428617		0.000332453		0.000461587		
8.24313e-05		0.000176828		0.000182147		0.999559		
0.000407159		0.000200841		0.99902		0.000372469		
0.000674229		0.997941		0.000553214		0.000831151		
8.27283e-05		0.99943		0.00029687		0.000190714		
9.67817e-06		0.998055		0.00147431		0.000461326		
0.000313559		0.00115763		0.00152881		0.997		
0.000733923		0.998891		4.9054e-05		0.000326398		
0.000861601		0.996172		0.00203221		0.00093431		
0.997633		0.00091247		0.000269254		0.00118546		
0.000662141		0.000619316		0.997582		0.00113651		
0.00202365		0.000571754		0.997402		2.251e-06		
0.000704144		0.000224145		0.000497493		0.998574		
0.00111357		0.00123403		0.997055		0.000597712		
7.47679e-05		0.00101767		0.000305995		0.998602		
0.00251405		0.000290678		0.996156		0.00103902		
0.000124327		0.999078		0.000383814		0.000413735		
0.00132028		3.82981e-05		0.00153596		0.997105		
0.000844603		0.998523		0.000311798		0.000320161		
0.00038952		0.00167904		0.00119316		0.996738		
0.000241234		0.999273		0.00029749		0.000187838		
0.996305		0.00118358		0.00143506		0.00107667		
0.997805		0.000789031		0.000884142		0.000522139		
0.000140186		0.000335835		0.000117729		0.999406		
0.996852		0.000757685		0.00103967		0.00135108		
0.00211986		0.996371		0.00145516		5.38946e-05		
0.99757		8.44293e-05		0.00135087		0.000994389		
0.998086		0.00088287		0.000472041		0.000559151		
0.000258202		2.78207e-05		0.999473		0.000241322		
1.92891e-05		2.70371e-06		1.70697e-05		0.999961		
0.000805351		0.998313		0.000817804		6.4345e-05		
0.00128617		0.000227331		0.997797		0.000689621		
0.00123418		0.997563		0.000968058		0.000235265		
0.000793122		0.996496		0.0014811		0.00122968		
0.0012125		0.00148353		0.996969		0.000335221		
0.000373525		0.998637		0.000523853		0.000465903		
0.998383		0.000929122		4.44668e-05		0.000643598		
0.00051391		0.00160925		0.000380744		0.997496		
0.000283386		0.000815523		0.00242453		0.996477		
0.998484		0.00053866		0.000813137		0.000163828		
0.00101999		0.997465		0.000618143		0.000897022		
0.00101503		1.23449e-05		0.000410126		0.998563		
0.000369789		0.000321122		0.999141		0.000168464		
0.996633		0.00179843		0.000693372		0.000875382		
0.0015602		0.996297		0.00212413		1.87976e-05		
0.996418		0.00176157		0.000440838		0.00137963		
0.996188		0.000179412		0.00136552		0.00226757		
5.1306e-05		0.00042444		0.000774254		0.99875		
0.000120283		0.000118933		0.000104535		0.999656		
6.54858e-05		0.999141		0.000209555		0.000584335		
0.000417051		0.000292795		0.998695		0.000594842		
0.996676		0.00149912		0.00132655		0.000498546		
0.000501103		0.997773		0.000469547		0.00125591		
0.997812		0.000572526		0.00118404		0.000430933		
7.12719e-06		0.99998		1.17325e-05		6.71601e-07		
0.000676827		0.00121984		0.99643		0.00167364		
0.996391		0.000214023		0.000105198		0.00329015		
0.000902924		0.000995983		0.00130031		0.996801		
0.000173096		0.000549796		0.998793		0.000484139		
0.000833684		0.000691674		0.000669955		0.997805		
2.4102e-05		0.000219596		0.997402		0.00235396		
0.000744152		0.000120482		0.00279943		0.996336		
0.00018192		0.999586		0.000107887		0.000124256		
0.000157333		0.997105		0.00159956		0.00113764		
6.98284e-05		8.46855e-05		0.999305		0.000540799		
0.0031686		0.996172		1.79219e-05		0.000641605		
0.000447577		0.000217007		0.998672		0.000663541		
0.00034712		0.997508		0.00151149		0.000633578		
0.997602		0.00107685		0.000137665		0.00118392		
0.996906		0.00105687		0.00118113		0.000855745		
0.00109846		0.000586164		0.997371		0.000944286		
0.999582		4.88281e-06		0.000306641		0.000106445		
0.000140572		7.91555e-05		0.999703		7.71473e-05		
0.000470727		0.998258		0.000166871		0.00110459		
0.000827467		0.00149595		0.996867		0.0008094		
0.997871		0.000965083		0.000189201		0.000974623		
0.00115734		0.00043857		0.997332		0.00107206		
0.000964596		6.13091e-05		0.997766		0.00120847		
0.000952945		0.997176		0.00124209		0.000629188		
0.000345784		0.000550303		0.00210001		0.997004		
0.000447563		0.00158139		0.00136168		0.996609		
0.00033242		0.00203363		0.00139567		0.996238		
0.00120979		0.996516		0.00136838		0.000906209		
0.000874689		0.0018688		0.000990884		0.996266		
0.99816		0.000826006		2.60249e-05		0.000987813		
0.999262		3.34413e-05		0.000209008		0.000495832		
