0.352874		0.163218		0.118391		0.365517		
0.998105		0.000668384		0.00106546		0.000160692		
0.411596		0.0293486		0.48461		0.0744452		
0.044997		0.477205		0.0568384		0.420959		
0.998652		0.000273944		5.14794e-05		0.00102223		
0.43618		0.325069		0.238751		0		
7.868e-05		0.999852		5.00199e-05		1.97376e-05		
0.505618		0.0326378		0.360086		0.101659		
1.28919e-05		0.000118106		0.000130721		0.999738		
0.372349		0.00235664		0.371956		0.253339		
0.375524		0.0209556		0.0695725		0.533948		
0.000709728		0.998293		0.000590732		0.000406571		
0		0		1		0		
0.000410873		0.999188		0.000362331		3.92959e-05		
0.998129		0.000489418		0.000936749		0.000444926		
0.00125733		0.996965		0.00125733		0.000520492		
6.59339e-05		0.00025087		0.998816		0.000866789		
0.110455		0.309482		0.240014		0.340049		
0.000843911		0.00017015		0.998633		0.000353126		
0.000331078		0.998957		0.000468408		0.000243483		
0.215722		0.4156		0.215722		0.152956		
0.999387		0.000324873		0.000269181		1.92272e-05		
0.00121825		0.996219		0.00110561		0.00145739		
0.00013427		0.00093989		0.0013399		0.997586		
0.267442		0.566095		0.162791		0.00367197		
0.503363		0.18722		0.168161		0.141256		
1.00616e-05		2.96782e-06		1.43143e-05		0.999973		
0.157088		0.0962644		0.436303		0.310345		
0.326793		0.0967524		0.335589		0.240866		
0.996238		0.00256493		0.000757319		0.000439466		
0.122764		0.262184		0.446021		0.169031		
0.234653		0.531268		0.160069		0.0740103		
0.0872093		0.443152		0.290052		0.179587		
0.308333		0.190476		0.33254		0.168651		
0.389724		0.0310228		0.158507		0.420746		
0.998867		0.000165534		0.000608953		0.000358325		
0.999551		0.000127924		0.00013738		0.000183915		
0.314946		0.12777		0.273927		0.283357		
9.38926e-05		0.000492302		0.000456775		0.998957		
0.277858		0.438495		0.147612		0.136035		
0.997926		0.00108303		0.000547847		0.000443344		
0.0402504		0.303667		0.406977		0.249106		
0.465477		0.231963		0.262995		0.0395656		
0.241311		0.249605		0.363349		0.145735		
0.362584		0.283047		0.29761		0.0567588		
0.117001		0.0711054		0.345831		0.466063		
9.15379e-05		0.999742		4.63483e-05		0.000119926		
0.998711		0.000347994		0.000253569		0.0006875		
0.000325359		0.000842394		0.000933809		0.997898		
0.996961		0.00118838		0.000211686		0.001639		
0.259434		0.0488851		0.385077		0.306604		
0.311871		0.100101		0.360161		0.227867		
0.000247195		0.000551177		0.000404753		0.998797		
0.000191516		0.00036407		0.000338945		0.999105		
0.43163		0.0117403		0.035221		0.521409		
0.324967		0.286814		0.157965		0.230254		
0.0007243		0.000802197		0.997711		0.000762565		
0.18025		0.00713861		0.449137		0.363474		
0.121268		0.36624		0.101158		0.411335		
0.309879		0.027383		0.329636		0.333102		
0.369427		0.389331		0.226911		0.0143312		
0.000966296		0.997887		0.00044976		0.000697226		
1.05049e-05		0.999344		4.81992e-05		0.000597546		
0.164864		0.269302		0.237225		0.328609		
0.997695		0.000344103		0.000883692		0.00107689		
0.0403611		0.479554		0.291025		0.18906		
0.152258		0.505806		0.326452		0.0154839		
0.297287		0.0961692		0.396249		0.210295		
0.0914149		0.356518		0.333863		0.218203		
0.998898		0.000464254		0.00042931		0.000207999		
0.000291543		0.000916278		0.000995304		0.997797		
0.462614		0.291793		0.0352584		0.210334		
0.214184		0.285578		0.458353		0.0418848		
0.362924		0.282637		0.146867		0.207572		
0.297552		0.320151		0.13371		0.248588		
0.0013886		0.000183043		0.99673		0.00169788		
0.996133		0.00112566		0.00239397		0.000347554		
0.260435		0.187651		0.308382		0.243532		
0.000696163		0.99807		0.000306376		0.000927148		
0.358711		0.115834		0.412424		0.113031		
0.000560518		0.000589191		0.99825		0.000600291		
0.0958386		0.575032		0.245902		0.0832282		
0.00142036		0.997539		0.000672201		0.000368381		
0.000322201		0.00111494		0.000215206		0.998348		
0.079912		0.0784457		0.19868		0.642962		
0.240838		0.224655		0.388862		0.145645		
0.000887127		0.00075492		0.0013853		0.996973		
0.531053		0.126913		0.144014		0.19802		
0.262752		0.222123		0.276394		0.238731		
0.0555201		0.269304		0.282068		0.393108		
0.748136		0.0621375		0.079536		0.110191		
0.00217421		0.996273		0.000594421		0.000957932		
0.479134		0.124142		0.0639197		0.332805		
0.999754		0.000105333		4.47587e-05		9.60019e-05		
0.203059		0.284283		0.0327004		0.479958		
0.998109		0.00096976		0.000503623		0.000417241		
0.00152109		0.997039		0.000120932		0.00131891		
0.000499321		0.99873		0.000349226		0.000420984		
0.150035		0.599442		0.0139567		0.236567		
0.308126		0.139972		0.367309		0.184594		
0.42327		0.151956		0.0837513		0.341023		
0.304313		0.136581		0.245607		0.313498		
0.000248977		8.19801e-05		0.998609		0.00105967		
0.253876		0.258721		0.376938		0.110465		
0.204991		0.260844		0.127748		0.406417		
0.112854		0.169028		0.406377		0.311741		
0		0.21024		0.262219		0.527541		
0.345538		0.0167811		0.187643		0.450038		
0.99627		0.00233685		0.000851264		0.000542356		
0.999074		0.000373105		0.000180735		0.000371941		
0.146272		0.299943		0.395561		0.158224		
4.15327e-05		6.24688e-05		0.999887		9.27978e-06		
0.000326392		0.000365812		0.999051		0.000257014		
0.000434828		0.000422405		0.00163495		0.997508		
0.00126312		0.00141816		0.000256215		0.997062		
7.97563e-05		0.999297		0.000280536		0.000342833		
0.00188156		0.000364372		0.996836		0.000918134		
0.00069898		0.997973		0.000213325		0.00111504		
0.190904		0.198308		0.32734		0.283448		
0.248912		0.167788		0.257222		0.326078		
0.000955637		9.86589e-05		0.997973		0.000973048		
0.000915461		0.00159685		0.000452529		0.997035		
0.999617		2.92255e-05		0.000199433		0.000154154		
0.000202752		0.000156039		7.08968e-05		0.99957		
0.00627803		0.100448		0.190135		0.703139		
2.74229e-05		3.6206e-05		0.999855		8.09024e-05		
0.00104957		0.996586		0.000570985		0.00179351		
0.00191184		0.00132232		0.000105691		0.99666		
0.000598558		0.997406		0.00122388		0.000771312		
0.997195		0.000211726		0.00228225		0.000310715		
0.273694		0.0693481		0.253352		0.403606		
0.164845		0.243551		0.326629		0.264976		
0.351603		0.375388		0.0713547		0.201655		
0.000419207		1.26457e-05		0.999078		0.000490023		
0.00034091		0.000342952		0.998961		0.0003552		
0.000997872		0.000895087		0.997008		0.00109923		
0.284557		0.537257		0.0399568		0.138229		
0.0801297		0.399259		0.1195		0.401112		
0.271817		0.0244195		0.33747		0.366293		
0.000342009		0.00100086		0.00063369		0.998023		
0.137139		0.158793		0.182415		0.521654		
0.0008947		0.000524323		0.000362227		0.998219		
0.21644		0.31184		0.291101		0.180618		
0.0015168		0.996148		0.00098785		0.00134691		
0.99841		0.000425213		0.000859833		0.000304798		
0.563169		0.164168		0.0228408		0.249822		
0.000617014		0.998789		0.00015265		0.000441274		
0.29047		0.310029		0.139825		0.259675		
0.998203		0.000866551		0.000419208		0.000511115		
0.00724638		0.438735		0.278656		0.275362		
0.140123		0.422222		0.233951		0.203704		
0.385687		0.452185		0.11083		0.0512983		
0.27447		0.372757		0.202284		0.150489		
0.339975		0.290162		0.26401		0.105853		
0.000328117		0.000335988		0.999078		0.000257771		
2.54203e-05		8.91346e-05		0.99982		6.51326e-05		
0.998043		0.000687606		0.000455156		0.00081427		
0.00105054		0.00059086		0.000319535		0.998039		
0.123267		0.184653		0.338119		0.35396		
0.392283		0.0486909		0.176849		0.382177		
0.193208		0.163378		0.429096		0.214318		
0.318627		0.17402		0.303922		0.203431		
0.000929036		0.00081915		0.996777		0.00147447		
0.453279		0.392339		0.115496		0.0388857		
0.235789		0.416842		0.261579		0.0857895		
0.277099		0.244777		0.267245		0.210879		
0.999613		1.16545e-05		0.000324561		5.0503e-05		
0.224152		0.400242		0.0957189		0.279887		
0.000303871		0.000206151		0.998379		0.00111107		
0.00013486		0.999289		0.000314253		0.000261825		
0.318859		0.222942		0.103694		0.354504		
3.59293e-05		0.000162805		0.00054736		0.999254		
1.13154e-05		0.000441299		0.997809		0.00173879		
0.0915772		0.157151		0.370831		0.380441		
0.0727763		0.384097		0.388589		0.154537		
0.99748		0.000717164		0.00148592		0.000316446		
0.214692		0.416856		0.0449886		0.323462		
0.231128		0.0978565		0.230196		0.44082		
0.000751255		0.996234		0.00132483		0.00168954		
0.0282631		0.283145		0.219938		0.468654		
0.607075		0.124283		0.0554493		0.213193		
0.248427		0.328586		0.328254		0.0947334		
0.000263304		0.000409901		0.998563		0.000764295		
0.234053		0.0145403		0.459193		0.292214		
0.194464		0.149481		0.534948		0.121107		
0.271743		0.238267		0.2468		0.24319		
0.000457119		0.000517889		0.000536711		0.998488		
0.000879932		0.99627		0.000225529		0.00262501		
0.179636		0.254545		0.362182		0.203636		
0.186423		0.215266		0.289835		0.308477		
0.0484262		0.00242131		0.508475		0.440678		
0.0691439		0.0545626		0.434619		0.441675		
0.0917031		0.0879601		0.510293		0.310044		
0.111504		0.430088		0.29292		0.165487		
0.000924636		0.000147078		0.998859		6.89106e-05		
0.000500486		0.00162974		0.000498679		0.997371		
0.525552		0.404181		0.0191638		0.0511034		
0.496667		0.04		0.446667		0.0166667		
0.150602		0.450712		0.00438116		0.394304		
0.340306		0.16251		0.196702		0.300483		
0.000552587		0.000457086		0.998926		6.45453e-05		
0.0020425		1.71638e-05		0.000772372		0.997168		
3.73932e-05		8.17975e-05		0.999805		7.61218e-05		
0.00160901		0.997141		0.000585243		0.000665123		
0.0439802		0.390324		0.299615		0.26608		
0.13059		0.237925		0.211986		0.419499		
0.000238856		0.99934		0.000227167		0.000194134		
0.172462		0.562587		0.0577191		0.207232		
0.00089444		4.39575e-05		0.00119832		0.997863		
0.167051		0.455468		0.0503		0.32718		
0.100647		0.150088		0.531489		0.217775		
0.264005		0.283462		0.281114		0.171419		
0.999113		0.000370172		0.000207466		0.000309081		
0.000294557		0.000134293		0.000168806		0.999402		
0.00131638		0.00163252		0.996637		0.000414382		
0.000373185		0.000412388		0.998535		0.000679271		
0.996418		0.00117365		0.000248692		0.00215969		
0.282519		0.334903		0.120659		0.261919		
0.396571		0.363385		0.231195		0.00884956		
0.000171187		1.47788e-05		0.999363		0.000450753		
0.466203		0.157555		0.220676		0.155567		
0.45649		0.418085		0.105007		0.0204181		
0.998563		0.000272321		0.000793527		0.000371652		
0.244015		0.208108		0.201544		0.346332		
0.000289909		2.36945e-05		0.000385616		0.999301		
0.00141402		0.000316378		0.99734		0.000929763		
0.000710993		0.000655016		0.998074		0.000559772		
0.260486		0.252286		0.248187		0.239041		
0.590747		0.109134		0.144721		0.155397		
0.593002		0.0257827		0.220074		0.161142		
0.000830536		0.00110686		0.0014337		0.996629		
0.120035		0.42233		0.387026		0.070609		
0.000912142		0.000556298		0.00121515		0.997316		
0.23622		0.264011		0.242705		0.257063		
0.000901321		0.997594		0.000404041		0.00110089		
0.00219573		0.996727		0.000118749		0.000958954		
0.997055		0.00119717		0.000481152		0.00126699		
0.219641		0.325998		0.350448		0.103912		
0.677765		0.0439952		0.181926		0.0963139		
0.340886		0.320242		0.0140987		0.324773		
0.996363		0.00254349		0.000791391		0.000301833		
0.00108861		0.000657701		0.000390409		0.997863		
0.158492		0.441417		0.163034		0.237057		
0.000776765		0.000910446		0.000308883		0.998004		
0.000320039		0.00119463		0.998422		6.34561e-05		
0.000156184		0.999695		0.000117778		3.07248e-05		
0.404278		0.175936		0.28984		0.129947		
0.12		0.3344		0.2856		0.26		
0.166081		0.204767		0.262993		0.366159		
0.31769		0.0754112		0.226635		0.380265		
0.998816		0.000276294		0.00049689		0.00041041		
0.423939		0.200472		0.283608		0.0919811		
0.0974907		0.199506		0.360757		0.342246		
0.999305		0.000402854		8.01256e-05		0.000212333		
8.22961e-05		5.66157e-05		0.999781		7.98382e-05		
0.269461		0.11193		0.209581		0.409028		
0.0704981		0.217241		0.332567		0.379693		
0.997812		0.0009925		0.00111875		7.625e-05		
0.0579169		0.417095		0.219524		0.305465		
0.0007802		0.000429477		0.998535		0.000255166		
0.000416842		0.000688562		0.000382877		0.998512		
0.203866		0.224956		0.0533099		0.517868		
0.117447		0.330816		0.22281		0.328927		
0.000459677		6.45161e-05		0.9985		0.000975806		
0.32569		0.34862		0.106102		0.219588		
0.00879917		0.504141		0.168737		0.318323		
0.330713		0.0870298		0.336889		0.245368		
0.405822		0.0744863		0.163527		0.356164		
0.399194		0.0345622		0.0385945		0.52765		
0.505979		0.0213971		0.36438		0.108244		
0.00115603		0.00124191		0.996336		0.00126613		
0.402676		0.236944		0.123867		0.236513		
0.093279		0.286354		0.349084		0.271283		
0.999387		2.15501e-05		0.000306192		0.000285539		
0.225546		0.220461		0.294646		0.259348		
0.14664		0.315415		0.281818		0.256126		
0.0016987		0.997176		0.0007764		0.000349119		
0.127877		0.494885		0.0850384		0.292199		
0.17847		0.628895		0.01983		0.172805		
0.0984361		0.25759		0.237351		0.406624		
0.11504		0.264593		0.412015		0.208351		
0.183796		0.156063		0.476346		0.183796		
0.996281		7.81719e-05		0.0016807		0.00195988		
0.996867		0.000746381		0.00101117		0.00137526		
0.000435561		0.998918		0.000238924		0.000407546		
0.00112141		0.00181577		0.000847973		0.996215		
5.15758e-06		0.000161455		0.000149794		0.999684		
0.0388036		0.392886		0.375505		0.192805		
0.000864003		0.000545187		0.00105956		0.997531		
0.00129658		0.000268672		0.000950377		0.997484		
0.00154157		0.0013009		0.000954406		0.996203		
0.359618		0.0577459		0.305854		0.276782		
0.000670422		0.000713036		0.000522792		0.998094		
0.20384		0.301822		0.391433		0.102905		
6.50378e-05		0.000466414		0.00183964		0.997629		
0.191851		0.297538		0.330645		0.179966		
0.00113746		0.00104967		0.00123084		0.996582		
0.000408327		0.000253342		0.998711		0.000627393		
0.186434		0.18684		0.272136		0.35459		
0.334288		0.177578		0.314239		0.173895		
0.999395		0.00028447		0.00016551		0.000155489		
0.000960479		0.997488		0.000681545		0.000869694		
0.0497822		0.199129		0.276914		0.474175		
0.00126783		0.997191		0.000360198		0.00118056		
0.45533		0.492386		0.0182741		0.0340102		
0.999391		0.00015925		0.000168458		0.000281667		
0.342917		0.000416667		0.315417		0.34125		
0.319376		0.128283		0.350209		0.202132		
0.997687		0.00107479		0.00117935		5.83596e-05		
0.0868006		0.197274		0.190818		0.525108		
0.999078		0.000393005		0.000413427		0.000115443		
0.108507		0.355388		0.361437		0.174669		
0.00058995		0.000358387		0.000258695		0.998793		
0.000892826		0.996719		0.00177659		0.000611835		
0.0587909		0.371603		0.443705		0.125901		
0.0548173		0.258306		0.143688		0.543189		
1.80213e-05		0.000163078		0.000275932		0.999543		
0.453826		0.208971		0.247493		0.0897098		
0.322684		0.071885		0.582268		0.0231629		
0.0198618		0.365285		0.0578584		0.556995		
0.000261772		0.000230543		0.000187373		0.99932		
0.247772		0.466429		0.16637		0.11943		
0.000442629		0.000116828		0.99891		0.000530387		
0.51473		0.234065		0.101232		0.149973		
0.135005		0.17406		0.419479		0.271456		
8.26889e-05		0.00199594		0.997477		0.000444809		
0.000934276		0.00161678		0.996457		0.00099191		
0.999355		0.000240147		0.000306394		9.79908e-05		
0.00557276		0.285449		0.108359		0.600619		
0.000766835		0.00103212		0.997203		0.000997922		
0.996441		0.00136679		0.00200972		0.000182088		
0.0368732		0.314159		0.418879		0.230088		
0.000564045		0.000655225		0.000550262		0.99823		
0.0699774		0.0146727		0.835214		0.0801354		
0.303281		0.130262		0.240305		0.326152		
0.25216		0.302469		0.20463		0.240741		
0.998582		0.000199064		0.000640466		0.000578439		
0.000381885		0.000138338		0.999133		0.000346965		
0.000276819		0.0001647		0.999246		0.000312388		
0.0699037		0.368355		0.380075		0.181666		
0.256058		0.168821		0.392973		0.182149		
0.2223		0.080741		0.34778		0.349179		
0.000266003		0.000246924		6.60421e-06		0.99948		
0.282952		0.21882		0.265227		0.233		
0.000555664		0.00070062		0.000966372		0.997777		
0.000664617		0.997621		0.000619782		0.00109451		
0.077266		0.321694		0.287519		0.313522		
0.0016971		0.000556929		0.00074988		0.996996		
0.199286		0.508571		0.179286		0.112857		
0.187665		0.102643		0.271366		0.438326		
0.998957		0.000710646		6.74162e-05		0.000264906		
0.248159		0.418999		0.0677467		0.265096		
0.352208		0.151755		0.368063		0.127973		
0.350877		0.161269		0.343455		0.144399		
0.000143371		0.000125713		0.000281697		0.999449		
0.403285		0.130474		0.0520073		0.414234		
0.341891		0.327628		0.259984		0.0704971		
0.000495244		0.000593603		0.998719		0.000192403		
0.457476		0.304614		0.194553		0.0433574		
0.997699		0.00104566		0.00112153		0.000133594		
0.252368		0.495264		0.156969		0.0953992		
0.00127746		0.00103367		0.0010873		0.996602		
0.000270366		0.00123834		0.00010848		0.998383		
0.261054		0.17444		0.197456		0.36705		
0.997355		0.000730188		0.000742198		0.00117214		
0.524617		0.330105		0.125908		0.0193705		
0.238769		0.318154		0.0670769		0.376		
0.00130309		0.00151989		0.00102467		0.996152		
0.996766		0.0007866		0.00118637		0.00126141		
0.000202965		0.997672		0.000651875		0.00147329		
0.295131		0.313349		0.0953958		0.296125		
0.185649		0.382979		0.354193		0.0771798		
0.134025		0.344142		0.393861		0.127972		
0.29722		0.342837		0.225588		0.134355		
5.20507e-05		0.999309		0.000131862		0.000507494		
0.000231516		4.44905e-05		0.999668		5.60251e-05		
1		0		0		0		
0.00142813		0.000658443		0.00146421		0.996449		
0.230322		0.300089		0.0988372		0.370751		
0.996289		0.00205533		0.000708138		0.000947473		
0.137363		0.239316		0.257631		0.36569		
0.372135		0.299775		0.246742		0.0813483		
0.000962518		0.99875		1.4556e-05		0.000272926		
0.00114603		0.998109		0.000360967		0.000383629		
0.343653		0.0510836		0.0270898		0.578173		
0.000342511		0.000246484		0.999141		0.00027038		
0.000264975		0.000708913		0.00031908		0.998707		
0.261725		0.229198		0.156203		0.352874		
0.00120781		0.00103892		0.000772795		0.99698		
0.000540441		0.0023125		0.99675		0.000397059		
0.000184246		0.000198151		0.00108635		0.998531		
0.0645161		0.119107		0.286187		0.53019		
0.280484		0.284734		0.254985		0.179797		
0.997871		0.000435085		0.000436453		0.00125737		
0.996375		0.000318324		0.00164792		0.00165875		
0.000511822		0.000333674		0.00205294		0.997102		
0.149871		0.454134		0.195736		0.200258		
0.000588928		0.560071		0.315077		0.124264		
0.137255		0.332026		0.155556		0.375163		
0.997363		0.0013214		0.000615843		0.000699476		
0.00051002		0.997844		0.000281928		0.0013643		
0.39589		0.234181		0.359654		0.0102758		
0.00106078		0.000336952		0.998559		4.3679e-05		
6.87139e-05		0.000181076		0.000152554		0.999598		
0.000388682		0.000581234		0.000123834		0.998906		
0.000361135		0.00060982		9.15451e-05		0.998938		
0.00027166		0.00032814		2.91064e-05		0.999371		
0.333564		0.156585		0.286899		0.222952		
0.000414797		0.996648		0.000321883		0.00261488		
0.998238		0.000628081		0.000896918		0.00023672		
0.996379		0.00256184		0.000122119		0.000937131		
0.239091		0.184091		0.307273		0.269545		
0.279122		0.303315		0.154122		0.263441		
0.194455		0.216636		0.316821		0.272089		
0.301716		0.168022		0.32159		0.208672		
0.244953		0.0746972		0.06393		0.61642		
0.998535		0.000859241		0.000470404		0.000135199		
0.00143531		0.00210575		0.996301		0.000158167		
0.00154817		0.00119658		0.000856811		0.996398		
0.00074253		0.00103823		0.997602		0.00061768		
0.000283606		0.997926		0.00178783		2.78045e-06		
0.998254		0.000762885		0.000209648		0.000773561		
0.271444		0.0526602		0.426167		0.249729		
0.400564		0.186178		0.123648		0.28961		
0.0212089		0.273595		0.0328738		0.672322		
9.93754e-05		8.77358e-05		5.11701e-05		0.999762		
0.00042764		0.996477		0.000713608		0.00238219		
0.0269406		0.217352		0.314612		0.441096		
0.999461		0.000227201		3.6571e-05		0.00027529		
0.257271		0.319945		0.158587		0.264197		
0.000399737		0.00211089		0.996711		0.000778435		
2.82814e-05		0.00011372		7.28425e-05		0.999785		
0.000135732		0.999105		0.000296479		0.000462321		
0.000691587		0.000363083		0.996254		0.00269142		
1.45469e-05		0.999926		4.00357e-05		1.96362e-05		
0.00112716		0.998133		1.31678e-06		0.000738711		
0.0374878		0.299903		0.33739		0.325219		
0.225497		0.0515844		0.113486		0.609433		
0.130319		0.156915		0.618794		0.0939716		
0.00136021		0.996805		0.00107865		0.000756453		
0.998184		0.000708318		0.000826371		0.000281717		
0.321252		0.130148		0.271005		0.277595		
0.000694529		0.000333844		4.19401e-05		0.99893		
0.997242		0.000850814		0.00131714		0.000589857		
0.45732		0.113495		0.200286		0.228898		
0.371233		0.0136986		0.609589		0.00547945		
0.233802		0.319506		0.179637		0.267055		
0.00174464		0.00138531		0.996719		0.000151297		
0.214896		0.376068		0.294261		0.114774		
0.997316		0.00109717		0.000876488		0.000709934		
0.00144449		0.997426		0.000474312		0.000655412		
0.99957		0.000235686		3.77517e-05		0.00015625		
0.407767		0.00529568		0.271845		0.315093		
0.257555		0.060437		0.260344		0.421664		
0.000855113		0.000480724		0.000207132		0.998457		
0.312158		0.193136		0.178532		0.316174		
0.000286752		6.12303e-05		0.999379		0.000273112		
0.000891154		0.99823		0.000365724		0.000512653		
0.11889		0.0211225		0.406759		0.453229		
0.000827987		0.0013186		0.997711		0.000142478		
0.369817		0.310993		0.0192864		0.299904		
0.996555		0.00069234		0.00161		0.00114298		
0.370486		0.11208		0.267746		0.249689		
0.261376		0.259788		0.237831		0.241005		
0.123863		0.405803		0.402772		0.0675617		
0.00177974		0.996324		0.000828608		0.00106743		
0.140227		0.320822		0.21211		0.326841		
0.996906		0.00109121		0.00042569		0.00157685		
0.222509		0.25572		0.325461		0.19631		
0.00131545		0.00174951		0.000310039		0.996625		
0.414933		0.138311		0.0679315		0.378825		
0.307497		0.117535		0.274778		0.300191		
1.99793e-05		0.999516		0.000128647		0.000335749		
0.411552		0.0577617		0.386282		0.144404		
0.333193		0.0679815		0.251364		0.347461		
0.220622		0.0725806		0.445853		0.260945		
0.190076		0.285534		0.34651		0.177881		
0.112941		0.621961		0.19451		0.0705882		
0.00136812		0.0014198		4.01967e-05		0.997172		
0.0715757		0.253347		0.45932		0.215757		
0.259357		0.353119		0.0597353		0.327788		
0.534411		0.206463		0.0520646		0.207062		
0.0013304		0.00100609		0.996516		0.00114788		
0.000771285		0.996824		0.00119483		0.00120966		
0.0269542		0.0673854		0.168014		0.737646		
0.00112337		0.997348		0.000672201		0.000856771		
0.00031114		0.00132735		0.00128729		0.997074		
0.00098161		7.60855e-05		0.998668		0.000274336		
0.000762109		0.00161444		0.99675		0.000873449		
0.00180339		0.00126667		0.996379		0.000551036		
0.000678247		0.996402		0.00157332		0.00134609		
0.287352		0.304726		0.264767		0.143155		
0.094431		0.101695		0.256659		0.547215		
0.231161		0.257736		0.341099		0.170004		
0.201569		0.398914		0.302957		0.09656		
0.998172		0.000428353		0.000903172		0.000496599		
0.000301412		0.00143109		0.996844		0.00142374		
0.998199		0.00059197		0.000567097		0.000641715		
0.000111098		0.000650399		0.000211159		0.999027		
0.000177692		1.83333e-05		0.998625		0.00117897		
0.00193456		0.996277		0.00122054		0.000567553		
0.358366		0.192798		0.321036		0.1278		
0.283772		0.537625		0.170444		0.00815956		
0.549748		0.0850126		0.288413		0.0768262		
6.73951e-06		0.00135464		0.996246		0.00239253		
0.00100914		0.000321004		0.000732351		0.997938		
0.000154652		0.999539		3.85792e-05		0.000267706		
0.407996		0.0428709		0.302505		0.246628		
0.474448		0.302555		0.198606		0.0243902		
0.996875		0.000700529		0.00143882		0.00098565		
0.326693		0.464143		0.121514		0.0876494		
0.000737682		0.000822264		0.000729117		0.997711		
0.0857249		0.297056		0.306001		0.311219		
0.0003618		0.000211525		0.000450113		0.998977		
0.256513		0.27014		0.155912		0.317435		
0.000246007		0.00016734		0.999563		2.41522e-05		
0.0009651		0.000488594		0.000683025		0.997863		
0.999008		1.66815e-05		0.000606337		0.000369169		
0.0012782		0.997379		0.000766918		0.000575978		
0.000146316		4.69376e-05		0.999535		0.00027159		
0.998687		0.000527244		0.000264612		0.000520645		
0.40358		0.397229		0.193995		0.0051963		
1.62951e-05		0.999941		2.76788e-05		1.46199e-05		
0.997703		0.000797102		0.00123592		0.000263849		
0.321812		0.220501		0.35439		0.103298		
0.0341113		0.0888689		0.225314		0.651706		
0.244823		0.0773447		0.51218		0.165652		
0.996559		0.00201403		0.000205513		0.00122187		
0.379419		0.0424195		0.500393		0.077769		
0.000604864		0.000916253		0.997773		0.000705446		
0.236755		0.167219		0.356374		0.239652		
0.00222832		3.0665e-05		0.996246		0.00149492		
0.199029		0.202913		0.513592		0.084466		
0.0411204		0.0846246		0.296186		0.578069		
0.00125267		0.000729997		0.00154467		0.996473		
0.00168058		0.000719191		0.997309		0.000291631		
8.70281e-05		0.999406		0.000175186		0.000331536		
0.388395		0.382312		0.212915		0.0163781		
0.000373731		0.000276711		0.998687		0.000662058		
0.000556897		0.000286136		0.000621811		0.998535		
0.996625		0.00103348		0.000718718		0.0016228		
0.000797844		0.997934		0.000245075		0.00102349		
4.01059e-05		0.000740779		0.00101208		0.998207		
3.31574e-06		7.39358e-06		1.27282e-05		0.999977		
0.275203		0.196987		0.251448		0.276362		
0.236062		0.338474		0.347568		0.0778964		
0.466238		0.202572		0.0546624		0.276527		
0.29236		0.284039		0.299168		0.124433		
0.999242		0.000196432		0.000418709		0.000142671		
0.000286058		0.000725057		0.996281		0.00270764		
0.305085		0.268579		0.116362		0.309974		
0.154348		0.132609		0.703623		0.00942029		
0.210108		0.18671		0.466542		0.13664		
0.00139083		0.000505458		0.00102559		0.997078		
0.633457		0.286989		0.0438662		0.0356877		
0.00183809		0.000205742		0.996883		0.00107335		
0.34041		0.333455		0.305637		0.0204978		
0.000652096		0.0001512		0.000642016		0.998555		
0.999246		0.000293271		0.000112472		0.000348163		
0.997641		0.00100134		0.000847146		0.000510888		
0.292491		0.329352		0.255631		0.122526		
0.99666		0.00107456		0.000994693		0.00127059		
0.25023		0.00183655		0.323691		0.424242		
0.586319		0.0677524		0.0560261		0.289902		
0.000387114		7.97407e-05		0.000322208		0.999211		
0.000181769		2.72926e-06		6.55022e-05		0.99975		
0.000116853		0.000164819		0.000171453		0.999547		
0.46533		0.292837		0.0366762		0.205158		
0.35985		0.296678		0.333645		0.00982686		
0.0921856		0.285104		0.407204		0.215507		
0.00105571		0.00039611		0.998035		0.000513023		
0.000743846		0.997742		0.000809986		0.000703981		
0.998145		0.000607826		0.000543844		0.000703798		
0.000625516		0.000253729		0.998953		0.00016763		
0.99702		0.00124186		0.00163216		0.000106445		
0.0750268		0.466238		0.0594855		0.39925		
0.383886		0.194313		0.359242		0.0625592		
0.000387002		6.27403e-05		0.00062057		0.99893		
0.440428		0.176037		0.197456		0.186078		
0.997629		0.000753816		0.000960925		0.000656353		
0.376777		0.0308057		0.49763		0.0947867		
0.178926		0.207851		0.24876		0.364463		
0.000115569		0.000190724		0.999379		0.000314801		
0.147706		0.312844		0.205505		0.333945		
0.226512		0.306977		0.129302		0.337209		
0.378855		0.229075		0.10012		0.29195		
0.250306		0.0575275		0.201958		0.490208		
0.291555		0.250669		0.0768055		0.380971		
0.000621975		0.000261774		0.000522501		0.998594		
0.198455		0.406084		0.0207629		0.374698		
0.997926		0.000656487		0.000849242		0.00056849		
0.000158572		0.999293		0.000302466		0.000245993		
0.253114		0.371233		0.217758		0.157895		
0.0443304		0.34671		0.231918		0.377042		
3.81801e-05		0.000168845		0.999641		0.00015235		
0.286443		0.284943		0.177265		0.25135		
0.000615423		0.000225366		0.998383		0.000776399		
0.999875		3.63668e-05		5.63714e-05		3.22618e-05		
0.997977		0.000238155		0.00170237		8.29133e-05		
0.000401899		0.99698		0.000973019		0.00164461		
3.62943e-06		1.17618e-05		0.999977		8.04626e-06		
0.0289673		0.0428212		0.586272		0.34194		
0.000409424		0.997816		0.00121811		0.000556061		
0.00148024		0.997074		0.000612911		0.000832633		
0.285895		0.0354206		0.548387		0.130297		
0.0283019		0.286903		0.457825		0.22697		
0.000220797		0.998156		0.000903003		0.000719949		
0.000797127		0.00248791		0.996531		0.000183713		
0.42654		0.190435		0.0641965		0.318828		
0.213241		0.111624		0.119323		0.555812		
0.000287124		0.997797		9.01864e-05		0.00182581		
0.0990359		0.175723		0.419369		0.305872		
0.00141033		0.000315363		0.000395404		0.997879		
0.211261		0.185668		0.442531		0.16054		
0.292271		0.331895		0.188701		0.187132		
0.308411		0.310871		0.0969011		0.283817		
0.000210216		0.999457		0.000170074		0.000162679		
0.105945		0.187751		0.390255		0.316048		
0.127894		0.324697		0.2828		0.264609		
0.000503342		1.86856e-05		0.000724066		0.998754		
0.428642		0.225758		0.00298359		0.342616		
0.594595		0.221808		0.00931966		0.174278		
0.0576107		0.47544		0.129169		0.33778		
0.00131335		0.996867		0.000802517		0.00101694		
0.000149074		0.000154553		0.999617		7.91854e-05		
0.127151		0.296804		0.263084		0.312961		
0.081723		0.361111		0.301127		0.256039		
0.000326773		0.00311959		0.996148		0.000405198		
0.506543		0.00163577		0.446565		0.0452563		
0.99998		1.45051e-05		3.13029e-06		1.89581e-06		
0.357697		0.359542		0.116648		0.166113		
0.000234576		8.89771e-05		0.000305353		0.999371		
0.184438		0.428242		0.210375		0.176945		
0.00226009		1.08268e-05		0.000822835		0.996906		
0.000294073		6.0495e-05		0.000329026		0.999316		
7.87543e-05		0.00165384		0.997645		0.000622875		
0.000233008		0.998539		0.000591798		0.000636132		
0.000233623		0.000832403		0.99734		0.00159413		
0.999352		0.000245578		0.000108533		0.000294326		
0.237037		0.0592593		0.367756		0.335948		
0.999316		0.00012027		0.000243193		0.000320131		
0.996492		0.000923875		0.00151283		0.00107111		
0.217152		0.181353		0.208497		0.392998		
0.00140433		0.00185544		0.000466801		0.996273		
0.318322		0.0307929		0.372594		0.278291		
0.000998083		0.00143369		0.000740104		0.996828		
0.00207476		0.00041201		0.000985881		0.996527		
0.000164429		0.00128912		0.998332		0.000214416		
0.17597		0.0505051		0.510898		0.262626		
0.219636		0.48836		0.159919		0.132085		
0.139626		0.165683		0.474435		0.220256		
7.40407e-06		0.000750984		3.0674e-05		0.999211		
0.000917708		0.997004		0.00061129		0.0014671		
0.408049		0.131025		0.214319		0.246607		
0.215931		0.328387		0.178446		0.277235		
0.168526		0.150598		0.354183		0.326693		
0.000219279		0.000194598		0.999117		0.000468935		
0.00161534		4.43684e-05		0.996996		0.0013442		
0.00107818		0.997578		0.00122837		0.000115327		
0.266618		0.354389		0.146897		0.232097		
0.000813522		0.00118654		0.996648		0.0013515		
0.294225		0.26864		0.0924708		0.344664		
1.82067e-05		2.83215e-05		1.20655e-05		0.999941		
0.332241		0.0622696		0.284719		0.32077		
0.426994		0.0255896		0.40291		0.144506		
0.000185652		0.999527		6.79748e-05		0.00021903		
0.999746		0.000144972		7.53528e-05		3.35811e-05		
0.272159		0.384615		0.0652089		0.278016		
0.99991		2.54762e-05		3.64792e-05		2.78884e-05		
0.00164189		0.00151436		0.000394531		0.996449		
0.247073		0.202095		0.278497		0.272335		
0.00122866		0.997141		0.000334679		0.00129604		
0.00101322		0.000425464		0.99768		0.000881631		
0.999984		2.90267e-06		1.05237e-05		2.19862e-06		
0.56917		0.187747		0.235837		0.00724638		
0.200939		0.239334		0.187713		0.372014		
0.00069431		0.0020432		0.996512		0.000750775		
0.266444		0.521739		0.171683		0.0401338		
0.999996		1.87483e-06		4.65444e-07		1.56598e-06		
0.998246		0.000355358		0.0012101		0.000188447		
0.506656		0.125624		0.301165		0.0665557		
0.380569		0.144076		0.452607		0.0227488		
0.000371516		0.998879		0.000283138		0.00046644		
0.071173		0.368986		0.34831		0.211531		
0.000140468		0.000103585		0.999648		0.000107509		
0.000127449		4.40801e-05		0.000390971		0.999437		
0.000634423		0.998406		0.000509529		0.000449798		
0.996238		0.000979304		0.00112488		0.00165754		
0.131632		0.31632		0.232371		0.319678		
0.281772		0.151476		0.253209		0.313543		
0.00028184		0.997387		0.00127298		0.00105847		
0.0821331		0.169716		0.369794		0.378357		
0.28		0.381505		0.0546237		0.283871		
0.372541		0.376082		0.0751377		0.176239		
0.308173		0.113011		0.342369		0.236447		
8.6204e-05		5.2132e-06		0.000107802		0.999801		
0.996465		0.000636157		0.00199173		0.000907271		
0.126323		0.248208		0.284397		0.341072		
0.333488		0.221092		0.180851		0.26457		
0.575783		0.0947282		0.186161		0.143328		
0.304301		0.356631		0.277419		0.0616487		
0.00105087		0.00183349		0.000295327		0.99682		
0.000754641		0.00180149		0.996652		0.000791522		
0.000378647		0.998586		0.000103877		0.000931539		
0.000970068		0.000872246		0.996734		0.00142331		
0.37955		0.389722		0.200749		0.0299786		
0.248073		0.206349		0.303401		0.242177		
0.00134198		0.0014795		0.997008		0.000170711		
0.997613		0.000209233		0.00118363		0.000993858		
7.97256e-05		0.000597942		0.000959052		0.998363		
0.080157		0.158072		0.284193		0.477578		
0.411765		0.121849		0.101774		0.364613		
0.000544453		2.86554e-06		0.000386275		0.999066		
0.000140358		0.00156777		0.996168		0.0021239		
0.396544		0.267387		0.190497		0.145572		
0.99677		0.00139269		0.00165933		0.000178445		
0.998766		0.000391966		0.000318436		0.000523973		
0.274077		0.390449		0.195024		0.140449		
0.275998		0.0134907		0.444632		0.26588		
0.430612		0.212755		0.141327		0.215306		
0.688411		0.165004		0.018419		0.128166		
0.283569		0.175795		0.180212		0.360424		
0.389286		0.0232143		0.399107		0.188393		
0.0654292		0.212065		0.431555		0.290951		
0.0928442		0.212862		0.242754		0.45154		
0.00912863		0.160166		0.591701		0.239004		
0.335289		0.155071		0.153395		0.356245		
0.244708		0.315834		0.108383		0.331075		
0.000986644		0.000397474		0.998152		0.000463539		
0.000439356		0.998016		0.001417		0.000128024		
0.996262		0.000170057		0.000754817		0.00281341		
0.173014		0.317737		0.118607		0.390642		
0.36678		0.0696542		0.402338		0.161227		
0.279279		0.0727156		0.0643501		0.583655		
0.00777385		0.442403		0.386572		0.163251		
0.00186588		0.000347096		0.996938		0.000849523		
0.0936982		0.414594		0.15257		0.339138		
0.183145		0.362277		0.245896		0.208683		
0.998332		0.000685435		0.00025967		0.000722864		
0.190728		0.251987		0.326821		0.230464		
0.00101968		0.000286427		0.00108842		0.997605		
0.000199182		0.999715		8.01228e-05		5.85167e-06		
0.00123801		0.00109816		0.00114821		0.996516		
0.168249		0.472046		0.155591		0.204114		
0.998414		0.000205656		0.000756382		0.0006239		
1.73261e-05		4.93007e-05		0.999883		5.05607e-05		
0.000101381		0.998602		0.000283241		0.00101381		
0.997465		0.000520572		0.000657486		0.0013571		
0.116541		0.412997		0.410311		0.0601504		
0.99941		0.000294608		0.000124738		0.000170497		
0.20964		0.509872		0.108595		0.171893		
7.7091e-05		0.00033048		0.999355		0.00023696		
1.2075e-05		0.000369681		0.99943		0.000188556		
0.99909		0.000362908		0.000356245		0.000191004		
0.379353		0.204809		0.0348259		0.381012		
0.14594		0.0981501		0.243577		0.512333		
0.000695317		0.997418		0.00110582		0.000780894		
0.257615		0.351927		0.0788991		0.31156		
0.0920199		0.38068		0.158839		0.368461		
5.82227e-05		0.000130091		0.000108561		0.999703		
0.335874		0.38161		0.272034		0.0104812		
0.0721519		0.536709		0.274684		0.116456		
0.0951249		0.0677765		0.818074		0.019025		
0.000500598		0.0017699		0.000631841		0.997098		
0.00161218		0.996324		0.00170989		0.000353704		
0.998988		7.54238e-05		0.000684016		0.000252279		
0.000363281		0.000176065		0.000187216		0.999273		
0.304585		0.0655022		0.304585		0.325328		
0.289742		0.321332		0.327446		0.061481		
0.377704		0.361897		0.176789		0.0836106		
0.239234		0.0727273		0.149282		0.538756		
0.200366		0.216453		0.347349		0.235832		
0.999469		0.00023657		0.000250542		4.41385e-05		
0.997555		0.000877577		0.000774541		0.000793194		
0.068328		0.344453		0.291801		0.295418		
0.36231		0.0972644		0.193313		0.347112		
0.998461		0.000483748		0.000644501		0.000410814		
0.199481		0.142338		0.205195		0.452987		
8.44121e-05		0.999453		0.000231953		0.00023051		
0.00304369		0.000670449		0.000125709		0.99616		
0.999004		0.000404402		0.000445208		0.000146484		
0.365285		0.037133		0.163212		0.43437		
0.000751994		0.000787175		0.000890519		0.99757		
0.191701		0.414938		0.190871		0.20249		
0.99659		0.00230465		0.00074901		0.0003565		
0.276796		0.182399		0.168108		0.372697		
0.342926		0.116906		0.531175		0.00899281		
0.998902		0.000517123		0.000385929		0.000194604		
0.00077567		0.997285		0.00168205		0.000257128		
0.999941		3.72298e-05		9.42527e-06		1.19387e-05		
0.99825		0.000848309		0.000622016		0.000279675		
0.00254588		0.000420575		0.996563		0.000471044		
0.168149		0.303685		0.159678		0.368488		
0.285641		0.425116		0.0607308		0.228513		
0.996473		0.00108658		0.000729795		0.00171096		
0.000777498		0.998008		0.000375427		0.000839262		
0.109401		0.513469		0.3337		0.0434305		
0.0445255		0.369343		0.415328		0.170803		
0.165609		0.352568		0.0721293		0.409694		
0.294063		0.25603		0.297774		0.152134		
0.000831199		0.00120453		0.996563		0.00140177		
0.331954		0.244619		0.218129		0.205298		
0.280417		0.302047		0.356895		0.0606412		
0.140249		0.275104		0.347303		0.237344		
0.998141		0.000281525		0.00121776		0.00036009		
0.218769		0.0107591		0.501494		0.268978		
0.000402048		0.997137		0.0011537		0.00130753		
0.00118049		0.996398		0.000910793		0.00151028		
0.000484641		0.996613		0.000591378		0.0023107		
0.0553663		0.306218		0.35477		0.283646		
0.287374		0.558482		0.0852053		0.0689388		
0.508847		0.289544		0.183378		0.0182306		
0.231744		0.36359		0.214503		0.190162		
0.190252		0.0827951		0.34175		0.385203		
0.000650195		8.09851e-06		0.998246		0.00109561		
0.345827		0.471004		0.0735502		0.109618		
0.288959		0.30608		0.0849057		0.320056		
0.209877		0.311728		0.255015		0.22338		
0.0772226		0.192083		0.1817		0.548994		
0.344368		0.355524		0.079525		0.220583		
4.83175e-05		1.9501e-05		1.8119e-05		0.999914		
0.448685		0.192367		0.346055		0.0128932		
0.000445731		0.998055		0.000857864		0.000641718		
0.000975542		0.000482743		0.997754		0.000787809		
0.259934		0.20124		0.294568		0.244258		
0.000565588		0.000833933		8.87602e-05		0.998512		
0.000459123		0.996934		0.00219843		0.000408854		
6.40637e-05		0.999871		6.22138e-05		2.62875e-06		
0.000737879		0.997797		0.000315333		0.00114991		
0.996656		0.00154453		0.00138262		0.000416604		
0.318671		0.298143		0.247312		0.135875		
0.997855		0.00119472		0.000446528		0.000503278		
0.000528829		0.99698		0.0011015		0.0013892		
0.00124156		0.000755226		0.001054		0.996949		
0.00210526		0.811579		0.112632		0.0736842		
0.0012566		0.000773639		0.00135648		0.996613		
0.0890616		0.164973		0.537358		0.208607		
0.000350644		0.000479907		0.997852		0.00131789		
0.00151414		0.00125028		0.997164		7.15149e-05		
0.16457		0.348008		0.321803		0.165618		
0.293686		0.301018		0.165784		0.239511		
0.000342322		0.00031502		0.00031922		0.999023		
0.37489		0.136123		0.157269		0.331718		
0.476815		0.0383065		0.117944		0.366935		
4.71755e-05		0.00221388		0.997547		0.000192072		
0.00119206		0.000551193		0.000889561		0.997367		
0.999137		0.000146991		0.000549467		0.000166823		
0.34901		0.0849835		0.049505		0.516502		
0.000541779		0.000510372		0.000576756		0.998371		
0.237152		0.514989		0.173983		0.0738758		
4.96934e-05		4.96934e-05		0.00120921		0.998691		
0.000120431		0.000885299		0.000830208		0.998164		
0.000795173		0.00065698		0.000559566		0.997988		
0.446663		0.320994		0.0881637		0.144179		
0.495575		0.252212		0.0641593		0.188053		
0.205773		0.386406		0.0460894		0.361732		
0.199307		0.340555		0.258232		0.201906		
0.996437		0.00136874		0.00191456		0.000279206		
0.0333333		0.293333		0.490303		0.18303		
0.000147031		0.000128524		0.999695		2.91321e-05		
0.414878		0.100349		0.00848727		0.476286		
0.446259		0.028451		0.406744		0.118546		
0.000918317		0.996445		0.00240196		0.000234405		
0.438377		0.17485		0.189379		0.197395		
0.166409		0.429567		0.0456656		0.358359		
0.998543		0.000302292		0.000678273		0.000476466		
0.000431579		0.000310495		0.000679802		0.998578		
0.291566		0.00662651		0.464458		0.237349		
0.0614294		0.364442		0.367395		0.206734		
0.996203		0.00176127		0.00144917		0.000586428		
0.000180604		0.000365427		0.999453		8.43943e-07		
0.342625		0.289914		0.168779		0.198682		
0.422335		0.0527919		0.150761		0.374112		
0.000187948		0.998793		0.00047606		0.000543023		
0.00109148		0.00108599		0.00102566		0.996797		
0.413548		0.187115		0.392705		0.00663193		
0.998996		0.000348827		3.15867e-05		0.000623493		
0.00118936		0.997145		0.0011553		0.000510806		
0.00236072		0.16289		0.425873		0.408876		
0.0352734		0.293474		0.346737		0.324515		
0.345286		0.0287738		0.265162		0.360779		
0.996113		0.00111679		0.0018405		0.000929433		
1.23282e-05		1.22451e-05		1.05829e-05		0.999965		
0.000353984		0.000688264		0.998496		0.000461658		
0.000351077		0.000273193		0.999094		0.00028198		
0.624674		0.134465		0.226501		0.0143603		
0.206633		0.397959		0.193878		0.201531		
0.530032		0.333604		0.124188		0.0121753		
0.00110285		0.997664		0.000964302		0.000268785		
0.162316		0.428222		0.0840131		0.325449		
