0.185527		0.600462		0.211701		0.00230947		
0.353124		0.149787		0.159876		0.337214		
7.2631e-05		0.000181432		0.999621		0.000124844		
0.147384		0.43662		0.331992		0.084004		
0.000547134		0.00100928		0.997437		0.00100609		
0.99716		0.000748453		0.00177276		0.000318627		
0.999594		0.000233084		4.39189e-06		0.000168774		
0.144615		0.0861538		0.372308		0.396923		
0.00092406		0.997738		0.000345946		0.000991712		
0.294515		0.336589		0.202104		0.166792		
0.311851		0.28509		0.23976		0.163299		
0.999449		0.000178765		0.000192018		0.000179998		
0.00169222		0.000613871		0.997191		0.000502505		
0.136874		0.136126		0.15632		0.570681		
0.999367		9.09668e-05		0.000278653		0.000263192		
0.194608		0.15		0.180882		0.47451		
0.00114266		0.00112723		0.00088636		0.996844		
0.366047		0.130985		0.24812		0.254848		
0.254977		0.368911		0.346463		0.0296485		
0.00012112		0.000688736		0.00056905		0.998621		
0.13017		0.346107		0.360706		0.163017		
0.000665557		0.996484		0.00100181		0.00184825		
0.00104138		0.000461776		3.98083e-05		0.998457		
0.126523		0.00984067		0.455014		0.408622		
9.5802e-05		0.000158282		0.999449		0.000296698		
0.996848		0.00159844		5.15625e-05		0.00150234		
0.232609		0.347826		0.190942		0.228623		
0.369231		0.3		0.0588462		0.271923		
0.000182024		0.000253758		0.999379		0.000185312		
0.996797		0.00141911		0.000507634		0.00127638		
0.000178061		0.999375		0.000246684		0.000200255		
0.000634577		0.00032406		0.998668		0.000373394		
0.302537		0.308487		0.155027		0.233949		
0.227366		0.1356		0.266284		0.37075		
0.000883191		0.998051		0.00103969		2.63408e-05		
0.202402		0.0936937		0.405405		0.298498		
0.191795		0.418462		0.00307692		0.386667		
0.00111976		0.000693056		0.996934		0.0012536		
0.0014387		0.998012		0		0.000549581		
3.57794e-06		0.999992		3.36353e-06		8.71033e-07		
0.999324		9.68671e-05		0.000328738		0.000250176		
0.252817		0.161972		0.21338		0.371831		
5.91791e-05		0.000130099		0.999773		3.72844e-05		
0.0539552		0.182442		0.346594		0.41701		
0.99957		0.000187713		8.21246e-05		0.00015985		
0.997602		0.000479688		0.000271888		0.00164686		
0.000998502		0.427858		0.214678		0.356465		
0.101058		0.284371		0.0317274		0.582844		
0.997059		0.000981963		8.9677e-06		0.00195048		
0.256583		0.235989		0.213707		0.29372		
0.319569		0.352603		0.316338		0.0114901		
0.336028		0.161085		0.0513857		0.451501		
0.00122087		0.000340456		0.000169144		0.99827		
0.359502		0.050742		0.237913		0.351843		
0.0853595		0.494051		0.110191		0.310398		
0.0019875		0.000693314		0.00111997		0.996199		
0.221432		0.229385		0.3491		0.200084		
0.000224086		0.000208019		9.30166e-06		0.999559		
0.999371		0.000187943		0.000288366		0.000152598		
0.02		0.652727		0.00727273		0.32		
0.000549029		0.999152		0.000176209		0.000122419		
0.000955459		0.000833285		0.00109016		0.997121		
0.261955		0.291842		0.212729		0.233474		
0.156394		0.0208012		0.542373		0.280431		
2.10467e-05		0.000101807		0.999848		2.94898e-05		
0.378623		0.348279		0.0896739		0.183424		
9.48108e-05		0.000899173		0.00209195		0.996914		
0.00185956		0.000319283		0.997656		0.000164905		
0.382628		0.391424		0.0879604		0.137988		
0.317064		0.354862		0.234495		0.093578		
0.11786		0.0629067		0.316703		0.502531		
0.130735		0.153991		0.427404		0.287869		
0.254774		0.341731		0.277123		0.126371		
0.000707225		0.000925519		0.997523		0.000843818		
0.335938		0.31467		0.338542		0.0108507		
0.238784		0.368187		0.0593252		0.333704		
0.000535394		0.000202478		0.000527753		0.998734		
0.380952		0.400124		0.217069		0.00185529		
0.13935		0.494585		0.209386		0.156679		
0.095026		0.286192		0.278025		0.340757		
0.243801		0.277236		0.228197		0.250766		
0.00194486		0.996816		0.000400941		0.000837788		
0.383721		0.0611729		0.188069		0.367037		
0.000343318		0.998672		0.000653716		0.000331091		
0.000465009		0.00147924		0.000919033		0.997137		
0.154234		0.525202		0.292339		0.0282258		
0.43863		0.267364		0.0313987		0.262607		
0.997227		5.62183e-05		0.000196764		0.00252046		
0.34158		0.231337		0.371962		0.0551215		
0.00107934		0.000543591		0.000623168		0.997754		
0.997605		0.000710382		0.00109406		0.000590085		
0.0599922		0.329568		0.370861		0.239579		
0.602815		0.148715		0.219094		0.0293758		
0.629213		0.0959378		0.0847018		0.190147		
0.412332		0.17995		0.158557		0.249161		
0.00058222		0.99784		0.000547762		0.00103017		
0.366304		0.202556		0.15097		0.28017		
0.218375		0.202216		0.37627		0.203139		
0.00169979		0.00054404		0.00088508		0.996871		
0.00106883		0.997406		0.00105385		0.000471067		
0.000282237		0.000155152		0.000711049		0.998852		
0.000848658		0.000560191		0.00117318		0.997418		
3.83219e-05		3.899e-05		2.81568e-05		0.999895		
0.0476974		0.407346		0.152961		0.391996		
0.996258		0.00169568		0.00106641		0.000980097		
0.000128875		0.000378285		0.999437		5.53403e-05		
4.09963e-05		0.998395		0.00118228		0.000382191		
0.000399383		0.00117788		0.00157118		0.996852		
0.00128464		0.000755502		0.997957		2.8296e-06		
0.246174		0.419327		0.259292		0.0752077		
0.513572		0.0266015		0.455483		0.00434311		
0.454905		0.285056		0.19289		0.0671494		
0.361304		0.186531		0.188135		0.26403		
0.357301		0.0475664		0.486726		0.108407		
0.00169631		0.996238		0.000451563		0.00161385		
0.276366		0.272189		0.340759		0.110686		
0.142124		0.368907		0.34274		0.146229		
0.126945		0.254243		0.330976		0.287836		
0.00189226		0.00041661		8.5658e-05		0.997605		
0.0845465		0.258679		0.145577		0.511198		
0.0457886		0.439231		0.00452233		0.510458		
0.000298666		0.996867		0.000999789		0.00183436		
3.69393e-05		0.000550792		0.000162269		0.99925		
0.421772		0.225383		0.142779		0.210066		
0.0460037		0.392193		0.440985		0.120818		
0.237298		0.503464		0.150115		0.109122		
0.0372233		0.198189		0.210262		0.554326		
0.200489		0.0366748		0.670742		0.0920945		
0.463384		0		0.281566		0.255051		
8.93056e-06		0.00078183		0.998633		0.000576427		
4.97646e-05		0.000139963		0.999758		5.24601e-05		
0.222629		0.208791		0.221408		0.347171		
0.00108965		0.00022081		0.997105		0.00158407		
0.460302		0.0628141		0.334673		0.142211		
0.371452		0.34975		0.0317195		0.247078		
0.99966		3.98985e-05		0.000128699		0.000171246		
0.416774		0.277419		0.166022		0.139785		
0.190765		0.657835		0.0348221		0.116578		
0.288401		0.601881		0.0344828		0.0752351		
0.161017		0.122632		0.238285		0.478066		
0.363636		0.0752525		0.403535		0.157576		
0.091083		0.332185		0.206276		0.370455		
0.446809		0.192154		0.321809		0.0392287		
4.55303e-05		2.32553e-05		4.44956e-05		0.999887		
0.560328		0.0821226		0.130133		0.227416		
0.255504		0.27752		0.223349		0.243627		
0.198785		0.138462		0.337247		0.325506		
0.243664		0.0138249		0.314516		0.427995		
0.170295		0.299378		0.0404355		0.489891		
0.056962		0.206048		0.379044		0.357947		
0.997305		0.00168138		0.0007072		0.000306737		
0.000311008		0.000153374		0.999488		4.73375e-05		
0.227381		0.318539		0.224309		0.229771		
5.62347e-05		1.7416e-05		5.52555e-05		0.999871		
0.150877		0.210526		0.270677		0.36792		
0.326038		0.183396		0.398491		0.0920755		
3.57279e-05		0.000127906		0.000305116		0.999531		
0.00786627		0.26057		0.304326		0.427237		
0.00128288		0.00142313		0.996469		0.000825238		
0.362949		0.0756144		0.109168		0.452268		
0.269979		0.351967		0.0811594		0.296894		
0.00243072		0.99691		0.000434057		0.000225067		
0.997703		0.00127377		0.000198679		0.000824424		
0.260589		0.238693		0.148241		0.352477		
0.300663		0.447917		0.0487689		0.202652		
0.157391		0.394375		0.402154		0.0460802		
0.429273		0.134086		0.36002		0.0766208		
0.000419306		0.998711		0.000303845		0.000565911		
0.000917265		0.00232102		0		0.996762		
0.157638		0.224269		0.166306		0.451788		
0.149616		0.170905		0.490242		0.189237		
0.283114		0.334681		0.212336		0.169869		
0.165692		0.153996		0.244314		0.435997		
0.436675		0.0980651		0.140721		0.324538		
0.284983		0.296359		0.346985		0.0716724		
0.000175666		0.998879		0.000362312		0.000583115		
0.571814		0.165206		0.149697		0.113284		
0.000105949		0.999758		0.000124693		1.15457e-05		
0.348693		0.317056		0.0405777		0.293673		
0.00120206		0.000469554		0.00080495		0.997523		
0.24356		0.0608899		0.227166		0.468384		
0.000372752		0.00232253		0.996363		0.000941437		
0.208238		0.34897		0.210526		0.232265		
0.0017456		0.000145298		0.000780979		0.997328		
0.000581638		0.000563612		0.998113		0.000741468		
0.000516558		0.996801		0.000454571		0.00222809		
0.328251		0.379821		0.167265		0.124664		
0.293969		0.283846		0.319275		0.10291		
0.000483619		0.998793		0.000666991		5.64222e-05		
0.000285735		0.000974097		0.000369074		0.998371		
0.157447		0.40766		0.204681		0.230213		
0.279699		0.298316		0.233599		0.188387		
0.227771		0.091352		0.236297		0.44458		
0.307292		0.362351		0.0677083		0.262649		
0.000184216		0.998844		0.000957662		1.43715e-05		
0.247661		0.279733		0.361247		0.111359		
0.308092		0.120231		0.324855		0.246821		
0.997867		0.000610652		0.000964135		0.000558026		
0.0827633		0.649795		0.0485636		0.218878		
0.43416		0.196565		0.341603		0.0276718		
0.999449		0.000309985		5.9808e-05		0.000180988		
0.000212637		0.000192535		0.99948		0.000114359		
0.000596847		0.000320308		0.000739095		0.998344		
0.152525		0.158771		0.289953		0.398751		
0.429825		0.192544		0.271053		0.106579		
0.282305		0.268724		0.10823		0.340741		
0.468499		0.381443		0.0229095		0.127148		
0.00107433		0.00136345		0.00146456		0.996098		
0.999398		0.000264606		0.000304687		3.2269e-05		
0.999207		0.000113197		0.000480048		0.000199724		
0.996949		0.000637734		0.00160985		0.0008032		
0.000750305		0.00119187		0.000585166		0.997473		
5.41152e-05		0.000516272		0.999414		1.55504e-05		
0.368421		0.229782		0.317073		0.084724		
0.135984		0.334791		0.391252		0.137972		
0.328099		0.282645		0.151653		0.237603		
0.00114703		0.000476915		0.000532307		0.997844		
0.000352334		0.00132577		0.000517208		0.997805		
0.997367		0.00102485		0.000578689		0.00102927		
0.267112		0.0488314		0.27379		0.410267		
0.353528		0.243051		0.122951		0.28047		
0.000876356		0.000695312		0.997219		0.00120958		
0.374517		0.0803089		0.203861		0.341313		
0.287758		0.198149		0.365166		0.148927		
0.000274456		0.000498502		0.998906		0.000320793		
0.000579955		0.000459459		0.99825		0.000710586		
0.0653391		0.260112		0.166148		0.508401		
0.000719424		0.00117812		0.996277		0.00182512		
0.000870846		0.998563		0.000443659		0.000122995		
0.416118		0.33443		0.161184		0.0882675		
6.73937e-05		0.00014668		0.000852332		0.998934		
0.249482		0.0315735		0.232919		0.486025		
0.0796767		0.124711		0.770208		0.0254042		
0.32723		0.292302		0.220753		0.159715		
0.126957		0.267826		0.276087		0.32913		
0.000996888		0.000979626		0.000937549		0.997086		
0.0211618		0.374689		0.258506		0.345643		
0.000420231		0.000655164		0.998215		0.000709761		
0.297234		0.0570924		0.203061		0.442613		
0.00112355		0.00100308		6.08696e-05		0.997812		
0.000959495		0.996961		0.00173859		0.000340978		
0.00119571		0.000725138		0.996934		0.00114556		
0.0147949		0.0685945		0.499664		0.416947		
0.000116461		0.00126651		0.998082		0.000534993		
0.055371		0.310631		0.160022		0.473976		
0.196274		0.410722		0.13721		0.255793		
0.0807018		0.25731		0.136257		0.525731		
0.21786		0.194927		0.26581		0.321404		
0.000209743		0.000169399		0.000163827		0.999457		
0.59081		0.086798		0.0970095		0.225383		
0.287819		0.427308		0.06778		0.217092		
0.000744533		0.0011168		0.996395		0.00174414		
0.998914		0.000304832		0.000365542		0.000415563		
0.00163402		0.996203		0.000919014		0.00124384		
0.000445894		0.000190604		0.000238502		0.999125		
0.212473		0.20911		0.298074		0.280342		
0.000247141		0.00208668		0.000670083		0.996996		
0.505687		0.0682415		0.186352		0.23972		
0.229634		0.1345		0.420995		0.214872		
0.225379		0.324621		0.179924		0.270076		
0.364624		0.268144		0.0743155		0.292916		
0.000506907		6.97579e-05		0.999148		0.000274898		
0.00014793		5.42892e-05		0.999707		9.07496e-05		
0.484848		0.082702		0.0789141		0.353535		
0.376887		0.171786		0.154086		0.297241		
0.203629		0.0189516		0.399194		0.378226		
0.00116762		0.997629		0.000784817		0.000418654		
0.00162877		0.00128757		0.000778977		0.996305		
0.998746		7.30431e-05		0.000708788		0.000472075		
0.376812		0.151304		0.0510145		0.42087		
0.214844		0.165737		0.122768		0.496652		
0.000233801		0.99918		0.000328607		0.000257904		
0.00123004		0.00109503		0.996941		0.000733522		
0.170198		0.258121		0.287782		0.283898		
0.167551		0.248673		0.0090978		0.574678		
8.76402e-05		0.000888922		0.00146484		0.997559		
3.59786e-05		0.00025257		0.999453		0.000258326		
0.303967		0.206534		0.106768		0.38273		
2.41172e-06		9.98304e-06		0.999984		3.23024e-06		
0.000813944		0.998055		0.000104837		0.00102653		
0.996758		0.00212606		6.84304e-05		0.00104769		
0.000592355		0.000305414		0.998762		0.000340512		
0.343098		0.357143		0.215891		0.0838684		
0.0908667		0.110438		0.363933		0.434762		
4.27476e-06		0.000673275		0.998188		0.00113495		
0.000207534		0.998488		0.000621509		0.000682676		
0.372503		0.164904		0.357618		0.104975		
0.996578		0.00121124		0.00130475		0.000905876		
0.248848		0.104263		0.285714		0.361175		
0.153676		0.309563		0.484798		0.0519624		
0.523498		0.243308		0.146341		0.0868531		
0.996738		0.00119669		0.00135335		0.000711678		
0.214967		0.125092		0.343727		0.316214		
0.27758		0.273231		0.182681		0.266509		
0.00145807		0.00124533		0.00078879		0.996508		
0.998305		0.000445086		0.000665636		0.000584591		
0.000125578		0.000131484		0.999613		0.000129656		
0.0467643		0.331129		0.298536		0.323571		
0.000983648		0.000636358		0.00060265		0.997777		
0.997465		0.00110053		0.000342279		0.00109234		
0.00156197		0.000157791		0.00038571		0.997895		
0.271068		0.300274		0.283541		0.145117		
0.00050069		0.000819078		0.00206695		0.996613		
0.00215633		0.107278		0.403235		0.487332		
0.146919		0.334123		0.371643		0.147314		
0.323826		0.313423		0.191275		0.171477		
0.000742583		0.000578011		0.000542688		0.998137		
0.0301482		0.311191		0.330097		0.328564		
0.001365		0.00151819		0.99707		4.6503e-05		
0.0014746		0.997055		0.00052193		0.000948786		
0.000864668		0.000530249		0.000800395		0.997805		
0.0215947		0.344961		0.503322		0.130122		
0.416737		0.387001		0.0297366		0.166525		
1.2845e-05		0.000198249		5.45307e-05		0.999734		
0.000926599		0.00109012		0.997168		0.000815316		
5.86029e-05		0.999605		0.000306396		2.95322e-05		
0.000264142		0.99925		0.000199475		0.000286382		
0.603245		0.0663717		0.269912		0.060472		
0.000139384		0.000119438		0.99957		0.000170866		
0.0654867		0.233628		0.109735		0.59115		
0.00086731		0.00184247		0.00102459		0.996266		
0.999711		3.05348e-06		0.000157254		0.000128755		
0.00019571		0.000430794		0.000158653		0.999215		
0.314353		0.25312		0.25156		0.180967		
0.264737		0.0943194		0.336549		0.304394		
0.99959		0.000181402		9.18128e-05		0.000136941		
0.316904		0.32499		0.012707		0.345399		
0.142448		0.310308		0.35612		0.191124		
0.0995261		0.132701		0.343602		0.424171		
0.303349		0.264115		0.187879		0.244657		
0.0483683		0.549534		0.0221445		0.379953		
0.0651481		0.109339		0.411845		0.413667		
0.998965		4.11578e-05		0.000232192		0.000761807		
5.90041e-05		0.999809		0.000102735		2.96669e-05		
0.319781		0.133914		0.244595		0.30171		
0.996336		0.000728606		0.00149477		0.00144069		
0.013796		0.402592		0.362876		0.220736		
0.000939106		0.996984		0.00088896		0.00118756		
0.345884		0.428715		0.180221		0.0451807		
0.432224		0.0120598		0.156778		0.398939		
0.0329631		0.335722		0.341096		0.290219		
0.333065		0.26066		0.350362		0.0559131		
0.515091		0.207243		0.00201207		0.275654		
0.338435		0.404897		0.184958		0.0717097		
0.289127		0.0999512		0.146758		0.464164		
0.139453		0.331641		0.2625		0.266406		
6.88216e-05		2.45791e-05		6.67555e-05		0.99984		
0.0789594		0.427659		0.189868		0.303514		
0.997371		0.00186852		0.000420417		0.000339967		
7.11885e-05		0.000174431		0.999656		9.813e-05		
0.298838		0.250138		0.313226		0.137797		
0.269776		0.129858		0.311385		0.28898		
0.396901		0.388161		0.13826		0.0766786		
0.268041		0.570759		0.157451		0.00374883		
0.998875		0.000419045		0.000220578		0.000485377		
0.99873		0.000135667		0.000909959		0.000223905		
0.000184398		0.998918		0.000647131		0.000250502		
0.298142		0.106502		0.297214		0.298142		
0.159278		0.261856		0.0907216		0.488144		
0.248735		0.219089		0.0751988		0.456978		
0.00019558		0.000316684		0.000472111		0.999016		
0.322193		0.302807		0.0474599		0.32754		
0.099435		0.225235		0.307721		0.367608		
0.471299		0.193353		0.277946		0.0574018		
0.12578		0.626819		0.176715		0.0706861		
0.226932		0.319205		0.233554		0.220309		
0.288086		0.332719		0.14976		0.229436		
0.171471		0.29175		0.119781		0.416998		
0.390146		0.0517848		0.25993		0.29814		
0.0105003		0.231007		0.246448		0.512044		
0.168597		0.40755		0.182325		0.241527		
0.000220564		0.99668		0.000898856		0.00220089		
0.286835		0.102521		0.535014		0.0756303		
0.0012128		0.000783531		0.997453		0.000550546		
0.00102589		5.53385e-05		0.00124299		0.997676		
8.57155e-05		0.998336		0.000505426		0.00107292		
0.000163362		0.999664		0.000128249		4.43268e-05		
0.289034		0.26398		0.326797		0.120189		
0.000491954		0.998488		0.00058303		0.000436735		
5.21979e-05		0.000155758		0.999383		0.000409231		
0.391571		0.0769231		0.236088		0.295417		
0.0909918		0.077343		0.342129		0.489536		
6.45083e-06		9.3963e-05		0.999875		2.45862e-05		
1.19331e-05		0.999906		5.45208e-05		2.72961e-05		
0.555448		0.331726		0.0298939		0.0829315		
0.999391		8.47572e-05		0.00015003		0.000374588		
0.999074		0.000137748		0.000335851		0.000452182		
0.133333		0.264327		0.231579		0.37076		
0.109304		0.122316		0.643461		0.124919		
0.098922		0.60558		0.289157		0.00634115		
0.253485		0.124525		0.307034		0.314956		
0.996949		0.000643883		0.00168943		0.00071747		
0.0207029		0.418392		0.404911		0.155994		
0.131827		0.241055		0.521657		0.105461		
0.265136		0.0815037		0.324351		0.329009		
0.999488		0.000273908		4.98979e-05		0.000187913		
0.996535		0.00160103		0.00137306		0.000490751		
4.7154e-05		0.998629		0.000910435		0.000413504		
0.998656		0.000504956		0.00080415		3.46436e-05		
0.00125585		0.000580156		0.996789		0.00137493		
0.00108621		0.997117		0.00062069		0.00117592		
0.192038		0.374891		0.122047		0.311024		
0.997809		0.000832317		0.000622777		0.000736313		
0.000179564		0.000211629		0.998727		0.000882245		
0.000127269		0.998969		0.000593296		0.000310685		
0.997547		0.000456757		0.000709992		0.00128638		
0.0007463		0.000224126		0.000697543		0.998332		
0.36813		0.316331		0.204429		0.111111		
0.402624		0.134208		0.227043		0.236125		
0.333333		0.144006		0.470029		0.0526316		
0.0715066		0.385917		0.167576		0.375		
0.211082		0.292876		0.126649		0.369393		
0.996395		0.00173582		0.000818709		0.00105094		
0.000905015		0.000116506		0.000900355		0.998078		
0.253955		0.226478		0.398418		0.121149		
0.000865128		0.000262592		0.998023		0.000848843		
0.00120112		0.996918		0.000875003		0.00100591		
0.0801047		0.147644		0.493194		0.279058		
0.99941		6.01674e-05		0.000336329		0.000193347		
7.59314e-05		0.000246355		0.999531		0.000146463		
6.3975e-05		0.00105399		0.000339068		0.998543		
0.999703		5.22513e-05		8.95497e-05		0.000155074		
0.000239969		0.00073818		0.998734		0.000287476		
0.364901		0.395399		0.125736		0.113965		
0.000542962		0.00183975		0.000769636		0.996848		
0.00018956		0.000263548		0.999484		6.25174e-05		
0.998113		0.000694424		0.00081866		0.000373635		
0.00146774		0.000153209		0.00152749		0.996852		
0.187639		0.240535		0.52951		0.0423163		
0.118412		0.11769		0.597112		0.166787		
0.306122		0.304956		0.383673		0.00524781		
0.171137		0.150751		0.145923		0.532189		
0		0.999953		2.40803e-05		2.27947e-05		
0.000943128		0.000952487		0.997785		0.000319229		
0.000624402		0.000341934		0.998641		0.000393039		
0.131935		0.44249		0.376861		0.0487145		
0.000224292		0.99916		0.000340862		0.00027469		
0.389876		0.369005		0.0976909		0.143428		
0.207444		0.0311165		0.603417		0.158023		
0.10473		0.222973		0.315878		0.356419		
8.07909e-06		0.999977		5.81532e-06		9.54309e-06		
0.275601		0.387484		0.135904		0.201011		
2.10554e-07		0.999996		2.24696e-06		1.44874e-06		
0.549908		0.0202082		0.380282		0.049602		
0.264151		0.166274		0.386792		0.182783		
0.219366		0.0912596		0.371894		0.317481		
0.486148		0.222296		0.000659631		0.290897		
0.437437		0.407407		0.048048		0.107107		
0.0591787		0.434783		0.364734		0.141304		
0.29383		0.00734574		0.418217		0.280607		
0.294807		0.303971		0.114053		0.287169		
0.996504		0.000518289		0.00143802		0.00153979		
0.000544061		0.000323139		0.00108592		0.998047		
0.997262		0.000958521		0.000706021		0.00107374		
0.000487276		0.00157441		0.00162191		0.996316		
0.000107137		0.000110538		0.00161045		0.998172		
0.0855795		0.131402		0.274933		0.508086		
0.997746		0.0010711		0.000551977		0.000630831		
0.194228		0.335318		0.394869		0.0755841		
0.000221397		0.000169865		0.000194676		0.999414		
0.297123		0.336625		0.297553		0.068699		
0.000263703		0.999574		0.000143779		1.82991e-05		
0.000901576		0.00122707		0.996687		0.00118386		
0.000633431		0.00142022		0.00131354		0.996633		
0.352786		0.0293989		0.284774		0.333041		
0.420113		0.25282		0.196429		0.130639		
0.318728		0.230389		0.322615		0.128269		
0.322163		0.359249		0.285076		0.0335121		
0.996875		0.00156797		0.000769399		0.000787631		
0.0315173		0.384061		0.286357		0.298064		
0.000959681		0.998281		0.000539481		0.000219588		
0.503995		0.178242		0.179471		0.138291		
0.000301227		0.000609406		0.000245616		0.998844		
0.000332676		0.00154596		0.000136984		0.997984		
0.180698		0.20397		0.290212		0.32512		
0.998109		0.000648141		0.00118356		5.89219e-05		
0.00047393		0.000383039		0.000998499		0.998145		
0.0010253		0.997969		1.18221e-05		0.00099413		
0.000589917		0.997754		0.00036446		0.00129172		
0.125		0.315329		0.46142		0.098251		
0.235474		0.276063		0.262719		0.225744		
0.000352239		0.000344323		0.999137		0.00016672		
0.00015155		0.000370265		0.99866		0.000818028		
0.00108086		0.997738		0.000733273		0.000447582		
0.200871		0.113228		0.161132		0.524769		
0.140262		0.369186		0.460756		0.0297965		
0.352518		0.322984		0.133661		0.190837		
0.0435931		0.364597		0.264201		0.327609		
0.0915432		0.408021		0.201831		0.298605		
6.36775e-05		3.83887e-05		0.999836		6.19963e-05		
0.530636		0.0537572		0.280347		0.13526		
0.223208		0.243918		0.296187		0.236686		
0.000261158		0.999277		0.000189608		0.00027189		
0.143535		0.438909		0.127521		0.290036		
0.99941		0.000320758		0.000156642		0.000112444		
0.000719197		0.000629161		0.000178986		0.998473		
4.69864e-06		0.000152195		0.000100919		0.999742		
0.290231		0.157016		0.289165		0.263588		
0.571142		0.0547762		0.0741483		0.299933		
0.000131918		0.000883002		0.000258517		0.998727		
0.260434		0.492487		0.201169		0.0459098		
0.474043		0.518091		0.00104877		0.00681699		
0.99959		5.53473e-05		0.000348578		6.23115e-06		
0.000107426		0.000237377		0.00119035		0.998465		
0.999031		0.000184358		0.000536842		0.00024755		
0.000588336		0.000961483		0.00140331		0.997047		
0.258669		0.250547		0.235864		0.25492		
0.000107037		0.000208743		0.999531		0.000152969		
0.207495		0.273373		0.239053		0.280079		
0.356184		0.35906		0.120326		0.16443		
0.404835		0.273407		0.00747253		0.314286		
0.999844		7.5936e-05		7.54831e-07		7.95592e-05		
0.423845		0.333508		0.0772059		0.165441		
0.00871348		0.295233		0.315736		0.380318		
0.262878		0.231014		0.397238		0.108869		
0.00139271		0.000946619		0.996707		0.000953644		
0.999371		0.000248571		7.73402e-05		0.000302995		
0.352385		0.145961		0.465281		0.0363722		
0.996203		0.00141367		0.00131257		0.00107064		
0.000460478		0.00077114		0.000112132		0.998656		
0.179429		0.300861		0.201631		0.318079		
0.378316		0.229527		0.201077		0.19108		
0.997437		0.000984368		0.000563532		0.0010146		
0.996863		0.00133864		0.00109899		0.000699097		
0.00071253		0.00160319		0.996664		0.00102021		
0.16789		0.258956		0.234355		0.3388		
0.444045		0.377079		0.0332584		0.145618		
0.39916		0.0726891		0.12563		0.402521		
0.240434		0.219235		0.0537746		0.486556		
0.203714		0.483889		0.193337		0.119061		
0.999184		0.000255166		0.000477023		8.42174e-05		
0.236767		0.347353		0.114367		0.301512		
0.000605681		0.00128814		0.997727		0.000379617		
0.000545837		0.000553782		0.998316		0.000583974		
0.0873786		0.386636		0.0245574		0.501428		
0.235748		0.0570071		0.138361		0.568884		
0.39011		0.042735		0.360806		0.206349		
0.452603		0.38785		0.139519		0.0200267		
0.0202282		0.419606		0.21888		0.341286		
0.333855		0.22544		0.0876712		0.353033		
0.997313		0.00175371		0.00021004		0.000723752		
0.000533376		0.00218601		0.000530612		0.99675		
0.00012629		0.000101032		0.000604708		0.999168		
0.367422		0.103321		0.140749		0.388508		
0.239819		0.137487		0.311521		0.311173		
0.00106676		0.99816		0.000551737		0.000221343		
0.237126		0.196008		0.396407		0.170459		
0.000356113		8.32471e-06		0.999273		0.000362125		
0.000767045		0.00068608		0.00065625		0.997891		
0.000580735		0.996441		0.00201774		0.000960121		
0.259669		0.23849		0.304481		0.19736		
0.258197		0.434426		0.257172		0.0502049		
0.000373441		0.998066		0.000941901		0.000618252		
0.28334		0.0932306		0.383867		0.239562		
0.0187933		0.232443		0.464886		0.283877		
0.000265187		0.999316		0.000370084		4.8323e-05		
0.444771		0.250881		0.171563		0.132785		
0.275881		0.407387		0.213206		0.103525		
0.0967862		0.30157		0.337818		0.263827		
0.00161532		0.99627		0.00182663		0.000288522		
0.999477		2.8475e-05		0.000274979		0.000219983		
0.376735		0.199138		0.215414		0.208712		
0.00120721		0.996574		0.00129711		0.000921461		
0.358753		0.0736074		0.0371353		0.530504		
0.000496967		0.000401721		0.000323968		0.998777		
0.000236621		1.75275e-05		0.997973		0.0017732		
0.323222		0.128832		0.294194		0.253751		
0.42055		0.25687		0.0489845		0.273596		
0.000322958		0.996898		0.00142422		0.00135439		
0.0327409		0.0776427		0.234799		0.654818		
0.000130016		0.998555		0.000567261		0.000748036		
0.0308506		0.372851		0.329661		0.266637		
0.0628295		0.222759		0.425308		0.289104		
0.99791		0.000626953		0.000260164		0.00120273		
0.166393		0.338948		0.191454		0.303205		
0.00166919		0.997855		0.000358336		0.000117008		
0.000551463		0.998664		0.00062525		0.000159225		
0.37492		0.0514469		0.523473		0.0501608		
0.0792431		0.435837		0.0892963		0.395624		
0.289522		0.261029		0.30239		0.147059		
0.286622		0.333922		0.246735		0.132721		
0.256193		0.417862		0.0280313		0.297914		
0.338687		0.395594		0.00275356		0.262965		
0.382424		0.0951515		0.252727		0.269697		
0.167925		0.273585		0.15283		0.40566		
0.24734		0.0835106		0.428723		0.240426		
0.240023		0.356275		0.337189		0.0665124		
0.278689		0.306486		0.35139		0.0634355		
0.0958352		0.41021		0.237797		0.256158		
0.508792		0.118992		0.205158		0.167057		
0.00142347		0.996336		0.00093778		0.00130281		
4.77958e-05		0.000124269		0.999687		0.000140435		
0.270081		0.313747		0.309434		0.106739		
0.343354		0.14557		0.429589		0.0814873		
0.00086448		1.07389e-05		0.996832		0.00229275		
0.213213		0.0834835		0.527327		0.175976		
0.294438		0.329698		0.122864		0.252999		
0.422035		0.0216737		0.134859		0.421433		
3.02076e-05		0.000118673		0.000151901		0.999699		
0.314341		0.0957364		0.372093		0.217829		
0.996301		0.000172575		0.00222955		0.00129709		
0.198375		0.232905		0.041977		0.526743		
0.998742		0.000247179		0.000804854		0.00020578		
0.275581		0.25814		0.101163		0.365116		
0.214376		0.395544		0.235813		0.154266		
0.26755		0.224834		0.220861		0.286755		
0.999004		0.000500937		0.000463046		3.21113e-05		
0.0392512		0.280193		0.122585		0.557971		
0.00122553		0.000295658		0.00109991		0.997379		
0.267915		0.102001		0.227243		0.402841		
0.000113347		0.99748		0.00128891		0.00111727		
0.000511015		0.000496267		0.000621624		0.998371		
0.363371		0.119338		0.437409		0.0798831		
0.99823		0.00126416		0.000184854		0.000320513		
0.000700298		0.998762		8.57507e-05		0.000452233		
6.12032e-05		9.44142e-05		7.87576e-05		0.999766		
0.00154949		0.99632		0.0014099		0.000720303		
0.000457313		0.00132299		0.000957979		0.997262		
0.00856531		0.147752		0.619914		0.223769		
0.000235399		0.99943		0.000108859		0.000226054		
0.000155176		0.999113		0.000681161		5.03817e-05		
0.000398993		0.000310465		2.8823e-05		0.999262		
0.000325229		0.000493089		0.000603556		0.998578		
0.000714122		0.998109		0.000532595		0.000643909		
0.151768		0.577492		0.162701		0.108039		
0.107324		0.134155		0.658448		0.100073		
0.000711064		0.000875497		0.000753283		0.99766		
0.382705		0.320205		0.186644		0.110445		
0.429527		0.182426		0.0361285		0.351918		
0.37599		0.260108		0.091288		0.272614		
0.201774		0.400887		0.120621		0.276718		
0.00206677		0.99698		0.000642505		0.000310259		
0.300851		0.296597		0.226218		0.176334		
0.416959		0.278976		0.0827898		0.221274		
0.000659471		0.000457731		0.998125		0.000757798		
0.000449683		0.000426853		0.999039		8.4402e-05		
0.59492		0.065508		0.329545		0.0100267		
0.314663		0.126594		0.336066		0.222678		
0.00169343		0.00114855		0.996652		0.000505676		
1.67818e-05		0.000196347		0.000189215		0.999598		
0.000401852		0.999195		0.000394975		7.8602e-06		
0.000311779		0.000551226		0.998355		0.000781526		
1.97684e-05		4.94209e-05		4.79982e-05		0.999883		
0.033514		0.418926		0.0882208		0.45934		
0.274435		0.245217		0.310261		0.170087		
0.43215		0.204071		0.162317		0.201461		
2.69149e-05		0.000236751		0.999496		0.00024024		
0.000472343		0.000788409		8.77961e-06		0.99873		
0.137172		0.567316		0.0694327		0.22608		
0.33658		0.160895		0.242063		0.260462		
0.000495404		0.00140257		0.997156		0.000945772		
0.00115835		0.997934		2.27532e-05		0.000885307		
0.368199		0.150192		0.237165		0.244444		
0.214466		0.225399		0.160219		0.399916		
5.69325e-05		2.56825e-05		0.999797		0.00012051		
0.000197619		0.999352		0.000251234		0.000199584		
0.177346		0.0800915		0.363463		0.3791		
0.00142304		0.996621		0.00143928		0.000516583		
0.00179341		0.996648		0.000665969		0.000892182		
0.382772		0.511124		0.0735881		0.0325157		
0.184908		0.0543848		0.46295		0.297757		
0.13609		0.242135		0.314245		0.307529		
0.000110905		0.000122063		0.00015375		0.999613		
0.0012421		0.000597602		0.00118764		0.996973		
0.00142281		0.997113		0.00105968		0.000404232		
0.432494		0.268192		0.0389016		0.260412		
0.433013		0.00395704		0.278123		0.284907		
0.492939		0.251513		0.131137		0.124412		
0.997297		0.000392495		0.000898305		0.00141233		
0.000957618		0.000855016		0.000999866		0.997188		
0.278152		0.273095		0.213756		0.234997		
0.35305		0.0825632		0.416513		0.147874		
0.997328		0.00122051		0.000130769		0.0013206		
0.436019		0.00473934		0.0521327		0.507109		
0.322814		0.113813		0.489912		0.0734609		
0.000158116		0.00100326		0.997832		0.0010066		
0.0560911		0.780018		0.0140228		0.149869		
0.277655		0.469027		0.0304204		0.222898		
0.000232585		0.000230897		8.3393e-05		0.999453		
0.183041		0.427485		0.155556		0.233918		
0.332804		0.277998		0.337569		0.0516283		
0.149495		0.315152		0.256566		0.278788		
0.00169088		0.00052027		0.00139823		0.996391		
0.172897		0.183411		0.332944		0.310748		
0.000146639		0.998309		0.000986022		0.000558746		
0.371343		0.0262478		0.356713		0.245697		
0.484066		0.231319		0.0164835		0.268132		
0.00311365		0.181111		0.322782		0.492994		
0.171746		0.253295		0.296952		0.278007		
2.22196e-05		0.999934		2.84373e-05		1.57494e-05		
0.344195		0.28224		0.123451		0.250115		
6.57046e-05		0.000204673		0.99948		0.000249154		
0.256728		0.128633		0.320775		0.293864		
0.99884		0.000168313		0.000489481		0.000502362		
0.290745		0.276749		0.426637		0.00586907		
1.95555e-06		3.37248e-07		1.61345e-06		0.999996		
0.250577		0.185295		0.2697		0.294428		
4.97083e-05		0.999828		1.9857e-05		0.00010231		
0.0588235		0.193108		0.512775		0.235294		
0.168783		0.130684		0.32077		0.379762		
0.37344		0.112332		0.487269		0.0269596		
0.99652		0.000955397		0.00121124		0.00131384		
0.996785		0.00183452		0.000872854		0.000507473		
0.281262		0.136735		0.312817		0.269186		
0.251046		0.474372		0.104079		0.170502		
0.214938		0.0452282		0.394191		0.345643		
0.0874126		0.404595		0.131369		0.376623		
0.269268		0.153171		0.312846		0.264715		
0.347327		0.428635		0.0110473		0.212992		
0.999805		0.000128685		3.02182e-05		3.64092e-05		
0.00220414		3.01937e-05		0.99732		0.000445357		
0.998152		0.000684754		0.000389602		0.0007733		
0.00162947		0.996309		0.00158437		0.000477567		
0.000530103		0.001943		0.996332		0.00119487		
0.000635235		0.998316		0.000677435		0.000370924		
0.22334		0.137492		0.262911		0.376258		
0.396983		0.132759		0.297414		0.172845		
0.000971388		0.998547		0.000313574		0.000168163		
0.301977		0.27471		0.162918		0.260395		
0.996723		0.00142755		0.00163436		0.000215426		
0.151982		0.537445		0.242291		0.0682819		
0.00171497		0.99791		0.000182183		0.000192693		
0.259902		0.282815		0.287725		0.169558		
0.138492		0.121586		0.516905		0.223017		
0.000222359		8.34609e-05		0.999223		0.000471524		
0.515152		0.179206		0.227795		0.0778474		
0.106759		0.30259		0.219836		0.370815		
8.78202e-05		0.000481523		0.999277		0.000153313		
0.00029042		0.998004		0.000294754		0.00141092		
0.00103725		0.00164801		0.996359		0.000955366		
0.365139		0.0202855		0.254696		0.35988		
0.999551		0.000156365		0.000152294		0.00014056		
0.224609		0.372656		0.210156		0.192578		
0.000405795		2.88591e-05		0.000288002		0.999277		
0.228803		0.209629		0.21176		0.349808		
0.996867		0.000427366		0.00170584		0.000999603		
0.215174		0.251607		0.268753		0.264466		
0.197007		0.188591		0.307357		0.307045		
0.000203993		0.0029783		0.000489583		0.996328		
0.236321		0.268335		0.157159		0.338184		
0.387786		0.219338		0.0875318		0.305344		
0.782075		0.0660377		0.0528302		0.0990566		
0.327657		0.0258368		0.337052		0.309454		
0.335538		0.29104		0.0469032		0.326518		
1.41342e-05		2.63672e-05		0.99993		2.98111e-05		
0.517314		0.306401		0.0975866		0.0786988		
0.199038		0.486538		0.161538		0.152885		
0.393915		0.229554		0.197155		0.179376		
0.248034		0.301875		0.275257		0.174834		
1.02124e-06		4.64154e-05		0.999945		7.25082e-06		
0.17701		0.479223		0.0679978		0.275769		
0.633947		0.158487		0.159509		0.0480573		
0.206588		0.261485		0.279399		0.252528		
0.998766		0.000535064		0.000486422		0.000212889		
0.229522		0.122867		0.466724		0.180887		
0.997371		0.000594263		0.00115315		0.00088149		
0.000800119		0.0010044		0.99725		0.000945476		
0.000768772		0.998922		0.000287556		2.17972e-05		
0.000588314		2.77104e-05		0.999148		0.000235539		
0.238572		0.159826		0.314982		0.28662		
5.33988e-05		0.000407297		0.999391		0.000148679		
1.35913e-05		5.65476e-06		0.999953		2.7629e-05		
4.57021e-05		0.00198804		0.00123188		0.996734		
0.467205		0.0860266		0.277091		0.169677		
0.000831266		0.00137393		0.00154871		0.996246		
0.413408		0.0651769		0.401304		0.120112		
0.182016		0.545323		0.0819434		0.190718		
0.000608001		0.00052653		0.998484		0.000381095		
0.996859		0.00105902		0.000342209		0.00173939		
0.0557621		0.302177		0.420074		0.221986		
0.000714098		0.000298898		0.00114325		0.997844		
0.000175806		0.999535		0.000100229		0.000188809		
0.000496335		0.00236917		0.000986053		0.996148		
0.997523		0.000161435		0.00093559		0.00137954		
0.000144245		0.99718		0.000626497		0.00204957		
0.0612158		0.215753		0.398973		0.324058		
0.169524		0.547937		0.147937		0.134603		
0.00190946		0.99627		0.000893726		0.000927279		
0.00445545		0.472277		0.204455		0.318812		
0.485503		0.0875497		0.163161		0.263786		
0.000151224		0.00011655		0.000107226		0.999625		
0.00132165		0.996469		0.000632539		0.00157706		
0.000649877		0.997648		0.00118753		0.00051416		
0.148283		0.510592		0.185537		0.155588		
0.0147401		0.162141		0.145849		0.677269		
0.156714		0.227318		0.311448		0.30452		
0.00127479		0.00112442		0.000784383		0.996816		
0.00119004		0.996277		0.00129173		0.00124089		
0.34894		0.359099		0.174028		0.117933		
0.189362		0.371489		0.24766		0.191489		
0.0813424		0.363481		0.435722		0.119454		
0.000938767		6.73986e-05		0.998219		0.000775084		
0.231769		0.109747		0.465704		0.19278		
0.300912		0.0678825		0.201114		0.430091		
0.122316		0.43136		0.150293		0.296031		
0.00193981		0.997359		0.000255026		0.000445794		
0.086701		0.249816		0.49302		0.170463		
9.01614e-05		0.000254693		0.999305		0.000350458		
2.14889e-06		0.999984		8.39525e-06		5.08086e-06		
0.996645		0.00107038		0.000565258		0.00171983		
0.446419		0.275484		0.182436		0.0956613		
0.291858		0.266831		0.10786		0.333451		
0.000251874		0.00052013		0.000517058		0.998711		
0.189974		0.287599		0.330343		0.192084		
0.000959949		0.997094		0.000656311		0.00128999		
0.000792989		0.000755384		0.00153366		0.996918		
0.259011		0.150877		0.273684		0.316427		
0.30628		0.172393		0.0195498		0.501777		
0.00145154		0.000870071		0.00014323		0.997535		
0.0161133		0.210449		0.394043		0.379395		
0.00107361		0.997387		0.00109691		0.00044276		
7.13028e-06		0.999437		0.000201629		0.000353741		
0.00183803		0.997188		0.000559197		0.000415268		
0.000779426		0.000251598		0.998297		0.000672101		
9.66767e-05		0.000408511		0.000315125		0.99918		
0.00128792		0.000376728		0.00068301		0.997652		
0.000180432		0.00032936		0.000767552		0.998723		
0.997887		0.000896458		0.000899269		0.000317554		
0.00118975		0.998109		0.000605692		9.51802e-05		
0.000759776		0.000612255		0.998117		0.000510781		
9.37757e-05		0.99968		5.8162e-05		0.000168375		
0.000944893		0.000485595		0.997125		0.00144451		
0.536199		0.275264		0.165913		0.0226244		
0.000441488		0.000198754		0.998699		0.00066054		
0.000145961		0.99891		0.00045376		0.000490122		
0.18835		0.375534		0.169709		0.266408		
1.14566e-06		0.000114709		0.999746		0.000138052		
0.0410959		0.415174		0.12803		0.415701		
0.996816		0.0011977		0.000325845		0.00166005		
0.000758079		5.14533e-05		0.00206156		0.997129		
0.000666957		0.00120866		0.99648		0.00164391		
0.000115077		0.99834		0.000445078		0.0011		
0.269553		0.255587		0.139665		0.335196		
0.000383223		0.000755356		0.998277		0.000584077		
0.998563		0.000859358		0.000400615		0.000177527		
0.001544		0.00145117		0.000348584		0.996656		
0.00131426		0.000382597		0.000814865		0.997488		
0.998879		0.00069985		0.000250613		0.00017063		
0.282358		0.234955		0.0721352		0.410552		
0.223639		0.278429		0.311165		0.186768		
0.000408292		0.00108727		0.000500536		0.998004		
0.000795678		0.000598002		0.000504758		0.998102		
0.437965		0.00743282		0.5243		0.030303		
0.000864618		3.56544e-05		0.998273		0.00082629		
0.00130035		0.000659288		0.000255208		0.997785		
0.070836		0.505424		0.123803		0.299936		
0.00140232		0.99643		0.00210909		5.88975e-05		
0.000262066		0.000199238		0.000448852		0.99909		
0.000348942		0.000699877		0.00190821		0.997043		
0.25		0.337302		0.0531746		0.359524		
0.000681624		0.0003615		0.997254		0.00170297		
0.997512		0.000851804		0.000869413		0.000767064		
0.000143177		0.999363		0.00029161		0.000201932		
0.30451		0.159288		0.237071		0.299131		
0.996391		0.000902344		0.00104551		0.00166152		
0.998199		2.2919e-05		0.00087638		0.000901482		
0.000577404		0.000433869		0.99634		0.00264888		
0.105385		0.399537		0.279676		0.215402		
0.390955		0.0125628		0.161307		0.435176		
0.0012966		0.996508		0.000326552		0.00186903		
0.999699		6.81886e-05		0.000128576		0.000104017		
4.71512e-05		0.00136184		0.997293		0.00129804		
0.048414		0.312187		0.368114		0.271285		
0.000354648		0.000593077		0.998574		0.000478056		
0.213863		0.0959716		0.511256		0.17891		
0.0295964		0.247534		0.307623		0.415247		
0.00140099		0.996812		0.00166808		0.000118429		
0.255226		0.139714		0.272461		0.3326		
0.2706		0.252966		0.160308		0.316127		
0.302083		0.163194		0.00115741		0.533565		
0.557632		0.339564		0.088785		0.0140187		
0.162496		0.209945		0.314592		0.312967		
0.999469		0.000109096		0.000222656		0.000199498		
0.000624824		0.99807		0.000388456		0.000916408		
0.244705		0.200991		0.373141		0.181163		
0.0747791		0.513936		0.165194		0.246091		
0.997348		0.00105319		0.000379799		0.00121935		
0.208		0.313		0.225333		0.253667		
8.50454e-05		0.000162455		1.42181e-05		0.999738		
0.00107214		0.000303822		0.00102248		0.997602		
0.595908		0.0664962		0.0856777		0.251918		
0.201174		0.403415		0.177695		0.217716		
0.243206		0.327959		0.258406		0.170428		
0.585048		0.0315501		0.0672154		0.316187		
0.00697674		0.607752		0.336434		0.0488372		
0.0204516		0.371112		0.393694		0.214742		
0.239675		0.25626		0.220488		0.283577		
0.32568		0.363142		0.175831		0.135347		
0.00018911		0.996578		0.00201888		0.00121388		
0.34441		0.302181		0.0737279		0.279682		
0.999129		0.000118568		0.000610052		0.000142473		
0.000773785		0.998012		0.000883455		0.000331042		
0.093543		0.320364		0.582781		0.00331126		
