0.000959987		0.000360272		0.998523		0.000156303		
0.000423848		0.999039		0.000431128		0.000105962		
0.303309		0.255515		0.164828		0.276348		
0.127355		0.318389		0.294997		0.259259		
0.167796		0.161021		0.194893		0.47629		
0.998258		0.000376553		0.000885654		0.00047998		
0.367748		0.394789		0.0147493		0.222714		
0.179985		0.120601		0.342375		0.357038		
0.39198		0.372932		0.118296		0.116792		
0.406428		0.0388802		0.277346		0.277346		
0.000341446		0.99918		8.69391e-05		0.000391927		
0.30654		0.389646		0.228883		0.0749319		
0.273514		0.256494		0.254703		0.215288		
0.00120493		0.00147808		3.96503e-05		0.997277		
0.199519		0.122115		0.270192		0.408173		
0.997512		0.000878775		0.000711751		0.000897755		
0.194901		0.347862		0.0279605		0.429276		
5.95551e-05		0.000155926		0.998746		0.00103842		
0.998633		0.000529396		0.000400814		0.000436978		
0.000124967		0.999727		0.000138705		9.76563e-06		
0.0422993		0.488069		0.331887		0.137744		
0.000578372		0.000438366		0.998406		0.000577012		
0.208919		0.341101		0.224186		0.225793		
0.000316857		0.997254		0.000750451		0.00167879		
0.000152037		0.999391		0.0002771		0.000180238		
0.178617		0.239588		0.235294		0.346501		
0.000275905		0.0019282		0.00113184		0.996664		
0.333515		0.306267		0.288283		0.0719346		
0.0546826		0.436832		0.419233		0.089252		
0.00152847		0.0016432		0.000101774		0.996727		
1.94438e-05		2.59736e-05		0.999953		1.45756e-06		
0.269322		0.0715015		0.319374		0.339803		
0.15006		0.243351		0.340611		0.265979		
0.194444		0.255093		0.165741		0.384722		
0.000183444		0.000448265		0.998418		0.000950322		
4.95731e-05		0.999406		1.35199e-05		0.000530657		
0.000194482		0.997301		0.000972409		0.00153233		
0.000769963		0.00046455		0.000945174		0.99782		
0.214927		0.114029		0.0753283		0.595715		
0.186343		0.543714		0.178685		0.0912572		
0.422026		0.36652		0.00792952		0.203524		
0.250684		0.26601		0.384784		0.0985222		
0.264254		0.333333		0.163377		0.239035		
0.0337838		0.306869		0.462838		0.196509		
0.209578		0.27016		0.266066		0.254196		
0.000546982		0.00110799		0.997945		0.000399717		
0.000193941		0.999547		0.00025829		8.93738e-07		
0.00041307		0.000920638		0.998375		0.000291292		
0.000124972		0.998254		0.000892409		0.000728713		
0.000216028		0.00011706		0.000479412		0.999188		
0.263905		0.252663		0.173373		0.310059		
0.998633		7.24515e-05		0.000792942		0.000501794		
0.262252		0.272848		0.177042		0.287859		
0.00113273		0.000348165		0.00124958		0.99727		
2.25e-06		8.82813e-06		0.99998		8.45313e-06		
0.000498401		0.00103038		0.996934		0.00153762		
0.0566437		0.42774		0.490206		0.0254103		
0.0016883		0.000922882		0.996605		0.000783353		
0.27864		0.0829356		0.565632		0.0727924		
0.000578722		0.000537241		0.998258		0.000626224		
0.228005		0.295539		0.163569		0.312887		
0.997867		0.0003739		0.00124546		0.000513455		
0.000318318		0.000522119		0.000718157		0.998441		
0.000113575		0.00016749		4.70603e-05		0.999672		
0.0159411		0.1355		0.435929		0.41263		
0.000756718		0.997992		0.000835326		0.000415769		
0.205196		0.376988		0.16596		0.251856		
0.684348		0.0191304		0.134783		0.161739		
0.00204392		7.24059e-05		0.000504773		0.997379		
0		0.192208		0.463636		0.344156		
0.997742		0.000637312		5.12411e-05		0.00156926		
0.0809639		0.179277		0.289157		0.450602		
0.154419		0.123635		0.46574		0.256207		
0.00116662		0.00117678		0.00141051		0.996246		
0.000910899		0.000624031		0.997785		0.000679914		
0.99852		0.000499103		0.000733345		0.000248021		
1.18417e-05		0.000770621		0.000490975		0.998727		
0.373805		0.311185		0.131931		0.183078		
0.270492		0.143101		0.30806		0.278347		
0.383341		0.234238		0.0363553		0.346065		
0.170987		0.323579		0.281773		0.223662		
0.997383		0.000344853		0.00106535		0.00120699		
0.000440502		0.999371		2.36063e-05		0.000164798		
0.219657		0.311388		0.157878		0.311076		
0.996387		0.00166619		0.001713		0.000234092		
0.000203645		0.000389735		0.997258		0.00214881		
0.00193195		0.00138107		0.996098		0.000589323		
0.000407907		0.998895		0.000457069		0.000240493		
0.202369		0.239388		0.356861		0.201382		
0.286853		0.219124		0.106773		0.387251		
0.109157		0.0261615		0.438881		0.425801		
0.999879		4.37198e-05		3.87886e-05		3.85853e-05		
0.32209		0.240919		0.0774648		0.359526		
0.297547		0.298184		0.309971		0.0942975		
0.388832		0.135025		0.330964		0.145178		
0.000223763		0.998445		0.000864751		0.000466173		
0.274648		0.110755		0.181178		0.433419		
0.040797		0.509488		0.303605		0.14611		
0.997883		0.000915472		0.00108949		0.000112227		
0.000518874		0.0012678		0.996875		0.00133833		
0.999684		4.10858e-05		0.000125986		0.000149334		
0.117169		0.107309		0.409513		0.366009		
0.170404		0.328849		0.133533		0.367215		
0.996328		0.00210749		0.0014227		0.00014168		
0.000586527		0.000362845		0.998648		0.00040219		
0.000346739		0.000261963		0.999012		0.000379579		
0.166185		0.314405		0.288418		0.230991		
0.213329		0.248237		0.204513		0.333921		
0.00115031		0.996687		0.000992995		0.00116919		
0.231169		0.362523		0.286827		0.119481		
0.395349		0.560876		0.0136799		0.0300958		
0.00128812		0.99718		0.000115253		0.00141694		
0.00041738		0.000321062		0.000824058		0.998437		
0.319069		0.372372		0.289414		0.0191441		
0.0252828		0.558882		0.403194		0.0126414		
0.412698		0.349206		0.0604056		0.17769		
0.428444		0.346601		0.05322		0.171735		
0.172991		0.202366		0.374541		0.250102		
0.213376		0.22293		0.264331		0.299363		
0.133596		0.445885		0.217587		0.202931		
6.68087e-05		0.000734896		0.998379		0.000819389		
0.161123		0.2921		0.512994		0.0337838		
0.133603		0.378318		0.181736		0.306343		
0.000385216		0.999293		5.85849e-05		0.000263231		
0.297155		0.170706		0.324201		0.207938		
0.350688		0.162083		0.0412574		0.445972		
0.333733		0.376951		0.188475		0.10084		
0.00130055		0.000535839		0.996949		0.00121439		
0.000626526		0.000334455		0.000570269		0.998469		
0.000878394		0.00182686		0.997082		0.000212716		
0.250096		0.259288		0.349674		0.140942		
0.276108		0.496835		0.0822785		0.144778		
0.269285		0.367929		0.031323		0.331463		
0.346923		0.349231		0.290769		0.0130769		
0.000478961		0.000308297		0.00297837		0.996234		
0.996316		0.00308241		0.000153028		0.000448152		
0.0277642		0.484657		0.456405		0.0311739		
0.997789		0.00132747		0.000738489		0.00014498		
0.31882		0.0554775		0.341292		0.28441		
0.997152		0.00127159		0.00080594		0.000770121		
0.999605		0.000249442		9.95758e-05		4.55132e-05		
0.000311601		0.00207651		0.000643144		0.996969		
0.303656		0.322952		0.112729		0.260664		
0.313501		0.330282		0.324943		0.0312738		
0.996777		0.00143209		0.000997961		0.000792604		
0.000105261		0.000228066		0.00338152		0.996285		
0.998246		0.000453257		0.000369503		0.000931147		
0.0554511		0.166353		0.488722		0.289474		
0.431026		0.217281		0.33805		0.0136433		
0.38507		0.0805617		0.0184775		0.515891		
0.363636		0.111752		0.220399		0.304213		
0.157645		0.337132		0.288699		0.216524		
0.998402		5.37495e-05		0.000913741		0.000630166		
0.000739188		0.998449		6.26797e-05		0.000748914		
0.000679515		0.000164767		0.998094		0.00106197		
0.0899558		0.321192		0.0463576		0.542494		
0.000969477		0.000347548		0.997727		0.000956412		
3.6838e-05		6.20605e-05		0.000190164		0.999711		
0.0981623		0.330345		0.37965		0.191842		
0.000928425		0.996465		0.00116946		0.00143727		
0.208072		0.28174		0.238245		0.271944		
0.316728		0.0132541		0.383455		0.286563		
0.316378		0.083079		0.265853		0.33469		
0.00110157		0.000287254		0.997457		0.00115415		
0.000658567		6.75454e-05		0.00050045		0.998773		
0.000788899		0.997062		0.000567394		0.00158121		
0.000584127		0.00308307		0.99632		1.24947e-05		
0.625648		0.0356218		0.202073		0.136658		
0.263009		0.356192		0.339653		0.0411456		
0.000631547		0.000102446		0.998363		0.000902726		
0.142504		0.330313		0.299012		0.228171		
0.144951		0.496743		0.0643322		0.293974		
0.999789		0.000118953		5.47369e-05		3.72478e-05		
0.372889		0.270196		0.19215		0.164765		
0.000582484		0.000332967		0.000272048		0.998812		
0.377969		0.168305		0.328419		0.125307		
0.000413044		0.997828		0.001371		0.000387835		
0.000226382		0.99693		0.000543318		0.00230061		
0.000681321		0.996273		0.00290597		0.000139276		
0.00134455		0.998105		5.92968e-05		0.000490681		
0.997191		0.00209633		0.000292094		0.000420166		
7.8375e-05		8.08042e-05		0.00010254		0.999738		
0.341938		0.248836		0.0330089		0.376217		
0.409738		0.0978411		0.337621		0.1548		
0.00111317		0.00221997		0.996645		2.23273e-05		
6.161e-05		0.000187146		0.999652		9.89002e-05		
0.137571		0.291271		0.23482		0.336338		
0.0686398		0.215365		0.321788		0.394207		
0.000575113		0.998238		0.00045204		0.000734566		
0.00148104		0.00111868		0.997375		2.52809e-05		
0.00107576		0.00109043		9.94267e-05		0.997734		
0.998137		0.000753493		0.00069714		0.000412649		
0.360278		0.223816		0.341591		0.0743155		
0.000645929		0.998391		0.000364989		0.000598457		
0.00045381		0.996992		0.000295504		0.0022585		
0.999734		9.86453e-05		7.87369e-05		8.82427e-05		
0.423956		0.382704		0.0238569		0.169483		
0.999348		0.000179338		0.000283975		0.000189031		
0.403891		0.0326848		0.1393		0.424125		
1.38455e-06		1.67318e-06		0.999996		8.48524e-07		
0.278207		0.265842		0.072643		0.383308		
0.996293		0.000964604		0.00100924		0.00173318		
0.313466		0.3234		0.315121		0.0480132		
0.997844		0.000967217		0.00041139		0.000777643		
0.998051		0.000352661		0.000816487		0.000780071		
0.000655082		0.00120927		0.997566		0.000569244		
0.00046651		0.000861583		0.998422		0.000250032		
0.288285		0.0849372		0.364435		0.262343		
0.00134582		0.000782914		0.996254		0.00161736		
0.998633		0.000487707		0.000488856		0.000390625		
0.0281924		0.0630182		0.538972		0.369818		
0.000307181		0.998125		0.000881649		0.00068617		
4.34168e-06		7.27989e-05		4.78595e-05		0.999875		
0.305447		0.261874		0.0984749		0.334205		
0.00199541		0.00102304		0.000782327		0.996199		
0.000347671		0.00012524		0.000206776		0.99932		
0.00170255		0.000179864		0.00111368		0.997004		
0.287278		0.338241		0.362401		0.01208		
0.0214844		0.559245		0.363281		0.0559896		
0.000143328		0.999469		0.000169813		0.000218109		
0.00192388		0.00108001		6.25088e-05		0.996934		
0.99666		0.000568078		0.00118763		0.00158414		
0.252083		0.229989		0.224919		0.29301		
0.226687		0.0753024		0.321108		0.376902		
0.000464634		0.998512		0.000789515		0.000234132		
9.22574e-05		0.0022737		0.00145826		0.996176		
0.268003		0.318723		0.236068		0.177207		
0.016637		0.538324		0.225787		0.219251		
0.000128249		0.00100257		0.998563		0.000306682		
0.0402831		0.131737		0.388133		0.439848		
0.282364		0.331216		0.12555		0.26087		
0.00516129		0.591613		0.0812903		0.321935		
0.237259		0.154176		0.250107		0.358458		
0.459805		0.0721262		0.21713		0.250939		
0.997434		0.000558806		0.000980607		0.00102699		
0.30604		0.169988		0.277709		0.246264		
0.337159		0.336442		0.322812		0.0035868		
0.2295		0.137		0.4785		0.155		
0.320376		0.420063		0.0413793		0.218182		
0.0145773		0.386783		0.421769		0.176871		
0.253984		0.189763		0.34621		0.210043		
0.177016		0.549607		0.173448		0.0999286		
0.000291594		0.00067455		0.00073698		0.998297		
0.00234975		3.14498e-05		0.997277		0.000341455		
4.45965e-05		3.68907e-05		0.999887		3.1794e-05		
0.264559		0.493067		0.0454798		0.196894		
0.000252165		0.000102772		0.99941		0.000234907		
2.91753e-05		0.00146752		0.997891		0.000612682		
0.996785		0.000943865		0.00132078		0.0009502		
0.330465		0.268283		0.268674		0.132577		
0.185768		0.544081		0.192065		0.0780856		
0.25948		0.291784		0.135885		0.312851		
0.46684		0.188557		0.154746		0.189857		
5.91054e-06		0.0001		0.99975		0.000144089		
0.997051		0.00120415		0.000105124		0.00163994		
0.283257		0.208333		0.311544		0.196865		
0.997348		0.000417889		0.00103352		0.00120094		
0.000272946		0.000138776		0.999332		0.000256247		
0.00146107		0.00056921		5.17464e-05		0.997918		
0.202852		0.403404		0.0984361		0.295308		
0.147965		0.468647		0.184268		0.19912		
0.0697999		0.106561		0.437878		0.385761		
0.225675		0.357011		0.246023		0.171291		
0.000187091		0.999332		0.000305697		0.000175181		
0.0014413		0.996297		0.0017364		0.000525419		
0.000167928		0.000499516		0.999242		9.03683e-05		
0.000359439		0.00102507		0.99848		0.000135027		
0.269159		0.308411		0.166355		0.256075		
4.14653e-05		0.996453		0.000628358		0.00287705		
0.996477		0.00165244		0.00130774		0.000563252		
0.192796		0.462202		0.223744		0.121258		
0.000762407		0.000716987		0.998066		0.0004542		
0.996973		0.00180221		0.000924451		0.00030068		
0.000106689		0.000264404		0.00170703		0.997922		
0.000920059		0.000920059		0.996254		0.00190598		
0.104803		0.168122		0.686317		0.0407569		
0.286634		0.298443		0.27912		0.135802		
0.000769382		0.998418		0.000418518		0.000394131		
0.188867		0.329026		0.028827		0.45328		
0.289052		0.214953		0.492657		0.00333778		
0.367006		0.222428		0.0505097		0.360056		
0.307888		0.183206		0.172519		0.336387		
0.119554		0.302338		0.137088		0.44102		
0.999941		1.61133e-05		2.22575e-05		2.0223e-05		
0.996379		0.000901797		0.00166852		0.00105077		
0.0765595		0.126181		0.42155		0.375709		
0.997168		0.000294257		0.00119571		0.00134206		
0.172686		0.329195		0.240406		0.257713		
0.281456		0.161594		0.270788		0.286163		
0.250615		0.188269		0.292453		0.268663		
0.134973		0.0653869		0.347331		0.45231		
6.91009e-05		6.88141e-05		0.999637		0.000225366		
0.000278255		0.00230045		0.000737698		0.996684		
0.00102601		0.00129351		0.00134455		0.996336		
0.997664		0.000427438		0.000765033		0.00114347		
0.104377		0.278499		0.290524		0.326599		
0.00175119		0.000243946		0.000778305		0.997227		
0.64684		0.173978		0.0327138		0.146468		
0.419911		0.432703		0.121802		0.025584		
0.308818		0.300732		0.293415		0.097035		
0.000408494		0.00136443		0.996914		0.00131302		
0.236609		0.231548		0.228596		0.303248		
0.000373264		0.000909288		0.997773		0.00094401		
0.273664		0.588538		0.0746941		0.0631037		
0.000165946		0.996508		0.00217682		0.00114942		
0.26607		0.0305126		0.379577		0.323841		
0.000969072		0.000731344		0.000561302		0.997738		
0.140125		0.17131		0.311435		0.377131		
0.000346083		0.000409007		0.998262		0.000983191		
0.299856		0.350252		0.0881929		0.261699		
0.000617541		0.00115009		0.000830028		0.997402		
0.000917904		0.00125653		0.996875		0.000950564		
0.000307007		0.99932		0.000163227		0.000209453		
0.996988		0.00196031		0.000851138		0.000200268		
3.14276e-05		0.000224254		0.000119318		0.999625		
0.00111912		0.998379		0.000342526		0.000159452		
0.0804894		0.167418		0.327753		0.42434		
0.0451566		0.353241		0.377276		0.224326		
9.39239e-05		0.999883		1.66324e-05		6.6312e-06		
0.000919875		0.000455106		0.998535		8.98618e-05		
0.442079		0.331683		0.0737624		0.152475		
0.142778		0.298236		0.0104741		0.548512		
0.997535		0.000752005		0.000692022		0.00102082		
0.116915		0.188226		0.261194		0.433665		
0.999297		0.000272613		0.00040757		2.29427e-05		
0.00115057		0.00049183		0.00170916		0.996648		
0.196913		0.227781		0.0526876		0.522618		
0.248941		0.517479		0.179555		0.0540254		
0.177233		0.0369837		0.361191		0.424592		
0.00017178		0.000421138		0.00070005		0.998707		
0.438486		0.334911		0.0909569		0.135647		
0.0453258		0.731822		0.0642115		0.15864		
0.270335		0.203691		0.261791		0.264183		
0.000298311		0.000165565		0.999078		0.000457998		
0.998379		0.000543729		0.000621314		0.000456051		
0.000213821		5.3927e-05		3.694e-05		0.999695		
0.287356		0.15656		0.249703		0.306381		
0.261602		0.109656		0.313623		0.31512		
0.314256		0.503122		0.0827263		0.0998959		
0.160265		0.703311		0.00529801		0.131126		
0.000662946		0.000491998		0.998453		0.000391931		
0.000247062		0.998348		0.000521059		0.000884222		
0.140639		0.426941		0.052968		0.379452		
0.000538624		0.998402		0.000423483		0.00063555		
0.109533		0.114943		0.584178		0.191346		
0.0967033		0.168352		0.309011		0.425934		
0.172695		0.224656		0.216505		0.386144		
0.996305		0.00205677		0.000664415		0.000974122		
0.999273		0.000324368		8.98409e-05		0.000312354		
0.169884		0.120174		0.469112		0.24083		
0.0676513		0.340638		0.33111		0.2606		
0.303672		0.17726		0.180791		0.338277		
0.997277		0.000773482		0.00100995		0.000939228		
0.0302391		0.0710267		0.560478		0.338256		
0.396857		0.0414988		0.326753		0.234891		
0.997988		0.000207089		4.14177e-05		0.00176321		
0.485676		0.428381		0.0746169		0.0113258		
0.37592		0.143533		0.475289		0.00525762		
0.45779		0.0351275		0.134278		0.372805		
0.421896		0.0747664		0.427236		0.0761015		
0.269944		0.245364		0.394567		0.0901251		
0.251462		0.230409		0.0520468		0.466082		
0.00152785		0.000184583		0.997445		0.000842256		
0.000227685		0.999273		0.000397362		0.000101516		
0.000529491		0.997613		0.000409152		0.00144808		
0.000936672		0.000964772		0.0010009		0.997098		
0.33574		0.276895		0.143321		0.244043		
0.108018		0.0100223		0.480512		0.401448		
0.129057		0.238022		0.295595		0.337326		
0.0399393		0.212841		0.467644		0.279575		
7.66559e-06		5.79248e-06		0.999977		9.97943e-06		
0.000719362		0.000702743		0.997863		0.000714614		
0.25182		0.42415		0.158981		0.165049		
0.304725		0.235294		0.153327		0.306654		
0.000107288		0.996348		0.00164355		0.0019015		
0.34198		0.204341		0.108523		0.345156		
0.999828		5.39653e-05		8.21954e-05		3.57143e-05		
0.191547		0.387185		0.271984		0.149284		
0.174014		0.322119		0.235112		0.268755		
0.291477		0.00910865		0.29473		0.404684		
0.539092		0.0138714		0.421816		0.0252207		
0.308083		0.196767		0.184758		0.310393		
0.236954		0.210863		0.514377		0.0378062		
0.000109128		0.999754		8.57431e-05		5.12231e-05		
0.00130242		0.996437		0.00141439		0.000845689		
0.998727		0.000477539		0.000429161		0.000366738		
0.000813279		0.00029371		4.92615e-05		0.998844		
0.996141		0.00137007		0.00139857		0.00109073		
0.000193189		0.000954409		0.998418		0.000434434		
0.155942		0.415652		0.33971		0.0886957		
0.270855		0.441922		0.00158395		0.285639		
0.997539		0.000505397		0.000798297		0.00115724		
0.99768		0.000776865		0.00106705		0.000476401		
0.22464		0.331771		0.300301		0.143288		
0.0526036		0.410733		0.230606		0.306057		
0.360832		0.36944		0.140603		0.129125		
0.000598576		0.000573229		0.000336008		0.998492		
0.145236		0.281615		0.284803		0.288346		
0.000220189		0.000228053		0.997609		0.00194238		
0.021021		0.145145		0.479479		0.354354		
0.999012		0.000223958		0.000385417		0.000378906		
0.323124		0.315084		0.273737		0.0880551		
0.997516		0.000964757		6.16512e-05		0.00145797		
0.342845		0.280881		0.191194		0.185079		
0.00102234		0.00117641		0.00111766		0.996684		
0.000515791		0.000623083		0.000345501		0.998516		
0.112851		0.399598		0.295582		0.191968		
0.996859		0.00149886		0.000748578		0.00089319		
0.996758		0.000466735		0.00167476		0.0011007		
0.000619649		0.998137		0.000694036		0.000549596		
0.117934		0.0286113		0.342638		0.510816		
0.998137		0.00063521		0.000782909		0.000445163		
0.10064		0.406397		0.216205		0.276759		
0.000445216		8.94561e-05		0.998828		0.000637203		
0.00146158		0.000745487		0.000921838		0.996871		
0.291482		0.225505		0.427376		0.0556376		
0.198343		0.109392		0.230387		0.461878		
0.000601442		0.000126923		0.000771635		0.9985		
0.997676		0.0011141		0.000494046		0.000716067		
0.998527		0.000220079		0.00124321		9.36506e-06		
0.0942408		0.407795		0.4363		0.0616638		
0.33863		0.12		0.00547945		0.53589		
0.236595		0.0917634		0.222775		0.448867		
0.0657492		0.344037		0.248089		0.342125		
0.996746		0.000228809		0.00131023		0.00171486		
0.0958466		0.42918		0.189563		0.28541		
0.00116732		0.996602		0.00126309		0.000968024		
0.221099		0.306791		0.343977		0.128133		
0.289412		0.0564706		0.275294		0.378824		
0.297244		0.238189		0.242126		0.222441		
0.20904		0.634887		0.150424		0.00564972		
0.00121984		0.000796285		0.997086		0.000897938		
0.00159668		0.996594		0.00157134		0.000238235		
0.000703285		0.99852		0.000762238		1.49458e-05		
0.124942		0.231837		0.238778		0.404442		
0.21164		0.398589		0.00411523		0.385655		
0.299163		0.0083682		0.34205		0.350418		
0.0526638		0.186773		0.306797		0.453766		
0.0664273		0.333034		0.133752		0.466786		
0.235635		0.0752784		0.333185		0.355902		
0.000122689		0.997391		0.00160393		0.000882759		
0.255337		0.276971		0.210077		0.257615		
0.267583		0.372676		0.225141		0.1346		
0.299068		0.191764		0.287947		0.22122		
0.0164179		0.0537313		0.479602		0.450249		
0.315888		0.0280374		0.283364		0.37271		
0.512516		0.0434783		0.00527009		0.438735		
0.00121444		0.000843212		0.00082907		0.997113		
0.00012564		0.000207722		0.000213513		0.999453		
0.186543		0.324738		0.234891		0.253828		
0.0288397		0.634474		0.065057		0.27163		
0.000503681		0.000496537		0.00104666		0.997953		
0.0908529		0.192213		0.168727		0.548208		
0.158081		0.361616		0.351515		0.128788		
0.000518222		0.000386311		0.000810311		0.998285		
0.000850692		0.998262		0.00065288		0.000234709		
0.281982		0.243565		0.240108		0.234345		
0.3857		0.050856		0.399799		0.163646		
0.000139196		9.48933e-05		0.000176067		0.99959		
9.00091e-05		0.000635496		0.00075887		0.998516		
0.998211		0.000728493		0.000938116		0.000122453		
0.345455		0.270406		0.00541586		0.378723		
0.392786		0.233452		0.0737218		0.30004		
0.000256895		0.000387114		0.998703		0.000652867		
2.36724e-05		0.999523		0.000312725		0.000140165		
0.000892992		0.000179687		0.000185133		0.998742		
0.0236998		0.398947		0.392363		0.18499		
0.382201		0.103298		0.135876		0.378625		
0.26546		0.0311714		0.27099		0.432378		
0.00113836		0.996758		0.000606089		0.00149774		
0.212895		0.166667		0.313869		0.306569		
1.85033e-05		0.999719		0.000129523		0.000133224		
0.073354		0.231551		0.331418		0.363677		
3.24316e-05		0.999957		8.69215e-06		1.84503e-06		
0.376754		0.128758		0.0265531		0.467936		
3.92262e-05		0.00121732		0.997504		0.00123955		
0.998254		0.00093151		0.000505705		0.000308879		
0.000141349		0.999691		9.84663e-05		6.8778e-05		
0.000964403		0.000862887		0.00118834		0.996984		
0.308592		0.271255		0.287449		0.132704		
0.349057		0.209057		0.244528		0.197358		
0.00133525		3.81904e-05		0.00088828		0.997738		
0.000870155		0.996492		0.000997053		0.0016406		
0.996379		0.00205111		0.000131676		0.00143831		
0.322002		0.300283		0.0188857		0.358829		
1.65613e-05		1.69125e-05		1.34012e-05		0.999953		
0.0651402		0.204106		0.340703		0.390051		
0.178072		0.453274		0.265636		0.103017		
3.58498e-06		3.77552e-06		0.999992		4.51999e-07		
0.659363		0.153386		0.0408367		0.146414		
0.150754		0.217337		0.366415		0.265494		
0.424941		0.431529		0.0814118		0.0621176		
6.90861e-05		0.000743498		0.99868		0.000507728		
0.161114		0.0966685		0.435827		0.30639		
0.253371		0.295055		0.156518		0.295055		
0.0191489		0.372766		0.376596		0.231489		
0.00149748		0.00036374		0.000470815		0.997668		
0.998047		0.0011973		0.000183657		0.000572163		
0.209209		0.375503		0.0697363		0.345552		
0.132143		0.36627		0.15873		0.342857		
0.000132188		0.000206624		0.00013775		0.999523		
0.0823195		0.218978		0.37429		0.324412		
0.00152467		0.000484307		0.00140509		0.996586		
0.245758		0.167934		0.520187		0.0661205		
0.045		0.149444		0.489444		0.316111		
0.115727		0.718843		0.126855		0.0385757		
0.000603227		0.00112847		0.00128002		0.996988		
0.124093		0.3195		0.308219		0.248187		
0.226655		0.394832		0.0453309		0.333182		
0.00123931		0.00145497		0.996594		0.000711974		
0.000759364		0.000825278		0.000786452		0.997629		
0.0722789		0.234694		0.516156		0.176871		
0.0200472		0.386792		0.199292		0.393868		
0.000392396		0.000216338		0.000617829		0.998773		
0.234468		0.37061		0.229606		0.165316		
0.997594		0.00105813		0.00105103		0.000297083		
0.0618868		0.124528		0.628679		0.184906		
0.999574		8.76292e-05		0.000219342		0.00011881		
0.363174		0.216966		0.324863		0.0949961		
0.998301		0.00102856		0.000281591		0.000389068		
0.0347594		0.0187166		0.362745		0.583779		
0.174769		0.51794		0.155093		0.152199		
0.290604		0.300671		0.148993		0.259732		
0.16112		0.34115		0.253026		0.244705		
0.232775		0.215648		0.224212		0.327365		
0.000450855		0.000545037		0.998582		0.000422077		
0.000633872		0.997406		0.00156371		0.00039617		
0.000518716		0.0024591		0.99641		0.00061203		
0.000821669		0.000227581		0.000790594		0.99816		
0.361985		0.24657		0.0673931		0.324052		
0.171009		0.339176		0.261014		0.228802		
0.286645		0.173181		0.2443		0.295874		
0.315974		0.248578		0.15186		0.283589		
0.331926		0.353463		0.162162		0.152449		
0.194184		0.30394		0.0741088		0.427767		
0		1		0		0		
0.000124558		0.999094		0.000366498		0.000415194		
0.999863		5.06366e-06		5.11188e-05		8.05363e-05		
0.241469		0.42419		0.0332613		0.30108		
0.00100787		5.74282e-05		0.00211049		0.996824		
0.00144861		0.996766		0.000989207		0.000796553		
0.000370479		0.000674355		0.000498135		0.998457		
0.000323752		0.000129304		0.999477		7.03809e-05		
0.0762712		0.758004		0.105461		0.0602637		
0.996836		0.000173931		0.000817845		0.00217229		
0.165325		0.198604		0.132582		0.503489		
0.99948		0.000192348		0.000126005		0.000201178		
0.213311		0.389932		0.125853		0.270904		
0.00126464		0.000353574		0.997516		0.000866164		
0.176023		0.514035		0.0391813		0.27076		
0.586902		0.0453401		0.0692695		0.298489		
0.171856		0.195714		0.256773		0.375657		
0.998613		0.000540197		0.000350175		0.000496346		
0.439247		0.230108		0.18172		0.148925		
0.00010439		0.999719		0.000153048		2.38113e-05		
0.000226467		0.997004		0.00269924		7.03883e-05		
0.99634		0.000599964		0.00269418		0.000366016		
0.000507032		0.000283938		0.00309966		0.996109		
0.1085		0.31		0.259		0.3225		
0.000146137		0.999426		0.000173299		0.000254783		
0.997691		0.00101131		0.000387365		0.000909919		
0.0737881		0.348777		0.391677		0.185757		
0.00108999		0.00138559		0.996176		0.00134864		
0.260291		0.138062		0.203927		0.39772		
0.147126		0.478927		0.114176		0.25977		
0.996547		0.00124923		0.000897883		0.00130601		
0.146588		0.525223		0.196439		0.131751		
0.301337		0.295869		0.117861		0.284933		
0.091018		0.704192		0.17485		0.0299401		
0.251012		0.268106		0.238866		0.242015		
0.323201		0.0733125		0.418418		0.185069		
0.000673384		0.00176276		0.000766982		0.996797		
0.998918		0.000367715		0.00033943		0.000374886		
0.998676		0.000471063		0.00040513		0.000448026		
0.257042		0.368545		0.152582		0.221831		
0.000452316		0.998934		0.000161774		0.000452316		
0.450089		0.103957		0.0484347		0.397519		
0.0932556		0.266445		0.31557		0.324729		
0.000114441		0.000333918		0.99882		0.000731328		
0.999926		4.18873e-05		9.90243e-06		2.2429e-05		
0.99632		0.00120291		0.00100597		0.00147081		
0.343856		0.301766		0.343104		0.011274		
0.213276		0.432084		0.0725261		0.282114		
0.000933409		0.998059		0.000160896		0.000847101		
0.000960163		0.996367		0.00138902		0.00128363		
0.191384		0.12581		0.379337		0.303469		
0.999898		7.52978e-05		2.47297e-06		2.37917e-05		
0.000308199		0.998852		0.000535381		0.000304858		
0.207418		0.178114		0.315018		0.299451		
0.109339		0.256264		0.56492		0.0694761		
0		0.407514		0.393064		0.199422		
0.0776531		0.175151		0.622951		0.124245		
0.0597222		0.263194		0.423611		0.253472		
0.000343868		0.00222153		0.000969756		0.996465		
0.407666		0.154472		0.0220674		0.415796		
0.997801		0.00014063		0.00102481		0.00103378		
0.068125		0.281875		0.40875		0.24125		
0.182692		0.0944056		0.0323427		0.690559		
0.00194872		0.997		0.000397436		0.000653846		
0.266776		0.166939		0.0286416		0.537643		
0.999344		0.000154754		0.000157081		0.000344415		
0.000958108		0.997199		0.000335031		0.00150764		
0.000677669		0.996805		0.000114998		0.00240265		
0.996805		0.00109807		0.000746823		0.00135042		
0.401373		0.314416		0.0855835		0.198627		
0.000129931		0.000120266		0.999234		0.000515428		
0.00116768		0.0016038		0.996812		0.000416023		
0.336683		0.300879		0.354271		0.00816583		
0.00145385		0.00201425		0.0002194		0.996313		
0.000527197		0.000404928		0.000372562		0.998695		
0.996105		0.000914521		0.00135029		0.00162972		
0.00181269		0.421752		0.128701		0.447734		
0.999957		9.50658e-06		2.26948e-05		1.07674e-05		
0.232252		0.370727		0.207713		0.189308		
0.186539		0.344992		0.104928		0.36354		
0.000849453		0.996363		0.00134175		0.00144552		
1.01817e-05		3.29731e-05		0.999906		5.05952e-05		
0.298262		0.181775		0.216534		0.303429		
0.000310853		0.000322169		0.999258		0.000109165		
0.0504841		0.506224		0.149378		0.293914		
0.000400428		0.0012821		0.00130966		0.997008		
0.293747		0.151236		0.249636		0.305381		
0.997477		0.0013214		0.0011479		5.41331e-05		
0.000329664		0.998875		0.000373799		0.000421537		
0.252412		0.0803859		0.355305		0.311897		
7.30807e-06		0.999957		2.62888e-05		9.37192e-06		
0.317101		0.379601		0.13727		0.166028		
0.99659		0.00168143		0.000909025		0.000819699		
0.244741		0.301192		0.335554		0.118513		
6.98741e-05		0.99984		2.0156e-05		7.01261e-05		
0.000260127		0.00154298		0.000864867		0.997332		
0.419043		0.00916497		0.240326		0.331466		
0.996758		3.72665e-05		0.00187397		0.00133095		
0.997754		0.000400609		0.000459276		0.00138621		
0.997609		0.000863852		0.000195063		0.00133171		
0.000766927		0.996215		0.00192262		0.00109561		
0.170761		0.596165		0.0515279		0.181546		
0.000746661		0.00205958		7.26617e-05		0.997121		
0.998742		0.00053956		0.00037305		0.000345202		
0.996789		0.000900101		0.00155441		0.000756431		
0.00242159		0		0.000730753		0.996848		
0.165687		0.241048		0.430251		0.163014		
0.000420545		0.998203		0.000727926		0.000648404		
0.173182		0.266804		0.264746		0.295267		
0.000530979		0.998379		0.000476674		0.000613441		
0.103343		0.0714286		0.601064		0.224164		
0.000508032		0.000570036		0.00191412		0.997008		
0.000474951		0.000496362		0.998273		0.000755249		
0.298124		0.0668842		0.395188		0.239804		
0.00176767		0.00042359		0.997105		0.000703268		
0.287201		0.217425		0.155744		0.33963		
0.999238		0.00021989		0.000291871		0.000249958		
0.411119		0.535347		0.0253946		0.02814		
0.325231		0.342593		0.15625		0.175926		
0.128161		0.202743		0.414916		0.254179		
0.998367		0.000520942		0.000488473		0.000623398		
0.997684		8.34032e-05		0.000948908		0.00128409		
0.000940368		0.997344		2.55409e-05		0.00169034		
3.86109e-05		9.22598e-05		0.999812		5.66293e-05		
0.001147		0.00178694		0.996746		0.000319967		
0.99659		0.000983267		0.00152062		0.000906274		
0.0958466		0.407348		0.358626		0.138179		
0.381807		0.467203		0.0897277		0.0612624		
0.0803296		0.42585		0.207518		0.286303		
0.0221117		0.131012		0.39801		0.448867		
0.180341		0.476848		0.0666125		0.276198		
0.226068		0.167894		0.418262		0.187776		
0.279269		0.271066		0.244221		0.205444		
0.131291		0.568928		0.00875274		0.291028		
0.195424		0.15829		0.2997		0.346587		
0.0865052		0.273356		0.491349		0.148789		
0.000296754		0.000323329		0.996129		0.00325101		
0.167546		0.138083		0.259894		0.434477		
0.39219		0.405207		0.0645161		0.138087		
0.0948728		0.308438		0.252321		0.344368		
0.000459802		0.000666069		0.000823347		0.998051		
0.0680977		0.390081		0.118431		0.42339		
0.997836		0.000675699		0.000731627		0.000756737		
0.361605		0.229459		0.118516		0.29042		
0.0103461		0.314306		0.319301		0.356047		
0.999953		1.66386e-05		1.84929e-05		1.17435e-05		
0.299811		0.28423		0.122285		0.293673		
0.00117825		0.000580561		0.99693		0.0013115		
0.174492		0.231254		0.192011		0.402242		
0.0963855		0.368509		0.167844		0.367262		
0.255814		0.31235		0.248196		0.183641		
0.427443		0.0948276		0.174569		0.303161		
0.418893		0.0119275		0.330153		0.239027		
0.416333		0.318136		0.0210421		0.244489		
2.5679e-05		0.997449		0.00119407		0.00133103		
0.000167528		0.00261065		0.996625		0.00059682		
0.00188355		8.71663e-05		0.00146288		0.996566		
0.198804		0.120329		0.309417		0.37145		
0.00108336		0.000325797		0.998211		0.000379908		
2.29357e-05		0.00130988		0.996965		0.00170234		
0.124123		0.465638		0.354137		0.056101		
0.342355		0.339648		0.139378		0.17862		
0.000856961		0.000637509		0.00084928		0.997656		
0.00148183		0.00140156		0.00100332		0.996113		
0.039143		0.272765		0.328389		0.359703		
0.000103917		0.000240968		0.000276209		0.999379		
0.186203		0.213065		0.045177		0.555556		
0.00122983		0.000160681		0.99793		0.000679804		
0.99975		1.54594e-05		9.07686e-05		0.000143772		
0.996621		0.00102369		0.00141549		0.000939731		
0.13007		0.22028		0.0027972		0.646853		
6.43445e-05		0.00141252		0.996859		0.00166377		
0.998551		0.000592948		0.000391194		0.000465076		
0.000292543		0.000553264		0.000384661		0.99877		
0.00129105		0.00156344		0.00102832		0.996117		
0.00075184		0.00106549		0.000561574		0.997621		
0.0011377		0.00141033		0.00110822		0.996344		
0.000180678		0.000421948		0.000979405		0.998418		
0.291124		0.12071		0.370414		0.217751		
0.997395		0.0011872		0.000810059		0.000608208		
0.288184		0.443804		0.227666		0.0403458		
0.346901		0.264107		0.0716929		0.317299		
0.181169		0.417532		0.207143		0.194156		
0.291636		0.169846		0.287601		0.250917		
0.997547		0.000693375		0.00154307		0.00021668		
0.197507		0.0229659		0.281496		0.498031		
0.999883		5.85534e-05		3.75839e-05		2.10502e-05		
0.99848		0.000704074		0.000491063		0.000324394		
0.354839		0.268433		0.100614		0.276114		
9.01046e-05		6.17468e-05		3.17424e-05		0.999816		
0.321377		0.233381		0.289335		0.155906		
0.0513595		0.128399		0.191843		0.628399		
0.110572		0.475728		0.395901		0.0177994		
0.000359979		0.000401029		0.00119993		0.998039		
0.00074654		0.00156338		0.00141273		0.996277		
0.000861219		0.998234		0.000749438		0.000154969		
0.999238		0.000256662		0.000200162		0.000304894		
0.00221808		0.00119952		0.000480842		0.996102		
0.998031		0.00140372		0.000167344		0.000397688		
0.531109		0.139766		0.180343		0.148783		
0.00101316		0.000170837		0.00124569		0.99757		
0.108078		0.0239554		0.314206		0.55376		
9.12332e-06		0.00010872		0.000448563		0.999434		
0.38336		0.36019		0.134281		0.12217		
0.000393401		0.99875		0.000308799		0.0005478		
0.246088		0.301565		0.22404		0.228307		
0.0538065		0.224957		0.456211		0.265026		
0.393812		0.0126582		0.133615		0.459916		
0.522267		0.34919		0.0202429		0.1083		
0.379695		0.0725888		0.37868		0.169036		
0.0707497		0.00211193		0.702218		0.224921		
0.180899		0.460334		0.346134		0.0126326		
0.996262		0.00136996		0.00105726		0.00131106		
0.00122219		0.000616622		0.0018565		0.996305		
0.996184		0.00125709		0.000275656		0.00228367		
0.000698414		0.0012997		0.996633		0.00136908		
0.00112331		0.000969784		0.996695		0.00121159		
0.347521		0.128192		0.187782		0.336505		
0.998785		0.000210773		0.000427003		0.000577068		
0.996805		0.000492855		0.00124221		0.00146024		
0.325025		0.269269		0.312234		0.0934733		
0.000685868		6.50112e-05		0.99909		0.000159277		
0.00024299		0.000343685		0.000155513		0.999258		
0.358185		0.300592		0.261933		0.0792899		
0.191672		0.263714		0.473232		0.0713814		
0.370023		0.0518407		0.306536		0.2716		
0.000427898		0.00112548		0.000934903		0.997512		
0.0794133		0.171978		0.303996		0.444613		
0.99709		0.00107735		0.00129023		0.000542572		
0.126774		0.427313		0.428781		0.0171317		
0.119826		0.327233		0.424837		0.128105		
0.000194375		0.00022721		0.999555		2.37276e-05		
0.999738		1.73544e-05		8.29156e-05		0.000161449		
0.0541331		0.111192		0.235552		0.599122		
0.0511788		0.384129		0.125359		0.439333		
0.000354298		0.998266		0.00107864		0.000301435		
0.00096976		0.00252515		0.000157429		0.996348		
0.000145566		0.998637		0.000388176		0.000829539		
0.628269		0.115194		0.0332155		0.223322		
0.267632		0.180772		0.250928		0.300668		
0.000248331		0.00039357		0.999035		0.000322944		
0.00102881		0.0967078		0.420267		0.481996		
0.151359		0.323336		0.22493		0.300375		
0.280645		0.234018		0.23695		0.248387		
0.312837		0.162478		0.360862		0.163824		
0.28082		0.273135		0.226065		0.219981		
0.178154		0.358645		0.25993		0.203271		
0.120098		0.214461		0.441789		0.223652		
0.999313		0.000172267		0.000342967		0.000172267		
0.996227		0.00126577		0.00194165		0.000566016		
0.217499		0.162608		0.390012		0.22988		
0.423792		0.326606		0.165162		0.0844397		
0.996387		0.00182133		0.00134543		0.000446519		
0.00126609		0.997922		7.89661e-05		0.000733069		
0.0649106		0.224835		0.676388		0.0338664		
0.301253		0.100752		0.331328		0.266667		
0.159483		0.324843		0.25		0.265674		
0.201273		0.271281		0.109785		0.417661		
0.00108882		0.997102		0.000624357		0.00118526		
0.0591868		0.40247		0.191971		0.346372		
0.165052		0.339791		0.185544		0.309613		
0.999613		0.000221458		0.000140161		2.51001e-05		
0.00112056		0.00113605		0.000919169		0.996824		
0.00321993		0.996363		0.00020431		0.000212482		
0.165753		0.515539		0.0828763		0.235832		
0.996633		0.000986642		0.00159269		0.000787859		
0.205301		0.278082		0.149769		0.366849		
0.000270962		0.000664295		0.998676		0.000388962		
0.00150453		0.000549733		0.996309		0.00163714		
0.124631		0.347783		0.268966		0.258621		
3.45367e-05		0.999863		5.82321e-05		4.39499e-05		
0.369826		0.00133511		0.365821		0.263017		
0.102646		0.247795		0.269848		0.379711		
0.99966		7.81385e-05		0.000183763		7.79422e-05		
0.00224581		0.996437		0.00072636		0.000590328		
0.135417		0.0803571		0.622768		0.161458		
0.577262		0.373098		0.040032		0.00960769		
0.999793		9.61127e-05		8.5322e-06		0.000102386		
0.999633		0.000114872		6.09733e-05		0.000191342		
0.322337		0.217869		0.197251		0.262543		
0.000217724		0.999367		0.000186146		0.000228943		
0.998887		9.30837e-06		1.30317e-05		0.00109094		
0.000647015		0.000226018		0.998551		0.000576186		
0.0686813		0.316621		0.224588		0.39011		
0.996637		0.00080156		0.00107965		0.00148207		
0.000319844		0.000570156		0.00189125		0.997219		
0.997527		0.000897892		0.000867962		0.000706802		
0.223244		0.0144452		0.565988		0.196323		
0.0948052		0.243506		0.272727		0.388961		
0.00152005		0.000935061		0.000466763		0.997078		
0.19107		0.497045		0.0781353		0.233749		
0.222819		0.587919		0.173154		0.0161074		
0.364238		0.136235		0.167455		0.332072		
0.429519		0.309287		0.121061		0.140133		
0.997484		0.00126103		0.000312364		0.000942235		
0.330652		0.0603379		0.0337892		0.575221		
0.168182		0.416162		0.0676768		0.34798		
0.250192		0.183807		0.310821		0.25518		
0.203869		0.300967		0.160714		0.334449		
0.360258		0.103527		0.357603		0.178612		
0.254774		0.159722		0.224826		0.360677		
0.310176		0.193738		0.172211		0.323875		
0.267093		0.333989		0.0654206		0.333497		
0.00115311		0.00130561		0.996816		0.000724873		
0.128529		0.378158		0.177563		0.31575		
0.00106072		5.53791e-05		0.997883		0.00100108		
3.1074e-05		0.00136399		0.998512		9.3222e-05		
0.279661		0.310478		0.211094		0.198767		
0.997031		0.000268934		0.00161884		0.00108097		
0.00105376		9.50212e-05		0.997844		0.00100747		
0.273965		0.0724401		0.352397		0.301198		
0.997422		0.000657287		0.00118252		0.000738322		
0.999109		0.000150653		0.000696401		4.35712e-05		
0.000223928		0.999211		0.000185974		0.00037916		
0.0796202		0.0423667		0.308254		0.569759		
0.388332		0.276664		0.0127621		0.322242		
0.0186207		0.422069		0.0848276		0.474483		
0.000733081		0.000595237		0.997289		0.00138262		
0.385073		0.277473		0.191392		0.146062		
0.000764329		0.000721997		0.997598		0.000916018		
5.23638e-05		0.999906		1.76111e-05		2.3775e-05		
0.325048		0.0535373		0.282983		0.338432		
0.999734		9.09554e-05		8.36044e-05		9.10652e-05		
0.998441		0.000683549		0.000304363		0.000570681		
0.348092		0.232824		0.352672		0.0664122		
0.485014		0.166213		0.20327		0.145504		
0.218647		0.467822		0.217822		0.0957096		
0.243226		0.0393548		0.425161		0.292258		
0.267587		0.185404		0.159763		0.387245		
0.000602335		0.00150669		0.997488		0.000402694		
0.000394014		0.000134838		4.53662e-05		0.999426		
0.307052		0.407933		0.0470127		0.238002		
1.64913e-05		2.8146e-05		0.999941		1.39564e-05		
0.231852		0.345556		0.28		0.142593		
0.14966		0.414541		0.0127551		0.423044		
0.190737		0.114542		0.496514		0.198207		
0.996703		0.000192822		0.00114937		0.00195468		
0.000192432		0.999465		0.000218911		0.000123813		
0.488417		0.28861		0.0945946		0.128378		
0.203075		0.128314		0.164369		0.504242		
0.0011394		0.997512		0.000481915		0.000866963		
0.168153		0.197877		0.38259		0.25138		
0.271897		0.25592		0.191726		0.280456		
0.997508		0.000574172		0.00170843		0.00020959		
0.00128903		0.997574		0.000729337		0.000407414		
0.178938		0.520548		0.130993		0.169521		
0.220574		0.295252		0.00445104		0.479723		
0.163293		0.298799		0.321441		0.216467		
6.71965e-05		0.00038848		0.000270886		0.999273		
0.99902		0.000589746		0.000101344		0.000289379		
0.998437		0.000468222		0.000633981		0.000460297		
0.161346		0.310548		0.211659		0.316447		
0.00119765		0.000991773		0.997578		0.000232447		
0.0968137		0.776961		0.0208333		0.105392		
0.99632		0.00144604		0.000977781		0.00125587		
0.46761		0.21519		0.0335071		0.283693		
0.378636		0.171013		0.237713		0.212638		
0.000883572		0.00192208		1.46564e-05		0.99718		
