0.00129479		0.00202231		0.000577439		0.996105		
0.997754		0.000798169		3.25783e-05		0.00141535		
0.00114999		0.00153737		0.997062		0.000250148		
0.000206243		0.000208621		0.000159354		0.999426		
0.00124663		0.000239252		0.996621		0.00189303		
0.386353		0.115722		0.175196		0.322729		
0.457831		0.0978916		0.245482		0.198795		
0.346096		0.0233715		0.407757		0.222775		
0.327316		0.130691		0.319074		0.22292		
0.404884		0.226221		0.191517		0.177378		
0.000992007		0.997406		0.000819301		0.000782443		
0.00135895		0.0011479		0.996215		0.00127831		
0.99941		1.16733e-05		0.000495771		8.23996e-05		
0.000861222		0.996508		0.00143668		0.00119428		
0.000861323		0.00027871		0.00139512		0.997465		
0.000579165		0.000600996		0.997945		0.000874526		
0.00148847		0.000535649		0.997938		3.83799e-05		
1.26283e-05		9.00279e-05		0.999715		0.0001825		
0.000376047		0.00107703		0.00189849		0.996648		
0.00106834		0.996492		0.000948922		0.00149055		
0.000958534		0.997035		0.00185757		0.000148738		
0.107143		0.569444		0.322421		0.000992063		
0.137386		0.391236		0.265298		0.20608		
0.0549188		0.200096		0.280325		0.464661		
5.1701e-05		0.999832		1.25083e-05		0.000103759		
0.589176		0.194342		0.00369004		0.212792		
0.00116757		0.997723		0.000741817		0.00036796		
0.198285		0.353698		0.161486		0.286531		
0.000562239		0.00055375		0.99827		0.00061448		
0.00017241		0.000737632		0.000789177		0.998301		
0.00065188		0.000171511		0.000297703		0.998879		
0.00192057		0.0010426		0.00072433		0.996313		
0.00018999		0.997664		0.00183138		0.000314573		
0.277168		0.542373		0.0418744		0.138584		
0.000625985		0.000874281		0.00233958		0.99616		
0.000676963		0.998086		0.000626895		0.000610205		
0.0294715		0.535569		0.195122		0.239837		
0.000732987		0.000559902		0.998137		0.000570392		
0.998566		0.000212888		0.000731518		0.000489188		
0.999465		0.000255806		0.000118169		0.000161181		
0.000313914		0.000444632		0.998898		0.000343016		
0.000836253		0.000516624		0.000666654		0.99798		
0.247377		0.545555		0.0088349		0.198233		
0.998238		0.000176564		0.00044468		0.00114047		
0.368672		0.0487106		0.129417		0.4532		
0.347758		0.258458		0.328482		0.0653029		
0.431818		0.0856643		0.38986		0.0926573		
0.168778		0.305272		0.148345		0.377605		
0.000244861		0.999359		0.000372274		2.34896e-05		
0.999191		0.000250854		0.000221554		0.000336186		
0.000607394		0.997918		0.000598733		0.000875904		
0.00139583		0.000865563		0.000629232		0.997109		
0.000248909		0.997297		0.00125406		0.00120016		
0.000249928		0.999531		0.000165904		5.29176e-05		
0.997609		0.0010412		0.000492284		0.00085714		
9.21878e-05		0.999746		0.000101646		6.00728e-05		
0.000715478		0.000940016		0.997855		0.000489037		
0.000490868		0.99907		0.000355363		8.34565e-05		
0.00163784		0.996758		0.00155322		5.11275e-05		
0.000646704		0.000224618		0.998762		0.000366959		
0.12967		0.280769		0.521978		0.0675824		
0.996563		0.000729676		0.00102826		0.00167956		
0.558397		0.0373186		0.328956		0.0753283		
0.501726		0.116226		0.350978		0.0310702		
0.388066		0.125		0.347125		0.139808		
0.000461456		0.000477577		0.000775811		0.998285		
0.252358		0.231469		0.19845		0.317722		
7.47188e-05		8.16256e-06		0.999559		0.000358525		
0.128352		0.0900383		0.743295		0.0383142		
0.284722		0.296498		0.204408		0.214372		
0.000519672		0.00245179		0.000794166		0.996234		
0.0733496		0.262103		0.191687		0.472861		
0.0307872		0.353858		0.226033		0.389322		
0.405322		0.208426		0.171175		0.215078		
0.401296		0.441176		0.0687936		0.0887338		
0.998309		0.000866671		0.000666312		0.000158424		
3.77535e-06		2.68648e-06		0.999988		5.25693e-06		
0.330047		0.131309		0.351735		0.186909		
0.00190023		0.000432774		0.996871		0.000795906		
0.00201109		0.00146744		0.996434		8.78828e-05		
0.000860874		0.000189459		0.00244967		0.9965		
0.99827		0.00114009		0.000567787		2.2591e-05		
0.393804		0.383204		0.101101		0.121892		
0.999707		0.000175318		8.56124e-05		3.20379e-05		
0.000304725		0.000223704		0.999398		7.31339e-05		
0.268108		0.351915		0.148654		0.231323		
0.298102		0.260514		0.350577		0.0908076		
3.57871e-05		5.38555e-05		0.999801		0.000109576		
0.319694		0.266187		0.352068		0.0620504		
0.0012497		0.00146493		0.000289282		0.996996		
9.52564e-05		0.999773		6.92205e-05		6.20856e-05		
0.406293		0.146375		0.313269		0.134063		
0.276573		0.36753		0.0523533		0.303543		
0.430437		0.0210108		0.345826		0.202726		
0.999215		0.000137808		0.000121016		0.000526333		
0.313915		0.374686		0.140402		0.170997		
0.000203623		0.999516		0.000230915		4.98377e-05		
0.208897		0.382495		0.122824		0.285783		
0.000538514		0.00138092		0.996293		0.0017876		
6.26818e-05		0.999113		0.000327933		0.000496104		
0.0023892		0.000249496		0.0012285		0.996133		
0.00137122		0.000738044		0.996672		0.00121886		
0.00105763		0.00170866		0.000886058		0.996348		
0.183645		0.152336		0.203271		0.460748		
0.997707		0.00179331		0.000328545		0.000171117		
0.268953		0.26065		0.233574		0.236823		
0.000124833		0.000143558		0.999645		8.70784e-05		
0.285105		0.080239		0.376867		0.257789		
0.275432		0.274628		0.277041		0.172899		
0.000491976		0.998566		0.000425909		0.000515709		
0.304225		0.141972		0.0777465		0.476056		
0.996641		1.43359e-05		0.00110864		0.0022364		
0.000543705		0.000696275		0.0012483		0.997512		
0.997117		0.00045148		0.001434		0.000997327		
0.165064		0.255609		0.240385		0.338942		
0.996234		0.000760115		0.00220171		0.000803799		
0.000239931		0.00125266		0.997262		0.00124569		
0.372654		0.318588		0.122431		0.186327		
2.43278e-05		0.9995		0.000139565		0.000336108		
0.996117		0.00146477		0.000516675		0.00190136		
0.00113981		0.00192875		0.996191		0.000740028		
0.0625		0.44837		0.0638587		0.425272		
0.184648		0.278583		0.441224		0.0955448		
0.193855		0.257897		0.299005		0.249243		
0.0466859		0.458213		0.455908		0.0391931		
0.0948671		0.452337		0.317599		0.135197		
0.271766		0.191212		0.302685		0.234337		
0.999465		0.000150082		0.000182668		0.000202407		
0.00217137		0.00118674		0.996375		0.000266887		
0.000415411		4.65881e-05		0.998414		0.00112394		
0.348589		0.276732		0.214713		0.159966		
0.075846		0.260599		0.327499		0.336056		
0.996336		0.00159771		0.000712132		0.00135422		
0.138497		0.309042		0.307135		0.245326		
0.00106563		0.996113		0.000694763		0.00212632		
0.207185		0.369256		0.0655806		0.357978		
0.39645		0.177515		0.209566		0.216469		
0.183272		0.259943		0.316113		0.240672		
0.00267686		0.000600773		0.996426		0.000296584		
0.33421		0.317311		0.266617		0.0818626		
0.000280488		1.36102e-05		0.999363		0.000342621		
0.998988		0.00013104		0.000226941		0.000653737		
0.0417854		0.324786		0.379392		0.254036		
0.00118656		0.00167116		0.000743844		0.996398		
0.610519		0.274301		0.00932091		0.105859		
0.259405		0.261555		0.161233		0.317807		
0.000234309		0.000450537		0.000393278		0.998922		
0.000251758		0.999496		0.00014559		0.000106558		
0.0967379		0.454443		0.395951		0.0528684		
0.251472		0.238856		0.00672834		0.502944		
0.998355		0.00149751		6.30089e-05		8.40118e-05		
0.596844		0.200143		0.125538		0.0774749		
0.00114269		0.00161949		0.996723		0.000515168		
0.000558832		0.997703		0.00152879		0.000209254		
0.175202		0.286253		0.0123989		0.526146		
2.17077e-05		4.71702e-05		0.999879		5.22158e-05		
0.414392		0.13995		0.436228		0.00942928		
0.999789		7.76332e-05		4.17108e-05		9.15935e-05		
0.447298		0.0417335		0.0957731		0.415195		
0.395712		0.387914		0.0740741		0.1423		
0.378816		0.105296		0.0323988		0.483489		
0.00117675		0.000728463		0.99618		0.0019151		
0.998035		0.000598921		0.000443606		0.000922317		
0.432888		0.229817		0.288262		0.0490342		
0.0165746		0.385359		0.592541		0.00552486		
0.403612		0.210835		0.261103		0.124451		
2.59901e-05		9.42141e-05		9.85458e-05		0.999781		
0.00192522		0.00163644		0.996227		0.000211775		
0.000579082		0.000430411		0.000650664		0.99834		
0.000735093		0.998426		0.000407295		0.000431831		
0.00167187		0.996988		0.000480368		0.000859482		
0.339022		0.239477		0.354949		0.0665529		
0.000315924		0.000371887		0.00033172		0.99898		
0.996523		0.00156414		0.00114777		0.000764654		
0.200092		0.428243		0.0975161		0.274149		
0.997551		0.00090066		0.00120141		0.000347146		
0.315182		0.308251		0.0785479		0.29802		
0.996633		0.00028243		0.0014906		0.00159416		
0.208217		0.16922		0.245822		0.376741		
0.255049		0.199701		0.433059		0.112191		
0.000501836		0.000914419		0.998008		0.000575932		
0.000102114		0.999586		0.00015177		0.000160179		
0.000543317		0.00180599		6.08516e-05		0.99759		
0.998805		0.000180399		0.000834515		0.000180399		
0.111533		0.172231		0.402124		0.314112		
0.99734		4.50492e-05		0.000889722		0.00172539		
0.0812044		0.733577		0.0191606		0.166058		
0.000602578		0.000369355		0.998437		0.000590567		
0.000272961		0.000254395		0.999219		0.000253894		
0.000655482		0.998184		0.000730503		0.000430421		
0.509053		0.0543175		0.29805		0.138579		
0.123856		0.223786		0.465869		0.186488		
0.997328		0.000837313		0.000683649		0.00115091		
0.996852		0.00128462		0.000664588		0.00119923		
0.373489		0.217617		0.114421		0.294473		
0.000567724		0.000314031		0.00100106		0.998117		
0.00935454		0.262862		0.553789		0.173994		
0.341794		0.254371		0.0417372		0.362098		
0.339703		0.0279547		0.348903		0.283439		
0.00794101		0.279637		0.337493		0.374929		
0.000707769		0.996824		0.00172761		0.000740404		
0.324014		0.29797		0.157411		0.220605		
0.171627		0.349776		0.231146		0.247452		
0.105875		0.250918		0.143819		0.499388		
0		0.000225488		0.000540137		0.999234		
4.67393e-05		0.00160125		0.00164107		0.996711		
0.251006		0.320193		0.104586		0.324216		
0.000939398		0.998477		2.13874e-05		0.000562652		
0.225068		0.368258		0.365541		0.0411331		
0.114765		0.17666		0.24049		0.468085		
0.452842		0.0468457		0.442848		0.0574641		
0.252308		0.241538		0.28		0.226154		
0.000272649		0.999332		0.00014261		0.00025271		
0.144259		0.291979		0.222158		0.341604		
0.143115		0.40316		0.262754		0.190971		
0.000563687		0.997031		0.000830157		0.00157491		
0.410337		0.283596		0.22427		0.0817978		
0.000841839		0.996207		0.00216249		0.000788637		
0.00204081		0.997375		0.000113235		0.000470956		
0.00168017		0.000175353		0.00119526		0.996949		
0.286182		0.204322		0.207269		0.302227		
0.000422872		0.000448571		0.99816		0.0009684		
0.275778		0.148346		0.2607		0.315175		
0.999109		0.000277414		0.000318459		0.000294752		
0.998844		0.000590972		0.000197847		0.000367431		
0.286957		0.088587		0.214674		0.409783		
0.0430108		0.0445469		0.144393		0.768049		
0.456497		0.499435		0.0322034		0.0118644		
0.30203		0.236041		0.190778		0.271151		
8.1461e-05		0.997254		0.00114903		0.0015156		
0.451098		0.144212		0.381238		0.0234531		
0.161326		0.310497		0.308287		0.21989		
0.997711		0.000964581		0.000530762		0.000793719		
0.997363		0.000996162		0.000846279		0.000794278		
0.265038		0.394737		0.0234962		0.316729		
0.252121		0.529697		0.155758		0.0624242		
0.000645569		0.0008636		0.000623644		0.997867		
0.00049001		0.000127131		0.998957		0.000425827		
0.00138846		0.000493229		0.997484		0.000633931		
0.000147114		0.999414		0.000246976		0.000191847		
0.136261		0.179054		0.293919		0.390766		
0.000355186		0.000659469		0.998578		0.00040722		
0.998254		0.000317571		0.000774829		0.000653694		
0.157916		0.352546		0.195026		0.294512		
0.000268647		0.999355		0.000247497		0.000128387		
0.262209		0.17907		0.0209302		0.537791		
0.136929		0.28769		0.270632		0.304749		
0.00252414		0.99648		0.000858952		0.00013644		
0.246214		0.326266		0.246646		0.180874		
0.35574		0.115234		0.110432		0.418595		
0.00035878		0.000403165		0.000839618		0.998398		
0.427697		0.146274		0.0989989		0.32703		
0.319268		0.209793		0.228503		0.242436		
0.00086471		0.000695687		0.000482572		0.997957		
0.172747		0.169528		0.212983		0.444742		
3.6062e-06		1.75951e-05		3.34862e-05		0.999945		
0.525603		0.180106		0.208358		0.0859329		
0.381196		0.265932		0.00590087		0.346971		
0.307605		0.459137		0.0499432		0.183314		
0.00199867		0.996629		0.000572953		0.000799469		
0.61857		0.0728123		0.269873		0.0387442		
0.323563		0.0578481		0.354416		0.264173		
0.0915649		0.549945		0.185905		0.172586		
0.158913		0.516466		0.226869		0.0977522		
0.207179		0.627204		0.163098		0.00251889		
0.000196371		0.999523		0.000247407		3.27848e-05		
0.00141172		0.000106808		0.997426		0.00105569		
0.00158974		0.99777		0.000402975		0.000237755		
0.00133122		0.000463873		0.99791		0.000294753		
0.000507437		0.99852		0.000553084		0.000419948		
0.265492		0.0169602		0.49576		0.221787		
0.382248		0.378234		0.0544157		0.185103		
0.0842152		0.197972		0.381393		0.33642		
0.223666		0.329343		0.178181		0.26881		
0.167126		0.380585		0.0237176		0.428571		
9.3365e-05		0.00169448		0.996977		0.0012356		
0.000348912		0.997609		0.001827		0.000214715		
0.290744		0.0849365		0.292559		0.33176		
0.114593		0.348702		0.241719		0.294987		
0.361029		0.224378		0.389709		0.024884		
0.0010583		0.0010901		0.997602		0.000250043		
3.09182e-06		0.99984		0.000143151		1.39132e-05		
0.299443		0.463324		0.22052		0.0167131		
8.4939e-05		9.98093e-05		0.999762		5.3533e-05		
0.000422322		0.99852		0.000392873		0.000665274		
0.445825		0.125604		0.359558		0.0690131		
0.195224		0.124337		0.33624		0.3442		
0.43998		0.354238		0.077903		0.127878		
0.000248868		0.999387		0.00010172		0.000262694		
0.189135		0.320423		0.378773		0.11167		
0.110996		0.105834		0.493547		0.289623		
0.456719		0.0454328		0.471545		0.0263032		
0.998039		0.000451587		0.00071392		0.00079543		
0.998102		0.000612686		0.000365835		0.000919916		
0.00124855		0.00142538		0.00108779		0.996238		
2.78616e-05		0.999926		1.73138e-05		2.90434e-05		
0.999426		9.62456e-05		0.000276183		0.00020179		
0.999262		0.00060943		4.00483e-05		8.88027e-05		
0.000211439		0.999582		0.000170661		3.5869e-05		
0.00179639		0.000237933		0.99791		5.55177e-05		
0.269929		0.0378848		0.466456		0.22573		
0.0010953		0.000842884		0.996383		0.00167901		
0.000117735		0.000196516		0.000310749		0.999375		
0.00108013		0.00106575		0.996672		0.00118225		
5.56437e-05		0.999266		0.000581508		9.72237e-05		
0.339577		0.215054		0.313909		0.13146		
0.296559		0.392135		0.0748225		0.236483		
0.000799157		6.75344e-05		0.996629		0.0025044		
0.998152		0.000486458		0.000598786		0.000762412		
0.998367		0.000508882		0.000568193		0.000555737		
0.178523		0.0656635		0.350205		0.405609		
0.329477		0.416452		0.119966		0.134105		
0.00124721		0.000883092		0.996992		0.000877511		
0.00500278		0.288494		0.242913		0.463591		
0.349504		0.180949		0.242564		0.226983		
0.291785		0.201943		0.239579		0.266694		
0.00111306		0.0015911		0.000627877		0.996668		
0.00105178		0.996988		0.00114471		0.000815234		
0.035524		0.333925		0.280639		0.349911		
0.998652		0.00108613		0.000240091		2.14367e-05		
0.000926868		0.996668		0.00155372		0.000851445		
0.570907		0.188071		0.213634		0.0273889		
0.399699		0.111334		0.204112		0.284855		
0.174123		0.252581		0.331039		0.242257		
0.000461795		0.000542159		0.997945		0.00105073		
0.253819		0.0197664		0.350404		0.376011		
0.000762964		0.00128454		0.996918		0.00103453		
0.22975		0.356927		0.193793		0.219531		
0.999664		0.000136733		2.42024e-05		0.000175002		
0.17379		0.221774		0.218145		0.38629		
0.344494		0.283482		0.114955		0.257068		
0.153813		0.205229		0.224837		0.416122		
0.329025		0.260635		0.301023		0.109316		
0.328264		0.0925222		0.294043		0.285171		
0.00124129		2.76149e-05		0.997852		0.000879534		
0.000270922		0.000592552		0.000898245		0.998238		
0.289183		0.512693		0.0860927		0.112031		
0.378817		0.0278315		0.364128		0.229223		
0.194533		0.229613		0.403645		0.17221		
5.19824e-05		2.97357e-05		0.999875		4.32819e-05		
0.3058		0.241945		0.147627		0.304628		
0.99691		0.00101005		0.00123271		0.000847085		
0.00020546		0.00245111		0.997293		5.0464e-05		
0.346882		0.337973		0.091314		0.223831		
0.191337		0.371252		0.0633032		0.374108		
0.415004		0.177363		0.159584		0.248049		
0.119928		0.158702		0.406673		0.314698		
0.000176497		7.77426e-05		0.00174185		0.998004		
0.0589212		0.19834		0.672199		0.0705394		
0.996934		0.00221171		0.000467333		0.000387362		
0.137086		0.275032		0.183068		0.404813		
0.390735		0.30978		0.244268		0.0552176		
0.0336474		0.382907		0.334455		0.248991		
0.469783		0.258837		0.267959		0.00342075		
0.000148673		0.997887		0.0014837		0.000480912		
0.0187234		0.471489		0.359149		0.150638		
0.00158596		0.997105		5.87391e-05		0.00124984		
0.0429185		0.549356		0.237768		0.169957		
0.449761		0.369484		0.0324296		0.148325		
0.433566		0.0504496		0.438062		0.0779221		
0.000626861		0.000278605		0.998148		0.000946096		
0.00184954		0.000862881		1.41456e-05		0.997273		
0.999156		0.000303274		0.000247773		0.000292703		
0.285214		0.280402		0.0621172		0.372266		
0.000534601		0.000742129		0.997828		0.000895145		
0.349981		0.34923		0.230943		0.069846		
0.266784		0.237258		0.334974		0.160984		
0.00127005		0.000227854		0.998137		0.000365376		
0.447898		0.295247		0.059415		0.197441		
0.334345		0.248916		0.217693		0.199046		
0.000889398		0.000267016		0.998687		0.000156086		
0.000760407		0.000327622		0.00107994		0.997832		
0.0659404		0.197248		0.195528		0.541284		
0.364888		0.267355		0.182444		0.185313		
0.000447659		0.998766		0.000493036		0.00029368		
0.409476		0.193017		0.143142		0.254364		
0.197757		0.136595		0.27421		0.391437		
0.0227038		0.392673		0.104747		0.479876		
0.000436953		0.000227112		0.000582029		0.998754		
0.999684		8.90072e-05		0.000101066		0.000126333		
0.997039		0.000977733		0.00105748		0.000925726		
0.0901021		0.138038		0.439414		0.332446		
0.000837415		0.997613		0.0011263		0.000423006		
0.372774		0.485369		0.00636132		0.135496		
0.267781		0.380034		0.0492716		0.302913		
0.256637		0.259735		0.394248		0.0893805		
0.340634		0.018772		0.377395		0.263199		
0.0551905		0.323259		0.320302		0.301248		
0.000533249		0.000477949		0.997707		0.00128177		
0.108434		0.248193		0.194578		0.448795		
0.208478		0.439194		0.102849		0.249479		
0.0714924		0.266309		0.0956211		0.566577		
0.000410454		3.93407e-06		0.998711		0.000874674		
0.183387		0.346278		0.404531		0.0658037		
0.0602935		0.295121		0.326854		0.317731		
0.202849		0.321937		0.417094		0.0581197		
0.000128831		0.000978065		0.998496		0.00039701		
0.000253554		0.998457		0.00114872		0.000140692		
0.00054254		0.000557593		0.000493617		0.998406		
0.000250736		0.997504		0.00222845		1.69036e-05		
0.441589		0.0294393		0.290654		0.238318		
0.000938599		0.997172		0.000285278		0.00160425		
0.249597		0.427111		0.0129102		0.310382		
0.000215641		0.999535		0.00013199		0.000117213		
0.00151209		0.000656099		0.000831811		0.997		
0.000303337		0.000877916		0.997848		0.000971091		
0.222914		0.0535492		0.617061		0.106476		
0.334878		0.0549305		0.397088		0.213104		
0.289352		0.416667		0.249537		0.0444444		
0.178253		0.278075		0.173351		0.370321		
0.000470326		0.997484		0.00158426		0.000461043		
0.188047		0.215258		0.438776		0.15792		
0.000139789		0.00203212		0.000222627		0.997605		
0.00149976		0.000763486		0.996609		0.00112737		
0.996141		0.000138555		0.00186671		0.00185411		
0.997766		0.000835912		0.000731423		0.000667041		
0.539003		0.0249361		0.028133		0.407928		
0.997184		0.000872866		0.000759833		0.00118371		
0.206746		0.241567		0.331157		0.22053		
0.264041		0.198395		0.0255288		0.512035		
0.000769988		0.000239619		0.000720862		0.99827		
0.000296689		0.9985		0.000877334		0.000325976		
9.57101e-05		0.000136053		0.999668		0.000100268		
0.284593		0.342493		0.164868		0.208047		
0.0502481		0.508685		0.166253		0.274814		
0.000526365		0.998812		0.000474873		0.000186262		
0.99868		0.000193528		0.000709275		0.00041751		
8.79963e-05		0.99702		0.00138187		0.0015106		
0.340625		0.271875		0.233333		0.154167		
0.349404		0.288145		0.334657		0.0277935		
0.366624		0.209987		0.203585		0.219804		
0.000297514		0.000267027		0.998805		0.000630772		
0.417593		0.299074		0.0675926		0.215741		
0.999586		0.000204185		2.41892e-05		0.000185688		
0.3882		0.303549		0.101753		0.206499		
0.000243821		0.999617		4.38744e-05		9.5117e-05		
0.00215249		0.000628791		0.000972624		0.996246		
0.221419		0.00594985		0.359116		0.413515		
0.160428		0.331551		0.284611		0.223411		
0.00115664		0.000150867		0.997008		0.00168468		
0.000917854		0.997461		0.00124376		0.000377451		
0.000449834		0.000423502		3.29146e-05		0.999094		
0.362177		0.190901		0.298394		0.148528		
0.00237765		0.000387258		0.996617		0.000617904		
0.31315		0.253823		0.264832		0.168196		
0.293103		0.561831		0.0600476		0.0850178		
0.351235		0.131042		0.364125		0.153598		
0.000416625		0.0010142		0.00068246		0.997887		
0.208282		0.390606		0.320148		0.0809642		
0.000217652		0.000256102		0.000217652		0.999309		
0.000638245		0.000611823		0.000753839		0.997996		
0.119753		0.251852		0.104938		0.523457		
0.00108036		0.000962196		0.00126994		0.996687		
0.00119617		0.562799		0.233254		0.202751		
0.134259		0.42284		0.0365226		0.406379		
0.0446708		0.420063		0.0995298		0.435737		
0.298907		0.179781		0.0775956		0.443716		
0.998684		0.00072074		0.00041978		0.000175886		
1.70742e-05		0.999906		2.80618e-05		4.8614e-05		
0.00100924		0.997469		0.00104004		0.00048197		
0.427347		0.174882		0.374196		0.0235748		
0.000309532		0.000804245		0.000261223		0.998625		
7.31369e-05		0.999754		3.92644e-05		0.000133693		
0.220156		0.191176		0.191609		0.397059		
0.000200032		0.999414		0.000182449		0.000203457		
0.210973		0.287896		0.291855		0.209276		
0.000591059		0.997105		0.000259624		0.00204385		
0.000435815		0.998652		0.000444509		0.000467332		
5.60765e-05		0.999824		8.90154e-05		3.06894e-05		
0.405911		0.0990148		0.14532		0.349754		
0.214423		0.288942		0.414423		0.0822115		
0.000712461		0.000884952		0.997145		0.00125806		
0.323613		0.235563		0.28988		0.150943		
0.126521		0.327494		0.281752		0.264234		
0.997344		0.00163153		0.000374449		0.000650271		
0.000384854		0.99834		0.000645197		0.000630105		
0.059792		0.00606586		0.240901		0.693241		
0.26748		0.110976		0.23252		0.389024		
0.160535		0.222169		0.385571		0.231725		
0.344086		0.0264682		0.25641		0.373036		
0.0914069		0.36984		0.135215		0.403538		
0.0378817		0.384615		0.209123		0.36838		
0.229287		0.240848		0.12203		0.407836		
0.196452		0.286031		0.354767		0.162749		
0.212477		0.434836		0.259419		0.0932674		
0.194368		0.384826		0.236996		0.183809		
1.68703e-05		5.42156e-05		0.000143758		0.999785		
0.00164796		0.996773		0.00031572		0.00126288		
0.000482583		0.000854861		0.99802		0.000643026		
0.289931		0.305556		0.342361		0.0621528		
0.000541871		0.000289074		0.998414		0.000754992		
0.000150934		0.999699		0.000125959		2.38888e-05		
0.14467		0.215736		0.0571066		0.582487		
0.0720098		0.401546		0.248169		0.278275		
0.430736		0.311255		0.0943723		0.163636		
0.998242		0.00103742		0.000547724		0.000172668		
0.371245		0.313305		0.186266		0.129185		
0.221474		0.253846		0.296154		0.228526		
0.0460048		0.284504		0.0677966		0.601695		
0.999086		0.000199752		0.000449443		0.000264868		
0.000976821		0.000383895		0.00112757		0.997512		
0.173258		0.595104		0.204018		0.0276208		
0.2122		0.432742		0.242961		0.112096		
0.160848		0.30611		0.365337		0.167706		
0.382929		0.152052		0.176306		0.288713		
0.999164		0.000403154		0.000366724		6.6059e-05		
9.68685e-06		0.000115362		0.999148		0.000726514		
7.29099e-06		0.000120909		0.0001843		0.999687		
5.76923e-05		0.99975		0.000100477		9.18306e-05		
0.508347		0.267636		0.0786214		0.145396		
0.499022		0.118721		0.287671		0.0945858		
0.000711831		0.997859		0.000655363		0.000773431		
0.00209766		0.996492		0.000828024		0.000582126		
0.00157106		0.000730179		0.00131986		0.996379		
0.00759173		0.248418		0.338254		0.405736		
0.996297		0.0023396		0.000484312		0.000879213		
0.141706		0.0873069		0.204164		0.566823		
0.421578		0.0999001		0.158841		0.31968		
0.00035903		0.000189922		0.998645		0.000806517		
0.118755		0.2402		0.33897		0.302075		
0.161026		0.321368		0.327179		0.190427		
0.00033173		0.000716754		0.0010648		0.997887		
2.93844e-05		0.000206595		0.000318708		0.999445		
0.371981		0.228261		0.209541		0.190217		
0.00128958		4.48043e-05		0.997023		0.00164217		
0.000147053		0.998996		0.000378284		0.00047857		
0.261261		0.210074		0.320229		0.208436		
0.996898		0.000110165		0.00264395		0.000347443		
0.000347315		0.998465		0.000466099		0.000721743		
0.299115		0.128761		0.323451		0.248673		
0.00014502		0.999586		8.88672e-05		0.000180176		
0.440914		0.0109235		0.466733		0.08143		
0.997637		0.00107549		0.000618327		0.000669467		
0.310018		0.409747		0.0852888		0.194946		
0.225886		0.390256		0.173228		0.21063		
0.258648		0.205551		0.154063		0.381738		
0.0876095		0.560075		0.208385		0.14393		
0.275301		0.0852795		0.335103		0.304317		
0.177037		0.257858		0.260103		0.305003		
0.363158		0.40081		0.201215		0.0348178		
0.000418712		0.998867		0.000474098		0.000240003		
0.998887		9.03256e-05		0.000431066		0.00059189		
0.454992		0.267867		0.107474		0.169667		
0.209971		0.124161		0.231064		0.434803		
0.168334		0.42319		0.274868		0.133608		
0.998215		7.41526e-05		0.00120841		0.00050259		
0.998254		0.000750713		0.000224378		0.000771002		
0.00124762		0.99741		0.00080661		0.000535609		
0.511427		0.0512662		0.0549722		0.382335		
0.00114944		0.000280317		0.99777		0.000800715		
0.000180538		0.998293		0.00116542		0.000361077		
0.999094		0.000246751		0.000358911		0.000300588		
0.164251		0.0131125		0.254658		0.567978		
0		0.196284		0.65832		0.145396		
0.000861393		0.00191498		0.000754877		0.996469		
0.222222		0.528637		0.147766		0.101375		
0.301075		0.0330261		0.0837174		0.582181		
0.331065		0.448712		0.106466		0.113758		
0.270206		0.357522		0.20649		0.165782		
0.138669		0.347068		0.304279		0.209984		
3.09899e-05		2.26293e-05		0.999906		4.01308e-05		
0.000269906		0.00175896		0.00028363		0.997687		
0.000261524		0.999359		0.000212824		0.000166277		
0.00497963		0.386148		0.39656		0.212313		
0.286139		0.050495		0.20396		0.459406		
0.191314		0.291098		0.31766		0.199928		
0.108898		0.505312		0.136122		0.249668		
0.129993		0.334462		0.320921		0.214624		
0.00112734		0.00129644		0.996129		0.00144731		
0.0727546		0.364275		0.078274		0.484696		
0.415393		0.0390492		0.537068		0.00848896		
0.000766574		0.00105437		0.998117		6.18638e-05		
0.136607		0.517857		0.158036		0.1875		
0.99991		3.30451e-05		5.47755e-05		2.02317e-06		
0.000751861		0.000447946		0.998395		0.000405662		
0.449099		0.145281		0.097561		0.308059		
0.226213		0.277985		0.0443097		0.451493		
0.997141		0.000224235		0.00133337		0.00130177		
0.0866575		0.103164		0.690509		0.11967		
0.11368		0.315222		0.18921		0.381888		
0.998824		0.000149715		0.000526469		0.000499597		
9.5754e-05		0.000507677		0.00168563		0.997711		
0.000864037		0.997156		0.000905234		0.00107448		
1.38703e-05		0.00150988		0.99727		0.00120672		
0.250623		0.0897756		0.195761		0.46384		
0.240038		0.457993		0.103697		0.198272		
0.0901681		0.165053		0.356088		0.388691		
0.000178886		0.997062		0.00236632		0.000392294		
0.000331441		0.000975039		0.997926		0.000767738		
0.165354		0.740157		0.0649606		0.0295276		
0.130682		0.510417		0.307765		0.0511364		
0.329504		0.140992		0.419843		0.109661		
0.188038		0.355356		0.220094		0.236513		
0.00157808		0.000174658		0.99625		0.00199726		
0.208889		0.332778		0.255556		0.202778		
0.00128264		0.997543		2.97658e-05		0.00114463		
0.996477		6.08072e-05		0.000989806		0.00247282		
0.0475959		0.457504		0.0427392		0.452161		
0.999988		1.47584e-06		6.51944e-06		3.72346e-06		
0.000529326		0.000644649		0.998434		0.000392431		
0.000145741		0.99807		0.00112903		0.000654913		
3.09213e-05		4.37752e-05		6.20223e-05		0.999863		
5.48298e-05		0.000320256		0.000480383		0.999145		
0.515805		0.0912356		0.186063		0.206897		
0.0010927		0.00088531		0.99684		0.00118214		
0.000713947		0.000594701		0.000675727		0.998016		
0.336043		0.107046		0.369467		0.187444		
0.138009		0.206787		0.258371		0.396833		
0.000613906		0.000888303		0.00107201		0.997426		
0.269668		0.315103		0.0778292		0.3374		
0.204949		0.260893		0.344271		0.189887		
0.251773		0.121986		0.520567		0.105674		
0.371365		0.172707		0.188367		0.267562		
0.000921114		0.000988311		0.000930418		0.99716		
0.362971		0.171548		0.298117		0.167364		
0.39263		0.110546		0.188056		0.308767		
0.000977223		0.000826282		0.00141915		0.996777		
0.281877		0.400561		0.053328		0.264234		
0.392873		0.0360848		0.192603		0.378439		
0.472285		0.0469457		0.0650452		0.415724		
0.000490994		0.00176468		0.000924012		0.99682		
0.000649829		0.00133679		0.997707		0.000306348		
0.166939		0.012275		0.378887		0.441899		
0.00084065		0.998195		0.000336721		0.000627316		
0.999723		6.36819e-05		5.11836e-05		0.000162478		
0.367642		0.0581266		0.353573		0.220659		
0.000185556		0.000487154		0.998898		0.000428853		
0.518648		0.29021		0.188811		0.002331		
0.000950544		0.00125221		0.996184		0.00161365		
7.95668e-05		5.45701e-05		0.000193988		0.999672		
0.213953		0.373127		0.0206718		0.392248		
0.376987		0.134746		0.249811		0.238456		
0.00122479		0.00201805		0.000628259		0.996129		
0.000469184		0.00047024		0.000888701		0.998172		
0.489221		0.225539		0.107794		0.177446		
0.156099		0.307379		0.287356		0.249166		
0.256054		0.367336		0.18238		0.19423		
0.060844		0.0363101		0.678116		0.22473		
0.997883		0.000467068		0.00117326		0.000476857		
0.000621085		0.998086		0.000343204		0.000949773		
0.134815		0.164444		0.234074		0.466667		
0.00103344		0.00107983		0.996145		0.0017422		
0.99634		0.00143754		0.000738766		0.00148385		
0.000658859		0.997734		0.000787443		0.000819323		
9.24803e-05		0.99968		6.70635e-05		0.000160769		
0.000528282		0.000737625		0.998094		0.000640342		
0.996734		0.00127961		0.00177195		0.000214061		
0.000331703		0.00091332		0.000188571		0.998566		
0.000473253		0.000163755		0.00123799		0.998125		
0.396005		0.0825011		0.428137		0.0933565		
0.000651105		0.998004		0.000632979		0.00071201		
0.515707		0.103403		0.0484293		0.332461		
0.454123		0.199768		0.0551684		0.290941		
0.000275321		0.000772283		0.00127271		0.99768		
0.997129		0.00226717		0.000360409		0.000243519		
0.0579151		0.135135		0.378807		0.428142		
0.996949		0.00105882		0.00122305		0.000768916		
0.998547		0.0008054		0.000138862		0.000508863		
0.00430802		0.346796		0.506731		0.142165		
0.250973		0.227626		0.214008		0.307393		
0.234866		0.238697		0.245211		0.281226		
9.33782e-05		0.000456516		0.998801		0.000649325		
0.000679442		0.000472749		0.99852		0.000328278		
0.000822527		0.00100408		0.997812		0.000360893		
0.373239		0.259683		0.108715		0.258363		
0.00106434		0.000692527		0.997746		0.000497035		
0.239168		0.432409		0.115251		0.213172		
0.389971		0.20649		0.172271		0.231268		
0.000143335		0.999055		0.000241986		0.000559992		
0.335079		0.147251		0.353403		0.164267		
0.26411		0.465753		0.2		0.070137		
0.270674		0.33426		0.336692		0.0583739		
0.551152		0.0175115		0.250691		0.180645		
0.00105809		0.00127363		0.996355		0.00131282		
0.366098		0.291876		0.317954		0.0240722		
9.27443e-05		0.998055		0.000234179		0.00161839		
1.20218e-05		0.00292932		0.000777411		0.996281		
0.0348226		0.46912		0.0683311		0.427727		
0.289555		0.152842		0.0491551		0.508449		
0.99732		0.00110086		0.00140086		0.000177968		
0.445643		0.0979253		0.427386		0.0290456		
0.399912		0.0604056		0.194885		0.344797		
0.54586		0.0872611		0.109554		0.257325		
0.000401912		0.000386895		0.999121		9.00989e-05		
0.0926829		0.326829		0.368293		0.212195		
0.00113486		8.46519e-05		0.0012883		0.997492		
0.0669349		0.307974		0.286394		0.338698		
0.411449		0.322004		0.105098		0.161449		
0.00038186		0.998547		0.000203506		0.000867759		
2.41638e-06		0.00021989		0.00012535		0.999652		
0.000298438		0.998508		0.000485768		0.000707982		
0.140985		0.279731		0.267263		0.31202		
0.320062		0.131334		0.0879007		0.460703		
0.198533		0.295355		0.125672		0.38044		
0.000657973		0.996316		0.00197392		0.0010517		
9.38086e-05		0.000101187		0.999578		0.00022688		
0.534254		0.130939		0.109392		0.225414		
2.38958e-06		0.999715		0.000196742		8.60248e-05		
0.464336		0.0755245		0.411189		0.048951		
0.000182448		0.99923		0.000126449		0.000460635		
0.150314		0.163522		0.467925		0.218239		
0.999609		0.000167251		0.000209134		1.42401e-05		
0.473974		0.23023		0.10961		0.186186		
0.102541		0.392922		0.283575		0.220962		
0.251804		0.146685		0.327379		0.274133		
0.998023		0.00023113		0.000733241		0.00101219		
0.272806		0.10947		0.305387		0.312337		
0.000927178		0.000388883		0.996926		0.00175816		
0.00206398		0.444788		0.128999		0.424149		
0.311594		0.0335145		0.449275		0.205616		
0.996395		0.00178527		0.00174452		7.56799e-05		
0.0092081		0.46593		0.0816452		0.443217		
0.000902608		0.997121		0.000867212		0.00110909		
0.145304		0.0632014		0.201418		0.590077		
0.0651603		0.250657		0.273778		0.410405		
0.291384		0.32846		0.0250653		0.355091		
0.000773511		0.997734		0.000935341		0.000556773		
0.000114991		0.000106096		0.000103131		0.999676		
0.00094238		0.997523		0.000184938		0.00134924		
0.387344		0.0915628		0.0743049		0.446788		
0.00104704		0.997359		0.000729564		0.000864023		
0.211783		0.476115		0.137739		0.174363		
0.100346		0.551557		0.190311		0.157785		
0.000488303		0.000140572		2.73746e-05		0.999344		
0.102318		0.402878		0.355715		0.139089		
0.434477		0.299472		0.262533		0.00351803		
0.306377		0.392329		0.136322		0.164972		
0.996434		0.00271117		0.000586319		0.000268913		
0.000221354		0.998898		0.000322266		0.000557943		
0.086159		0.22179		0.269038		0.423013		
0.438776		0.0913931		0.179681		0.290151		
8.22401e-05		0.000118016		0.000135681		0.999664		
0.348856		0.21468		0.155485		0.280979		
0.0015432		0.996828		0.00143752		0.000191152		
0.00177955		0.000214603		0.99759		0.000416		
0.000242239		0.000766616		0.00113568		0.997855		
0.142751		0.255019		0.0104089		0.591822		
0.108857		0.480054		0.00270453		0.408384		
0.999215		0.000145846		0.000200127		0.000439183		
0.997492		0.000964622		0.000626697		0.000916493		
0.000340875		0.997355		0.000621272		0.00168238		
0.000102797		0.999543		0.000306077		4.81573e-05		
0.000768663		0.998215		0.000325278		0.000691216		
0.388535		0.414013		0.142402		0.05505		
0.0755968		0.486074		0.179045		0.259284		
0.3		0.0972789		0.292857		0.309864		
0.138866		0.0562859		0.400575		0.404273		
0.0004051		0.00126972		0.997125		0.00120018		
0.210587		0.210201		0.23068		0.348532		
0.164244		0.295058		0.204578		0.336119		
0.462432		0.449454		0.0416667		0.0464481		
0.342411		0.256354		0.0911402		0.310094		
0.38		0.221935		0.0283871		0.369677		
0.996953		0.000954241		0.00162723		0.000465402		
0.000577542		0.00181749		0.996605		0.000999501		
0.258073		0.272426		0.268838		0.200662		
0.996156		0.0030934		0.000155732		0.000594613		
0.137186		0.145729		0.28392		0.433166		
0.000528037		0.00135572		0.000495149		0.997621		
0.0238871		0.326457		0.310894		0.338762		
0.000659703		0.000667619		0.000457834		0.998215		
0.284106		0.145293		0.291951		0.278649		
2.53776e-06		0.000999879		0.000142115		0.998855		
0.277298		0.256088		0.219167		0.247447		
0.00132962		0.996406		0.00140719		0.000856943		
0.339616		0.26148		0.245374		0.15353		
0.263329		0.142327		0.405192		0.189152		
0.998828		0.000471212		0.000426405		0.000274258		
0.436903		0.173454		0.131222		0.258421		
0.326485		0.0805108		0.20322		0.389783		
0.000681927		0.00207333		0.000272082		0.996973		
0.261281		0.0534934		0.360262		0.324964		
0.27878		0.329467		0.0528351		0.338918		
0.27292		0.0691114		0.449224		0.208745		
0.360353		0.269635		0.213776		0.156237		
0.0634402		0.568999		0.268803		0.0987574		
0.00102238		0.001035		0.997898		4.4177e-05		
0.135135		0.33462		0.237452		0.292793		
2.68342e-05		6.00091e-06		0.99993		3.74774e-05		
0.120504		0.294722		0.348902		0.235871		
0.301342		0.148841		0.230175		0.319642		
0.329554		0.148904		0.464097		0.0574452		
0.18685		0.306609		0.194566		0.311976		
0.0765912		0.243258		0.357605		0.322546		
0.0387324		0.201878		0.119718		0.639671		
0.000740245		0.000444738		0.000975173		0.99784		
5.77622e-05		5.27366e-05		5.35636e-05		0.999836		
0.000582774		0.998523		0.000617499		0.000276289		
0.99707		0.00145667		0.00132587		0.000147153		
0.612364		0.356364		0.0203636		0.0109091		
0.213487		0.329732		0.185544		0.271237		
0.000633725		0.996879		0.00153678		0.000950587		
0.0129577		0.541972		0.0208451		0.424225		
0.298013		0.210081		0.179912		0.311994		
0.0936864		0.1222		0.38425		0.399864		
0.187932		0.198987		0.256103		0.356978		
0.186579		0.256012		0.33941		0.217998		
0.000594907		0.00107928		0.000962533		0.997363		
0.000575636		0.999047		0.000234419		0.00014307		
0.0978845		0.251703		0.311223		0.33919		
0.998437		0.000749157		0.000551809		0.000261534		
0.998109		0.000768143		0.000786063		0.000336419		
0.00132081		0.000284483		0.000453297		0.997941		
0.00179199		0.00108007		0.996262		0.00086622		
0.000817845		0.000855079		0.000717701		0.997609		
0.263497		0.294479		0.137423		0.304601		
0.000616659		0.000784085		0.00141566		0.997184		
0.406982		0.0110243		0.261369		0.320625		
0.997066		0.000733398		0.000155338		0.00204486		
0.274791		0.283751		0.188172		0.253286		
0.00172843		0.00127371		0.996281		0.000716609		
0.000640803		0.000282341		0.998691		0.00038545		
0.00105951		0.00117757		0.00120824		0.996555		
0.000762684		0.00107069		0.996805		0.00136194		
0.3335		0.477216		0.118678		0.0706059		
2.05714e-05		1.63636e-05		1.38462e-05		0.999949		
0.000150376		0.00014281		0.000132596		0.999574		
0.000705377		0.00125615		0.000636128		0.997402		
0.00254354		0.00098392		6.62925e-05		0.996406		
0.996355		0.00061497		0.00211187		0.000917688		
0.486564		0.381958		0.0556622		0.0758157		
0.000893635		0.000203225		0.000637515		0.998266		
0.000224854		0.00161274		0.00176006		0.996402		
9.15474e-06		4.41389e-05		2.09251e-05		0.999926		
0.0304838		0.604374		0.235918		0.129225		
0.99768		0.00157946		0.000173209		0.000567645		
0.000787357		0.997918		0.000430205		0.000864469		
0.19627		0.390844		0.113607		0.299279		
0.00111243		0.00174318		0.000632669		0.996512		
0.00104111		0.000708037		0.00191882		0.996332		
0.282909		0.0456476		0.424628		0.246815		
0.999012		0.000316177		0.000359126		0.000312979		
0.000291933		0.999176		0.000241427		0.000290859		
0.00103633		0.00148676		0.997137		0.000340192		
0.150632		0.176871		0.517979		0.154519		
0.000511898		6.24689e-05		0.000296727		0.999129		
0.427647		0.403606		0.134535		0.0342117		
0.0413756		0.407845		0.206878		0.343901		
0.102238		0.339268		0.234486		0.324008		
0.000545907		0.00108938		0.996145		0.00222018		
0.997543		0.000646867		0.00175959		5.05781e-05		
0.000548332		0.00280458		0.000158806		0.996488		
0.114358		0.24131		0.31335		0.330982		
4.23399e-06		0.999969		9.93835e-06		1.70777e-05		
0.997852		0.000541262		0.00120157		0.000405601		
0.00149954		0.996957		0.00105334		0.000490094		
0.254274		0.400855		0.312821		0.0320513		
0.424762		0.304762		0.113016		0.15746		
0.33154		0.374586		0.227235		0.0666391		
0.500952		0.0469841		0.329524		0.12254		
0.00025254		0.999078		0.000271532		0.000397802		
0.407008		0.425427		0.089398		0.0781671		
0.147887		0.112676		0.516097		0.22334		
0.191879		0.252246		0.274524		0.281351		
0.408463		0.306459		0.250334		0.0347439		
0.245204		0.175794		0.266132		0.312871		
0.00154128		0.00139539		0.996098		0.000965675		
0.320816		0.227347		0.06		0.391837		
0.998852		0.000215864		0.000923003		9.57031e-06		
0.00125867		0.996398		0.00134806		0.000994827		
0.509744		0.123077		0.161026		0.206154		
0.00028596		0.000745146		0.996406		0.00256264		
1.85534e-05		0.99941		0.000223414		0.000347876		
0.427101		0.240137		0.28988		0.0428816		
5.96334e-05		7.27588e-05		0.999855		1.21391e-05		
0.3708		0.0837827		0.383243		0.162173		
0.0399211		0.465254		0.320848		0.173977		
0.997047		0.00151133		0.000853022		0.000588771		
0.997812		0.00190341		0.000235795		4.82955e-05		
0.281454		0.0195713		0.40028		0.298695		
0.34403		0.328502		0.324707		0.00276052		
0.999441		0.000292691		8.43348e-05		0.000181568		
0.00058024		0.00192037		0.00071033		0.996789		
0.0636516		0.45952		0.461753		0.0150754		
0.00123849		0.00175895		0.99668		0.000322875		
0.999125		0.000568028		0.000289918		1.7054e-05		
0.000903446		0.000533335		0.000832751		0.99773		
0.996566		0.00166092		0.00115417		0.000618509		
0.998848		0.000614266		0.000280943		0.000257135		
0.493056		0.215278		0.0694444		0.222222		
0.0737307		0.429139		0.110817		0.386313		
0.515		0.15		0.081875		0.253125		
0.000437579		0.000677987		0.998625		0.000259434		
0.292612		0.0487687		0.296475		0.362144		
0.00162165		0.996504		5.61772e-06		0.00186883		
0.390258		0.0575117		0.146127		0.406103		
0.111223		0.474585		0.248113		0.16608		
0.385181		0.242249		0.275355		0.0972149		
0.284486		0.283411		0.326048		0.106055		
